Date,Open,High,Low,Close,Adj Close,Volume
2018-10-01,34.500000,34.500000,32.849998,33.000000,29.533613,1034829
2018-10-02,33.049999,33.200001,30.700001,31.000000,27.743696,736897
2018-10-03,31.000000,31.000000,28.500000,28.900000,25.864285,1972471
2018-10-04,28.500000,28.549999,27.500000,27.500000,24.611343,1304929
2018-10-05,27.000000,27.000000,24.750000,24.799999,22.194956,2975268
2018-10-08,24.799999,25.450001,24.549999,25.400000,22.731932,887599
2018-10-09,25.100000,25.350000,23.549999,23.600000,21.121008,799569
2018-10-11,21.400000,21.799999,21.250000,21.250000,19.017857,1165271
2018-10-12,19.500000,20.600000,19.299999,20.299999,18.167646,1764400
2018-10-15,19.799999,20.200001,19.750000,20.000000,17.899158,441305
2018-10-16,19.350000,20.700001,19.350000,20.299999,18.167646,515797
2018-10-17,20.950001,20.950001,20.200001,20.200001,18.078152,368740
2018-10-18,20.000000,20.200001,19.500000,19.500000,17.451681,298100
2018-10-19,19.200001,19.200001,17.549999,17.799999,15.930251,1514744
2018-10-22,17.600000,19.549999,17.400000,19.549999,17.496428,995700
2018-10-23,19.549999,20.150000,19.200001,19.700001,17.630672,1154477
2018-10-24,19.549999,20.750000,19.200001,20.350000,18.212395,812284
2018-10-25,19.600000,20.000000,19.299999,19.299999,17.272688,691086
2018-10-26,19.850000,19.850000,18.299999,18.600000,16.646219,620909
2018-10-29,18.650000,18.700001,17.250000,17.350000,15.527521,1103003
2018-10-30,17.400000,17.799999,17.250000,17.500000,15.661764,451914
2018-10-31,17.799999,18.100000,17.750000,18.100000,16.198740,634948
2018-11-01,18.150000,18.650000,18.100000,18.299999,16.377729,567968
2018-11-02,18.549999,18.900000,18.150000,18.350000,16.422480,845672
2018-11-05,18.299999,18.500000,18.250000,18.299999,16.377729,132495
2018-11-06,18.299999,18.600000,18.250000,18.250000,16.332983,202042
2018-11-07,18.400000,18.450001,18.200001,18.450001,16.511974,224249
2018-11-08,18.900000,18.900000,18.450001,18.500000,16.556723,428032
2018-11-09,18.700001,18.700001,18.250000,18.250000,16.332983,122312
2018-11-12,18.250000,18.450001,18.200001,18.200001,16.288235,126194
2018-11-13,17.799999,18.000000,17.549999,17.950001,16.064497,291807
2018-11-14,17.950001,17.950001,17.799999,17.850000,15.975000,286623
2018-11-15,17.850000,19.450001,17.850000,18.650000,16.690966,1022639
2018-11-16,18.650000,19.000000,18.500000,18.700001,16.735714,446564
2018-11-19,18.700001,18.750000,18.500000,18.600000,16.646219,140443
2018-11-20,18.450001,18.500000,18.200001,18.400000,16.467226,224786
2018-11-21,18.250000,18.400000,18.100000,18.250000,16.332983,128538
2018-11-22,18.299999,19.500000,18.299999,18.600000,16.646219,921385
2018-11-23,18.900000,18.950001,18.400000,18.450001,16.511974,216328
2018-11-26,18.549999,18.799999,18.350000,18.450001,16.511974,205054
2018-11-27,18.500000,18.650000,18.350000,18.650000,16.690966,361151
2018-11-28,18.600000,18.850000,18.549999,18.799999,16.825209,433887
2018-11-29,19.049999,20.650000,19.049999,19.799999,17.720167,2489629
2018-11-30,19.600000,21.750000,19.600000,21.750000,19.465336,3395259
2018-12-03,23.000000,23.250000,21.850000,22.100000,19.778572,3405016
2018-12-04,22.100000,22.400000,21.500000,21.650000,19.375839,920774
2018-12-05,21.049999,21.400000,20.900000,21.049999,18.838865,682686
2018-12-06,21.150000,21.400000,20.000000,20.000000,17.899158,869752
2018-12-07,20.400000,20.600000,20.150000,20.200001,18.078152,430133
2018-12-10,19.799999,19.900000,19.350000,19.500000,17.451681,397458
2018-12-11,19.549999,19.850000,19.500000,19.650000,17.585924,265876
2018-12-12,19.900000,20.400000,19.900000,20.299999,18.167646,423717
2018-12-13,20.350000,20.400000,20.000000,20.100000,17.988655,240172
2018-12-14,20.049999,20.150000,19.950001,20.150000,18.033403,251866
2018-12-17,20.049999,20.450001,20.000000,20.299999,18.167646,333035
2018-12-18,20.350000,20.350000,20.000000,20.000000,17.899158,187946
2018-12-19,20.000000,20.200001,19.650000,19.799999,17.720167,235828
2018-12-20,19.750000,19.750000,18.799999,19.000000,17.004202,576912
2018-12-21,18.799999,19.450001,18.799999,19.450001,17.406933,356398
2018-12-24,19.799999,19.799999,19.350000,19.400000,17.362185,252718
2018-12-25,19.100000,19.150000,18.799999,19.000000,17.004202,207402
2018-12-26,19.100000,19.350000,18.850000,18.850000,16.869957,155273
2018-12-27,19.350000,19.350000,18.900000,18.900000,16.914705,261627
2018-12-28,19.000000,19.150000,18.850000,19.100000,17.093697,335475
2019-01-02,19.900000,19.900000,19.200001,19.299999,17.272688,961920
2019-01-03,19.299999,19.350000,19.000000,19.000000,17.004202,124438
2019-01-04,18.700001,18.700001,18.299999,18.600000,16.646219,244520
2019-01-07,18.900000,19.000000,18.799999,18.950001,16.959454,209044
2019-01-08,18.850000,18.850000,18.700001,18.750000,16.780462,172171
2019-01-09,18.950001,19.250000,18.950001,19.049999,17.048948,185091
2019-01-10,19.000000,19.049999,18.850000,18.900000,16.914705,166536
2019-01-11,19.200001,19.200001,18.900000,18.900000,16.914705,173179
2019-01-14,18.950001,19.000000,18.700001,18.750000,16.780462,173311
2019-01-15,18.750000,18.900000,18.700001,18.900000,16.914705,176410
2019-01-16,18.750000,19.000000,18.750000,18.850000,16.869957,132461
2019-01-17,18.900000,19.250000,18.799999,19.250000,17.227942,347206
2019-01-18,19.200001,19.750000,19.150000,19.350000,17.317436,432197
2019-01-21,19.400000,19.400000,19.200001,19.350000,17.317436,279121
2019-01-22,19.350000,19.549999,19.250000,19.250000,17.227942,200631
2019-01-23,19.200001,19.250000,19.100000,19.150000,17.138445,218081
2019-01-24,19.200001,19.299999,19.150000,19.250000,17.227942,133032
2019-01-25,19.200001,19.299999,19.100000,19.150000,17.138445,163172
2019-01-28,19.150000,19.299999,19.150000,19.150000,17.138445,156531
2019-01-29,19.049999,19.150000,18.900000,19.049999,17.048948,171716
2019-01-30,19.100000,19.250000,18.900000,18.950001,16.959454,365951
2019-02-11,19.000000,19.200001,18.900000,19.049999,17.048948,225201
2019-02-12,19.049999,19.150000,19.000000,19.100000,17.093697,228711
2019-02-13,19.200001,19.700001,19.200001,19.600000,17.541176,566927
2019-02-14,19.950001,20.350000,19.950001,20.200001,18.078152,1232118
2019-02-15,20.299999,20.500000,19.850000,20.000000,17.899158,514858
2019-02-18,20.350000,20.750000,20.250000,20.350000,18.212395,589185
2019-02-19,20.350000,20.400000,20.150000,20.200001,18.078152,341929
2019-02-20,20.299999,20.650000,20.200001,20.400000,18.257141,585837
2019-02-21,20.549999,21.900000,20.299999,21.450001,19.196850,2012388
2019-02-22,21.500000,21.750000,21.150000,21.299999,19.062603,802631
2019-02-25,21.450001,21.549999,21.250000,21.299999,19.062603,509038
2019-02-26,21.650000,21.700001,21.150000,21.200001,18.973110,652264
2019-02-27,21.200001,21.250000,20.750000,20.799999,18.615126,553944
2019-03-04,20.900000,20.900000,20.500000,20.549999,18.391386,653218
2019-03-05,20.600000,22.000000,20.600000,22.000000,19.689075,2222585
2019-03-06,22.900000,23.700001,22.799999,23.400000,20.942017,9396848
2019-03-07,23.900000,24.700001,23.600000,24.450001,21.881723,12783850
2019-03-08,23.900000,24.700001,23.750000,24.000000,21.478991,2901583
2019-03-11,24.000000,26.400000,23.850000,26.400000,23.626890,7891345
2019-03-12,26.700001,27.700001,25.700001,26.100000,23.358402,10411039
2019-03-13,26.000000,27.000000,25.900000,26.250000,23.492647,5090717
2019-03-14,26.200001,26.500000,25.350000,25.350000,22.687185,3218179
2019-03-15,25.500000,25.700001,24.750000,24.799999,22.194956,2342680
2019-03-18,25.049999,25.600000,24.750000,25.100000,22.463446,1658936
2019-03-19,25.200001,25.600000,24.900000,25.400000,22.731932,1154102
2019-03-20,25.650000,26.100000,25.200001,25.200001,22.552940,1785498
2019-03-21,25.450001,25.500000,25.150000,25.150000,22.508192,1085166
2019-03-22,25.299999,25.500000,24.500000,24.500000,21.926470,1588918
2019-03-25,23.799999,24.000000,23.799999,23.850000,21.344748,1059024
2019-03-26,23.950001,25.200001,23.950001,25.000000,22.373949,1886541
2019-03-27,24.950001,25.400000,24.750000,24.750000,22.150209,1108755
2019-03-28,24.750000,25.000000,24.500000,24.549999,21.971218,645744
2019-03-29,25.299999,25.650000,24.850000,25.600000,22.910925,2022696
2019-04-01,26.700001,26.700001,25.750000,25.850000,23.134665,3156694
2019-04-02,25.100000,25.350000,25.000000,25.049999,22.418695,2290323
2019-04-03,25.200001,25.850000,25.100000,25.250000,22.597689,2314815
2019-04-08,25.600000,25.750000,25.250000,25.250000,22.597689,1280848
2019-04-09,25.250000,25.299999,24.900000,24.900000,22.284452,1296742
2019-04-10,25.000000,26.049999,24.700001,25.850000,23.134665,1666882
2019-04-11,25.500000,26.200001,25.100000,25.100000,22.463446,2893662
2019-04-12,25.299999,25.299999,24.600000,24.600000,22.015966,1036290
2019-04-15,24.850000,25.150000,24.799999,24.900000,22.284452,832466
2019-04-16,24.750000,25.150000,24.750000,25.000000,22.373949,640677
2019-04-17,25.100000,25.450001,25.000000,25.100000,22.463446,1125138
2019-04-18,25.450001,25.450001,24.950001,24.950001,22.329203,840713
2019-04-19,25.250000,25.250000,24.700001,24.700001,22.105463,925282
2019-04-22,24.950001,25.400000,24.950001,25.299999,22.642435,1033530
2019-04-23,25.350000,25.450001,25.049999,25.250000,22.597689,555136
2019-04-24,25.450001,25.500000,25.200001,25.200001,22.552940,637269
2019-04-25,25.250000,25.600000,25.200001,25.200001,22.552940,1068023
2019-04-26,25.200001,25.200001,24.950001,25.000000,22.373949,973951
2019-04-29,24.950001,25.150000,24.600000,24.600000,22.015966,682625
2019-04-30,24.549999,24.549999,24.299999,24.350000,21.792227,636841
2019-05-02,24.350000,25.100000,24.350000,25.000000,22.373949,668719
2019-05-03,25.049999,25.200001,25.049999,25.200001,22.552940,513177
2019-05-06,24.900000,25.049999,24.750000,24.799999,22.194956,521612
2019-05-07,24.900000,25.049999,24.850000,24.850000,22.239706,306904
2019-05-08,24.650000,24.700001,24.549999,24.650000,22.060713,226360
2019-05-09,24.650000,24.799999,24.000000,24.100000,21.568487,672350
2019-05-10,24.100000,24.600000,23.799999,23.950001,21.434244,623238
2019-05-13,23.950001,24.000000,22.100000,22.150000,19.823318,1965989
2019-05-14,21.900000,22.200001,21.299999,22.000000,19.689075,656440
2019-05-15,22.200001,22.600000,22.200001,22.500000,20.136555,450393
2019-05-16,22.000000,22.200001,21.500000,21.650000,19.375839,1052539
2019-05-17,21.900000,21.900000,21.000000,21.250000,19.017857,958671
2019-05-20,21.250000,21.299999,20.700001,20.850000,18.659874,490934
2019-05-21,20.750000,21.100000,20.700001,21.000000,18.794117,449602
2019-05-22,21.049999,21.250000,21.000000,21.000000,18.794117,227601
2019-05-23,21.000000,21.000000,20.450001,20.450001,18.301891,534009
2019-05-24,20.400000,20.700001,20.400000,20.650000,18.480881,470398
2019-05-27,20.650000,21.400000,20.500000,21.200001,18.973110,421946
2019-05-28,21.200001,21.299999,21.049999,21.250000,19.017857,182332
2019-05-29,21.250000,21.299999,21.049999,21.250000,19.017857,192840
2019-05-30,21.350000,21.500000,21.250000,21.400000,19.152100,163980
2019-05-31,21.450001,21.600000,21.450001,21.500000,19.241596,376549
2019-06-03,21.500000,21.500000,21.000000,21.100000,18.883614,265765
2019-06-04,21.100000,21.250000,20.900000,20.950001,18.749371,396968
2019-06-05,21.200001,21.200001,20.950001,20.950001,18.749371,123041
2019-06-06,20.950001,21.000000,20.650000,20.700001,18.525631,303323
2019-06-10,21.150000,21.150000,20.750000,20.799999,18.615126,169851
2019-06-11,20.950001,21.049999,20.850000,20.900000,18.704620,160782
2019-06-12,21.000000,21.200001,20.850000,21.200001,18.973110,333105
2019-06-13,21.250000,21.250000,20.950001,21.100000,18.883614,305618
2019-06-14,21.100000,21.250000,21.049999,21.100000,18.883614,198998
2019-06-17,21.100000,21.200001,21.000000,21.049999,18.838865,192420
2019-06-18,21.250000,21.250000,21.049999,21.049999,18.838865,172903
2019-06-19,21.299999,21.400000,21.150000,21.299999,19.062603,292458
2019-06-20,21.350000,22.150000,21.350000,22.049999,19.733822,856994
2019-06-21,22.200001,22.400000,21.799999,21.850000,19.554832,561661
2019-06-24,22.000000,22.100000,21.900000,22.000000,19.689075,261610
2019-06-25,22.100000,22.100000,21.799999,21.900000,19.599579,211665
2019-06-26,21.900000,22.049999,21.850000,21.850000,19.554832,137482
2019-06-27,21.950001,22.049999,21.900000,22.049999,19.733822,229933
2019-06-28,22.049999,22.100000,21.900000,21.950001,19.644327,173573
2019-07-01,22.049999,22.400000,21.850000,22.049999,19.733822,438182
2019-07-02,22.100000,22.200001,22.049999,22.150000,19.823318,188918
2019-07-03,22.150000,22.600000,22.100000,22.400000,20.047058,353384
2019-07-04,22.400000,22.900000,22.400000,22.650000,20.270798,442679
2019-07-05,22.700001,23.150000,22.650000,23.000000,20.584034,565309
2019-07-08,23.000000,23.299999,22.950001,23.000000,20.584034,242051
2019-07-09,23.000000,23.200001,22.799999,22.950001,20.539286,283729
2019-07-10,22.850000,23.100000,22.549999,22.900000,20.494537,635460
2019-07-11,23.000000,23.100000,22.850000,22.850000,20.449789,317126
2019-07-12,22.950001,23.000000,22.850000,22.850000,20.449789,296293
2019-07-15,22.900000,23.150000,22.850000,23.049999,20.628780,253854
2019-07-16,23.150000,23.950001,23.150000,23.750000,21.255251,917723
2019-07-17,23.850000,24.049999,23.650000,24.000000,21.478991,520507
2019-07-18,23.950001,24.450001,23.950001,24.200001,21.657984,837114
2019-07-19,24.299999,24.500000,24.150000,24.250000,21.702730,451762
2019-07-22,24.250000,24.400000,24.049999,24.150000,21.613234,388587
2019-07-23,24.299999,24.350000,24.200001,24.200001,21.657984,448084
2019-07-24,24.350000,24.549999,24.299999,24.450001,21.881723,580735
2019-07-25,24.450001,24.600000,24.400000,24.600000,22.015966,533542
2019-07-26,24.600000,24.799999,24.500000,24.650000,22.060713,431083
2019-07-29,24.650000,24.950001,24.650000,24.950001,22.329203,864346
2019-07-30,25.100000,25.200001,24.350000,24.549999,21.971218,1055264
2019-07-31,24.700001,24.700001,24.200001,24.400000,21.836973,468771
2019-08-01,24.150000,24.350000,24.000000,24.150000,21.613234,597739
2019-08-02,24.150000,24.150000,23.700001,23.799999,21.299999,1317133
2019-08-05,21.100000,21.450001,20.650000,20.650000,20.650000,706299
2019-08-06,20.400000,20.700001,19.900000,20.700001,20.700001,474563
2019-08-07,20.799999,21.299999,20.600000,20.600000,20.600000,444386
2019-08-08,20.650000,20.950001,20.549999,20.700001,20.700001,222309
2019-08-12,21.000000,21.000000,20.400000,20.799999,20.799999,272653
2019-08-13,20.600000,20.600000,20.299999,20.350000,20.350000,301838
2019-08-14,20.500000,20.700001,20.350000,20.500000,20.500000,282556
2019-08-15,20.250000,20.250000,19.799999,19.850000,19.850000,915710
2019-08-16,19.850000,20.100000,19.700001,20.049999,20.049999,557013
2019-08-19,20.150000,20.200001,20.049999,20.100000,20.100000,205041
2019-08-20,20.150000,20.150000,19.850000,19.950001,19.950001,220197
2019-08-21,19.950001,20.549999,19.900000,20.200001,20.200001,1042765
2019-08-22,20.400000,20.400000,20.100000,20.200001,20.200001,242367
2019-08-23,20.200001,20.200001,20.049999,20.100000,20.100000,126742
2019-08-26,19.950001,19.950001,19.799999,19.850000,19.850000,297156
2019-08-27,19.950001,20.049999,19.850000,19.950001,19.950001,245157
2019-08-28,19.950001,20.100000,19.950001,20.000000,20.000000,136500
2019-08-29,20.000000,20.350000,20.000000,20.299999,20.299999,151995
2019-08-30,20.299999,20.400000,20.200001,20.299999,20.299999,220655
2019-09-02,20.299999,20.500000,20.200001,20.450001,20.450001,244179
2019-09-03,20.450001,20.600000,20.250000,20.250000,20.250000,315604
2019-09-04,20.250000,20.400000,20.150000,20.400000,20.400000,220824
2019-09-05,20.450001,20.799999,20.350000,20.500000,20.500000,946616
2019-09-06,20.650000,20.650000,20.400000,20.400000,20.400000,130052
2019-09-10,20.200001,20.200001,20.049999,20.150000,20.150000,167041
2019-09-11,20.100000,20.350000,20.100000,20.150000,20.150000,161315
2019-09-12,20.150000,20.299999,20.150000,20.200001,20.200001,148042
2019-09-16,20.200001,20.250000,20.100000,20.100000,20.100000,126650
2019-09-17,20.100000,20.150000,20.000000,20.150000,20.150000,139360
2019-09-18,20.150000,20.700001,20.100000,20.549999,20.549999,415542
2019-09-19,20.650000,20.700001,20.350000,20.500000,20.500000,193877
2019-09-20,20.500000,20.600000,20.350000,20.600000,20.600000,160547
2019-09-23,20.600000,21.100000,20.350000,20.799999,20.799999,1252833
2019-09-24,20.950001,21.350000,20.600000,20.600000,20.600000,715466
2019-09-25,20.650000,20.650000,20.400000,20.450001,20.450001,267214
2019-09-26,20.500000,20.549999,20.350000,20.450001,20.450001,262885
2019-09-27,20.400000,20.549999,20.150000,20.150000,20.150000,249683
2019-10-01,20.150000,20.200001,20.000000,20.100000,20.100000,192351
2019-10-02,20.049999,20.100000,19.950001,20.000000,20.000000,242736
2019-10-03,19.850000,19.950001,19.799999,19.850000,19.850000,159890
2019-10-04,19.850000,20.049999,19.850000,19.900000,19.900000,203975
2019-10-07,19.900000,20.000000,19.750000,19.750000,19.750000,310070
2019-10-08,20.299999,21.100000,20.250000,20.799999,20.799999,1900061
2019-10-09,20.750000,21.049999,20.700001,20.700001,20.700001,799543
2019-10-14,21.299999,21.299999,20.799999,20.900000,20.900000,874977
2019-10-15,20.900000,21.049999,20.600000,20.600000,20.600000,355461
2019-10-16,20.799999,21.100000,20.700001,20.799999,20.799999,485453
2019-10-17,20.900000,21.049999,20.700001,20.799999,20.799999,166099
2019-10-18,20.799999,20.799999,20.600000,20.650000,20.650000,255021
2019-10-21,20.700001,20.700001,20.549999,20.549999,20.549999,275067
2019-10-22,20.750000,22.350000,20.750000,22.200001,22.200001,4414338
2019-10-23,22.200001,22.299999,21.600000,21.900000,21.900000,1339355
2019-10-24,21.850000,22.049999,21.500000,21.600000,21.600000,562248
2019-10-25,21.600000,22.049999,21.400000,21.549999,21.549999,582544
2019-10-28,21.700001,21.750000,21.400000,21.500000,21.500000,545686
2019-10-29,21.600000,21.750000,21.299999,21.350000,21.350000,462857
2019-10-30,21.350000,21.600000,21.299999,21.350000,21.350000,327358
2019-10-31,21.450001,21.450001,21.000000,21.150000,21.150000,380801
2019-11-01,21.150000,21.600000,21.150000,21.299999,21.299999,276870
2019-11-04,21.500000,21.500000,21.100000,21.200001,21.200001,376336
2019-11-05,21.250000,21.350000,21.049999,21.250000,21.250000,375647
2019-11-06,21.299999,21.350000,21.049999,21.049999,21.049999,271687
2019-11-07,21.049999,21.200001,20.799999,20.900000,20.900000,455075
2019-11-08,20.900000,21.100000,20.799999,21.100000,21.100000,290162
2019-11-11,21.100000,21.100000,20.700001,20.700001,20.700001,305832
2019-11-12,20.950001,21.000000,20.700001,20.750000,20.750000,121010
2019-11-13,20.750000,20.750000,20.400000,20.500000,20.500000,364381
2019-11-14,20.600000,20.600000,20.200001,20.200001,20.200001,201478
2019-11-15,20.299999,20.350000,20.200001,20.200001,20.200001,370840
2019-11-18,20.049999,20.250000,20.049999,20.200001,20.200001,244302
2019-11-19,20.200001,20.299999,20.200001,20.250000,20.250000,201944
2019-11-20,20.299999,20.350000,20.200001,20.250000,20.250000,189156
2019-11-21,20.250000,20.400000,20.200001,20.299999,20.299999,156462
2019-11-22,20.299999,20.400000,20.100000,20.100000,20.100000,263151
2019-11-25,20.150000,20.299999,20.100000,20.150000,20.150000,100840
2019-11-26,20.150000,20.250000,20.100000,20.150000,20.150000,162475
2019-11-27,20.200001,20.250000,20.100000,20.200001,20.200001,227773
2019-11-28,20.250000,20.450001,20.150000,20.200001,20.200001,173783
2019-11-29,20.299999,20.350000,20.100000,20.200001,20.200001,208444
2019-12-02,20.200001,20.200001,20.049999,20.150000,20.150000,179797
2019-12-03,20.049999,20.150000,20.049999,20.150000,20.150000,195639
2019-12-04,20.049999,20.150000,19.950001,20.150000,20.150000,147472
2019-12-05,20.150000,20.250000,20.049999,20.100000,20.100000,233771
2019-12-06,20.200001,20.200001,20.100000,20.100000,20.100000,188191
2019-12-09,20.200001,21.400000,20.200001,20.799999,20.799999,1139754
2019-12-10,20.799999,20.950001,20.500000,20.549999,20.549999,294650
2019-12-11,20.850000,20.850000,20.600000,20.600000,20.600000,249279
2019-12-12,20.750000,20.750000,20.500000,20.549999,20.549999,274279
2019-12-13,20.850000,20.850000,20.400000,20.500000,20.500000,321220
2019-12-16,20.500000,20.799999,20.500000,20.700001,20.700001,5706
2019-12-17,20.750000,20.799999,20.600000,20.700001,20.700001,408907
2019-12-18,20.750000,20.900000,20.700001,20.750000,20.750000,487509
2019-12-19,20.750000,20.850000,20.700001,20.750000,20.750000,145671
2019-12-20,20.750000,20.900000,20.700001,20.900000,20.900000,222671
2019-12-23,20.850000,20.850000,20.700001,20.700001,20.700001,134429
2019-12-24,20.700001,20.700001,20.600000,20.700001,20.700001,200358
2019-12-25,20.850000,20.850000,20.650000,20.799999,20.799999,146971
2019-12-26,20.799999,20.799999,20.600000,20.600000,20.600000,181097
2019-12-27,20.700001,21.200001,20.700001,20.850000,20.850000,1336688
2019-12-30,20.950001,21.000000,20.700001,20.799999,20.799999,232317
2019-12-31,20.799999,20.900000,20.500000,20.600000,20.600000,285231
2020-01-02,20.650000,21.049999,20.650000,20.850000,20.850000,1213557
2020-01-03,20.950001,20.950001,20.400000,20.500000,20.500000,511605
2020-01-06,20.500000,20.549999,19.950001,20.049999,20.049999,528640
2020-01-07,20.100000,20.200001,20.049999,20.049999,20.049999,264307
2020-01-08,20.000000,20.100000,19.900000,19.950001,19.950001,247905
2020-01-09,19.950001,20.100000,19.950001,20.000000,20.000000,174624
2020-01-10,19.850000,20.000000,19.799999,19.850000,19.850000,349448
2020-01-13,19.900000,20.000000,19.799999,19.850000,19.850000,235697
2020-01-14,19.850000,20.000000,19.799999,19.950001,19.950001,277594
2020-01-15,20.049999,20.049999,19.799999,19.900000,19.900000,137831
2020-01-16,19.900000,19.950001,19.850000,19.850000,19.850000,193245
2020-01-17,19.900000,20.000000,19.750000,19.950001,19.950001,259457
2020-01-20,19.950001,20.000000,19.500000,19.650000,19.650000,350621
2020-01-30,17.799999,18.299999,17.700001,17.700001,17.700001,1316380
2020-01-31,17.200001,17.799999,17.200001,17.500000,17.500000,483783
2020-02-03,17.150000,17.150000,16.000000,16.799999,16.799999,707090
2020-02-04,20.500000,20.500000,17.200001,17.200001,17.200001,596854
2020-02-05,17.400000,17.400000,17.000000,17.049999,17.049999,252979
2020-02-06,17.049999,17.299999,17.049999,17.299999,17.299999,279741
2020-02-07,17.299999,17.350000,16.900000,16.900000,16.900000,363120
2020-02-10,16.750000,16.750000,16.350000,16.549999,16.549999,288314
2020-02-11,16.549999,16.750000,16.500000,16.600000,16.600000,246963
2020-02-12,16.549999,17.200001,16.500000,17.100000,17.100000,625742
2020-02-13,17.299999,17.299999,16.799999,16.950001,16.950001,242898
2020-02-14,16.900000,17.250000,16.900000,17.000000,17.000000,171042
2020-02-17,17.000000,17.000000,16.799999,16.900000,16.900000,207793
2020-02-18,16.850000,17.100000,16.850000,17.100000,17.100000,131092
2020-02-19,17.100000,17.350000,17.049999,17.350000,17.350000,258376
2020-02-20,17.299999,17.500000,16.950001,17.049999,17.049999,359194
2020-02-21,17.049999,17.100000,16.850000,16.900000,16.900000,280363
2020-02-24,16.750000,16.750000,16.600000,16.650000,16.650000,245706
2020-02-25,16.100000,16.450001,16.100000,16.400000,16.400000,527265
2020-02-26,16.299999,16.400000,16.100000,16.250000,16.250000,312613
2020-02-27,16.299999,16.299999,15.950000,16.000000,16.000000,466362
2020-03-02,15.650000,16.049999,15.550000,15.750000,15.750000,416855
2020-03-03,15.900000,16.500000,15.900000,16.400000,16.400000,319251
2020-03-04,16.299999,16.299999,16.049999,16.150000,16.150000,164811
2020-03-05,16.150000,16.299999,16.100000,16.150000,16.150000,135481
2020-03-06,16.100000,16.100000,15.900000,16.000000,16.000000,216535
2020-03-09,15.900000,16.000000,15.300000,15.350000,15.350000,571659
2020-03-10,15.200000,15.500000,15.100000,15.500000,15.500000,339474
2020-03-11,15.500000,15.500000,14.850000,14.850000,14.850000,371640
2020-03-12,14.750000,14.750000,13.450000,13.600000,13.600000,994859
2020-03-13,12.350000,12.700000,12.250000,12.400000,12.400000,1608933
2020-03-16,12.550000,12.650000,11.900000,12.000000,12.000000,551349
2020-03-17,11.000000,11.550000,10.800000,11.000000,11.000000,945350
2020-03-18,11.000000,11.300000,10.050000,10.100000,10.100000,832694
2020-03-19,9.720000,9.800000,9.090000,9.090000,9.090000,1958624
2020-03-20,9.550000,9.990000,9.350000,9.990000,9.990000,970932
2020-03-23,9.680000,9.920000,9.500000,9.850000,9.850000,313898
2020-03-24,10.050000,10.450000,10.050000,10.300000,10.300000,384971
2020-03-25,11.050000,11.200000,10.750000,11.100000,11.100000,380829
2020-03-26,11.150000,11.250000,10.750000,11.100000,11.100000,317108
2020-03-27,11.200000,11.500000,11.000000,11.050000,11.050000,397757
2020-03-30,11.000000,11.200000,10.750000,11.200000,11.200000,191127
2020-03-31,11.200000,11.400000,10.900000,11.100000,11.100000,309648
2020-04-01,10.850000,10.900000,10.700000,10.800000,10.800000,340713