Date,Open,High,Low,Close,Adj Close,Volume
2017-06-08,69.900002,73.199997,65.000000,71.300003,66.435219,4594000
2017-06-09,72.000000,74.300003,72.000000,73.099998,68.112396,2443000
2017-06-12,73.000000,73.199997,70.800003,71.500000,66.621567,1264000
2017-06-13,71.800003,72.300003,68.599998,68.800003,64.105797,1222000
2017-06-14,68.599998,68.699997,64.199997,64.199997,59.819645,1283000
2017-06-15,63.599998,64.800003,60.299999,64.000000,59.633293,1416000
2017-06-16,63.900002,69.900002,63.000000,69.900002,65.130745,1947000
2017-06-19,69.000000,69.199997,66.000000,66.099998,61.590008,1152000
2017-06-20,66.400002,67.099998,63.900002,65.800003,61.310486,1139000
2017-06-21,65.000000,66.400002,64.500000,65.199997,60.751415,769000
2017-06-22,65.800003,70.000000,65.800003,68.800003,64.105797,1348000
2017-06-23,68.300003,68.900002,67.500000,68.199997,63.546730,643000
2017-06-26,68.900002,69.000000,66.199997,66.199997,61.683186,620000
2017-06-27,66.300003,68.000000,66.199997,66.699997,62.149071,430000
2017-06-28,67.800003,70.199997,67.300003,68.599998,63.919437,839000
2017-06-29,68.000000,69.000000,66.599998,66.900002,62.335430,779000
2017-06-30,66.099998,67.699997,66.099998,67.000000,62.428604,318000
2017-07-03,67.400002,67.599998,66.699997,67.199997,62.614956,265000
2017-07-04,67.400002,67.400002,66.000000,66.000000,61.496834,255000
2017-07-05,65.699997,66.500000,65.000000,65.699997,61.217300,209000
2017-07-06,65.699997,66.000000,65.500000,65.800003,61.310486,84000
2017-07-07,64.800003,66.000000,64.400002,64.599998,60.192356,327000
2017-07-10,64.599998,65.000000,63.500000,63.599998,59.260586,264000
2017-07-11,62.599998,63.299999,62.000000,62.200001,57.956108,398000
2017-07-12,62.500000,64.599998,62.299999,64.300003,59.912827,354000
2017-07-13,63.799999,64.900002,63.700001,64.300003,59.912827,173000
2017-07-14,64.400002,64.500000,63.700001,63.799999,59.446941,144000
2017-07-17,63.799999,64.599998,63.500000,63.500000,59.167408,114000
2017-07-18,63.799999,64.599998,63.500000,63.700001,59.353764,206000
2017-07-19,64.099998,66.900002,63.900002,66.000000,61.496834,475000
2017-07-20,66.599998,69.199997,66.199997,68.599998,63.919437,646000
2017-07-21,68.599998,69.300003,67.599998,68.000000,63.360378,577000
2017-07-24,68.000000,68.199997,67.300003,67.800003,63.174019,218000
2017-07-25,68.000000,71.000000,68.000000,69.400002,64.664856,455000
2017-07-26,69.300003,69.400002,68.000000,68.300003,63.639912,298000
2017-07-27,68.599998,70.099998,68.599998,69.500000,64.758026,466000
2017-07-28,68.599998,70.199997,68.599998,69.500000,64.758026,268000
2017-07-31,69.800003,76.400002,69.599998,76.400002,71.187248,1664000
2017-08-01,77.500000,81.199997,77.300003,78.000000,72.678078,1625000
2017-08-02,77.500000,78.500000,76.000000,77.300003,72.025841,747000
2017-08-03,77.000000,80.000000,75.500000,79.099998,73.703018,717000
2017-08-04,79.099998,82.300003,78.800003,80.500000,75.007500,892000
2017-08-07,80.800003,80.900002,78.500000,79.699997,74.262085,574000
2017-08-08,79.500000,79.500000,77.099998,77.500000,72.212196,440000
2017-08-09,77.199997,78.000000,76.500000,76.699997,71.466774,285000
2017-08-10,77.400002,77.400002,72.000000,74.800003,69.696411,722000
2017-08-11,73.800003,77.000000,73.099998,77.000000,71.746307,339000
2017-08-14,77.699997,84.699997,77.599998,83.199997,77.523285,1539000
2017-08-15,82.400002,85.500000,81.300003,84.800003,79.014114,1099000
2017-08-16,83.900002,85.000000,81.400002,82.000000,76.405159,773000
2017-08-17,83.000000,85.500000,81.500000,84.900002,79.107292,855000
2017-08-18,84.000000,84.500000,82.900002,83.300003,77.616463,603000
2017-08-21,83.599998,83.599998,81.500000,81.800003,76.218811,311280
2017-08-22,82.000000,82.300003,80.699997,81.400002,75.846100,302032
2017-08-23,82.000000,82.000000,80.199997,80.800003,75.287033,237027
2017-08-24,80.800003,83.000000,80.199997,82.199997,76.591507,338000
2017-08-25,82.800003,88.000000,82.199997,85.099998,79.293648,752015
2017-08-28,85.099998,85.699997,82.699997,82.900002,77.243752,461480
2017-08-29,82.900002,83.599998,82.000000,82.000000,76.405159,234197
2017-08-30,84.000000,84.300003,82.599998,82.699997,77.057396,126050
2017-08-31,83.000000,90.800003,82.599998,90.400002,84.232025,1312770
2017-09-01,88.099998,91.599998,87.500000,88.599998,82.554840,1073032
2017-09-04,89.199997,91.000000,88.099998,89.000000,82.927551,576300
2017-09-05,89.699997,90.500000,88.599998,89.199997,83.113899,433130
2017-09-06,89.000000,89.699997,87.099998,87.500000,81.529900,528220
2017-09-07,88.000000,90.400002,87.900002,88.300003,82.275314,620076
2017-09-08,90.000000,90.199997,88.000000,88.500000,82.461662,511150
2017-09-11,89.000000,90.099998,88.099998,89.000000,82.927551,376001
2017-09-12,89.099998,89.099998,87.900002,88.300003,82.275314,280067
2017-09-13,88.300003,88.900002,87.500000,87.500000,81.529900,277300
2017-09-14,87.900002,88.300003,87.500000,87.900002,81.902603,147103
2017-09-15,89.500000,89.500000,87.699997,87.699997,81.716248,178100
2017-09-18,87.800003,88.000000,87.099998,87.199997,81.250366,105320
2017-09-19,87.599998,89.099998,87.099998,88.300003,82.275314,152650
2017-09-20,88.099998,91.900002,88.099998,91.599998,85.350151,890175
2017-09-21,91.000000,97.000000,91.000000,95.699997,89.170410,1081207
2017-09-22,95.800003,105.000000,95.000000,105.000000,97.835876,1665440
2017-09-25,102.000000,115.500000,100.000000,115.500000,107.619453,1201000
2017-09-26,115.500000,116.500000,106.500000,114.500000,106.687691,1201336
2017-09-27,119.500000,125.500000,117.500000,125.500000,116.937164,1576026
2017-09-28,123.000000,137.000000,120.500000,129.500000,120.664246,1058331
2017-09-29,123.000000,132.000000,119.000000,125.500000,116.937164,875620
2017-10-02,119.000000,122.500000,114.000000,122.500000,114.141853,1183610
2017-10-03,121.000000,123.000000,118.000000,118.500000,110.414772,541410
2017-10-05,118.500000,119.500000,116.000000,118.000000,109.948891,449080
2017-10-06,122.000000,129.000000,120.000000,124.500000,116.005394,1259268
2017-10-11,123.500000,125.500000,119.500000,120.000000,111.812431,504365
2017-10-12,120.500000,124.500000,120.500000,121.500000,113.210083,324053
2017-10-13,122.500000,124.000000,120.500000,121.000000,112.744194,279130
2017-10-16,122.500000,122.500000,121.000000,121.000000,112.744194,235175
2017-10-17,121.500000,128.000000,121.500000,125.000000,116.471275,888300
2017-10-18,128.000000,130.000000,125.000000,126.000000,117.403046,666050
2017-10-19,128.000000,128.000000,120.000000,121.000000,112.744194,495108
2017-10-20,121.000000,123.000000,119.500000,120.500000,112.278313,284015
2017-10-23,120.000000,121.000000,117.000000,117.500000,109.483002,602192
2017-10-24,117.500000,120.000000,117.000000,118.000000,109.948891,268000
2017-10-25,118.000000,121.000000,116.500000,116.500000,108.551231,416085
2017-10-26,119.000000,119.000000,116.500000,119.000000,110.880653,305150
2017-10-27,120.500000,127.000000,119.500000,121.500000,113.210083,939065
2017-10-30,122.500000,123.000000,112.500000,114.500000,106.687691,672460
2017-10-31,112.500000,117.000000,112.500000,116.000000,108.085350,300002
2017-11-01,116.500000,116.500000,113.500000,116.000000,108.085350,227150
2017-11-02,116.500000,118.500000,116.000000,116.500000,108.551231,333100
2017-11-03,117.000000,117.000000,114.500000,114.500000,106.687691,221272
2017-11-06,114.500000,116.500000,113.000000,116.500000,108.551231,253100
2017-11-07,116.500000,118.500000,115.000000,118.000000,109.948891,195010
2017-11-08,118.000000,118.500000,117.000000,117.500000,109.483002,129000
2017-11-09,118.000000,121.500000,115.000000,118.500000,110.414772,574005
2017-11-10,118.500000,124.500000,116.500000,124.500000,116.005394,529425
2017-11-13,124.000000,124.000000,118.000000,119.000000,110.880653,474227
2017-11-14,118.000000,118.000000,114.500000,115.000000,107.153572,440000
2017-11-15,114.500000,117.500000,114.000000,115.000000,107.153572,129390
2017-11-16,115.500000,120.500000,115.000000,120.000000,111.812431,378086
2017-11-17,120.000000,120.000000,118.000000,119.000000,110.880653,233000
2017-11-20,119.000000,120.500000,118.500000,118.500000,110.414772,171010
2017-11-21,118.500000,120.000000,118.000000,118.000000,109.948891,205015
2017-11-22,118.500000,119.000000,116.000000,116.000000,108.085350,196151
2017-11-23,116.500000,116.500000,114.000000,114.500000,106.687691,278000
2017-11-24,115.000000,115.000000,112.000000,112.500000,104.824150,350050
2017-11-27,113.000000,113.500000,102.000000,106.000000,98.767639,753289
2017-11-28,106.500000,106.500000,99.400002,102.500000,95.506447,617100
2017-11-29,102.500000,105.000000,101.500000,101.500000,94.574677,186172
2017-11-30,101.500000,104.500000,101.000000,101.500000,94.574677,186750
2017-12-01,102.000000,102.000000,91.599998,95.599998,89.077232,739050
2017-12-04,96.599998,105.000000,96.599998,104.500000,97.369987,506100
2017-12-05,104.500000,113.000000,104.500000,106.500000,99.233528,946372
2017-12-06,107.500000,109.500000,98.099998,99.000000,92.245255,607115
2017-12-07,101.500000,102.000000,97.599998,97.599998,90.940773,190010
2017-12-08,99.400002,100.000000,96.000000,99.000000,92.245255,182200
2017-12-11,99.099998,100.000000,98.400002,99.300003,92.524788,194200
2017-12-12,99.599998,99.599998,97.099998,97.300003,90.661247,140150
2017-12-13,98.500000,106.000000,98.500000,105.000000,97.835876,465112
2017-12-14,105.000000,105.000000,100.500000,100.500000,93.642914,308600
2017-12-15,102.500000,109.000000,102.500000,105.000000,97.835876,1046102
2017-12-18,107.500000,109.000000,105.500000,107.500000,100.165298,470028
2017-12-19,107.500000,107.500000,103.000000,103.000000,95.972336,266118
2017-12-20,103.500000,104.500000,102.000000,102.500000,95.506447,241276
2017-12-21,105.000000,112.500000,104.000000,109.500000,102.028839,1300226
2017-12-22,111.500000,120.000000,109.500000,120.000000,111.812431,2258289
2017-12-25,125.500000,126.000000,119.500000,121.500000,113.210083,2293550
2017-12-26,123.000000,124.000000,117.000000,122.500000,114.141853,1307824
2017-12-27,123.500000,125.500000,120.000000,120.000000,111.812431,711022
2017-12-28,121.000000,125.500000,121.000000,124.500000,116.005394,884006
2017-12-29,126.000000,130.500000,126.000000,128.500000,119.732468,1500364
2018-01-02,129.500000,129.500000,124.500000,125.000000,116.471275,760680
2018-01-03,125.500000,128.000000,119.500000,121.000000,112.744194,962909
2018-01-04,121.500000,133.000000,118.500000,133.000000,123.925446,2271105
2018-01-05,132.000000,132.500000,128.500000,128.500000,119.732468,974272
2018-01-08,127.000000,130.500000,125.500000,127.000000,118.334816,659120
2018-01-09,128.000000,139.000000,126.500000,134.000000,124.857208,2487408
2018-01-10,132.000000,133.500000,128.500000,132.000000,122.993668,1215061
2018-01-11,131.500000,134.000000,131.000000,132.500000,123.459549,405000
2018-01-12,133.500000,138.000000,128.000000,128.000000,119.266586,1296092
2018-01-15,128.500000,136.000000,127.500000,132.500000,123.459549,1252111
2018-01-16,132.500000,136.500000,132.000000,132.000000,122.993668,801051
2018-01-17,132.500000,132.500000,128.000000,128.500000,119.732468,628000
2018-01-18,130.000000,130.500000,127.000000,127.000000,118.334816,408100
2018-01-19,127.000000,128.000000,121.500000,122.000000,113.675964,842114
2018-01-22,122.000000,124.000000,119.000000,120.500000,112.278313,668136
2018-01-23,121.000000,124.000000,120.500000,124.000000,115.539505,419004
2018-01-24,123.500000,124.000000,122.000000,123.000000,114.607735,221111
2018-01-25,123.000000,124.500000,121.000000,121.000000,112.744194,226315
2018-01-26,122.000000,123.000000,119.500000,120.500000,112.278313,180111
2018-01-29,121.500000,122.500000,118.500000,118.500000,110.414772,347000
2018-01-30,120.000000,126.500000,118.000000,124.000000,115.539505,558095
2018-01-31,124.500000,124.500000,120.500000,121.500000,113.210083,403000
2018-02-01,122.000000,122.500000,120.500000,120.500000,112.278313,127005
2018-02-02,120.000000,122.000000,119.000000,119.000000,110.880653,288001
2018-02-05,115.500000,116.000000,113.500000,113.500000,105.755920,476449
2018-02-06,106.500000,108.500000,102.500000,102.500000,95.506447,1030718
2018-02-07,105.500000,107.500000,102.500000,102.500000,95.506447,399000
2018-02-08,106.500000,112.000000,105.000000,108.500000,101.097069,1116268
2018-02-09,102.000000,105.000000,100.500000,105.000000,97.835876,555005
2018-02-12,106.000000,108.000000,104.000000,104.000000,96.904099,297190
2018-02-21,107.000000,111.000000,106.000000,109.000000,101.562950,361164
2018-02-22,109.000000,110.000000,108.000000,109.000000,101.562950,280000
2018-02-23,108.500000,109.500000,106.500000,109.000000,101.562950,255000
2018-02-26,110.000000,110.500000,107.500000,109.000000,101.562950,121200
2018-02-27,110.000000,119.500000,110.000000,119.500000,111.346542,1062735
2018-03-01,119.500000,121.000000,115.500000,116.500000,108.551231,859206
2018-03-02,113.500000,113.500000,110.500000,113.500000,105.755920,681070
2018-03-05,114.000000,114.000000,111.000000,111.000000,103.426491,274035
2018-03-06,120.000000,122.000000,119.000000,122.000000,113.675964,590730
2018-03-07,127.000000,130.500000,122.000000,122.000000,113.675964,2371275
2018-03-08,123.500000,131.500000,123.500000,127.000000,118.334816,1823193
2018-03-09,126.000000,127.000000,122.000000,123.000000,114.607735,928332
2018-03-12,124.500000,125.500000,121.000000,122.000000,113.675964,605000
2018-03-13,122.500000,128.000000,122.500000,123.000000,114.607735,988100
2018-03-14,123.000000,123.000000,121.000000,121.000000,112.744194,540150
2018-03-15,122.500000,124.500000,121.500000,122.000000,113.675964,442122
2018-03-16,123.000000,125.000000,122.000000,123.000000,114.607735,429000
2018-03-19,123.000000,123.500000,121.500000,122.500000,114.141853,385003
2018-03-20,123.000000,134.500000,123.000000,134.500000,125.323097,4267345
2018-03-21,134.500000,134.500000,129.000000,132.500000,123.459549,1509650
2018-03-22,134.500000,143.500000,125.500000,126.000000,117.403046,4360168
2018-03-23,122.000000,132.500000,121.500000,128.000000,119.266586,2079215
2018-03-26,129.500000,133.500000,127.500000,130.500000,121.596008,1339086
2018-03-27,132.000000,135.000000,128.500000,128.500000,119.732468,1282087
2018-03-28,129.500000,134.000000,128.500000,133.500000,124.391327,1004223
2018-03-29,136.000000,146.500000,132.500000,134.000000,124.857208,6992093
2018-03-30,136.000000,137.500000,127.000000,129.000000,120.198364,3097055
2018-04-02,131.000000,132.500000,129.000000,129.000000,120.198364,536000
2018-04-03,127.500000,130.500000,127.500000,129.000000,120.198364,491150
2018-04-09,132.000000,136.000000,129.500000,134.000000,124.857208,1223365
2018-04-10,142.000000,145.000000,134.500000,135.500000,126.254868,2422735
2018-04-11,138.000000,147.000000,135.000000,147.000000,136.970215,3206094
2018-04-12,148.000000,148.000000,140.000000,140.000000,130.447830,2206440
2018-04-13,139.000000,141.000000,135.500000,136.000000,126.720757,1026210
2018-04-16,137.000000,140.500000,134.500000,136.500000,127.186630,726101
2018-04-17,137.500000,138.000000,129.500000,130.000000,121.130127,1073460
2018-04-18,132.000000,133.000000,129.500000,131.000000,122.061905,571278
2018-04-19,131.500000,135.000000,131.000000,132.000000,122.993668,641100
2018-04-20,131.000000,133.500000,130.000000,131.000000,122.061905,474150
2018-04-23,131.000000,136.000000,129.500000,133.500000,124.391327,679250
2018-04-24,134.000000,135.000000,124.500000,126.500000,117.868935,1066000
2018-04-25,125.500000,127.500000,123.500000,124.500000,116.005394,582304
2018-04-26,127.000000,127.000000,116.000000,117.000000,109.017113,941200
2018-04-27,119.000000,120.500000,115.500000,119.500000,111.346542,542230
2018-04-30,120.000000,123.000000,119.000000,121.000000,112.744194,246150
2018-05-02,123.000000,130.000000,121.000000,127.500000,118.800705,1039450
2018-05-03,126.500000,130.500000,126.000000,128.000000,119.266586,773349
2018-05-04,131.000000,131.000000,127.000000,127.000000,118.334816,476340
2018-05-07,128.000000,131.000000,126.000000,130.000000,121.130127,343250
2018-05-08,130.500000,135.000000,130.000000,131.000000,122.061905,1143026
2018-05-09,133.500000,133.500000,130.000000,131.500000,122.527786,624050
2018-05-10,132.000000,134.500000,131.500000,134.500000,125.323097,623307
2018-05-11,130.500000,130.500000,121.500000,122.000000,113.675964,2345033
2018-05-14,122.000000,125.000000,119.000000,120.500000,112.278313,690040
2018-05-15,121.000000,124.000000,119.500000,120.000000,111.812431,511968
2018-05-16,121.500000,123.000000,119.000000,119.500000,111.346542,338002
2018-05-17,120.000000,121.500000,118.500000,120.500000,112.278313,346300
2018-05-18,121.500000,122.500000,119.000000,119.500000,111.346542,214206
2018-05-21,121.000000,121.000000,118.500000,119.000000,110.880653,214100
2018-05-22,119.500000,121.000000,117.000000,118.000000,109.948891,260100
2018-05-23,119.500000,119.500000,112.000000,113.500000,105.755920,769533
2018-05-24,113.500000,116.500000,113.000000,114.000000,106.221809,445114
2018-05-25,114.500000,116.000000,114.000000,115.500000,107.619453,233060
2018-05-28,117.000000,118.000000,114.500000,114.500000,106.687691,476050
2018-05-29,115.000000,116.500000,113.000000,113.000000,105.290031,358250
2018-05-30,114.000000,116.500000,111.500000,116.500000,108.551231,310080
2018-05-31,118.500000,118.500000,115.000000,117.500000,109.483002,326500
2018-06-01,118.500000,126.000000,118.000000,122.000000,113.675964,1108222
2018-06-04,124.500000,126.500000,121.500000,122.500000,114.141853,670265
2018-06-05,123.000000,123.500000,120.000000,120.500000,112.278313,294050
2018-06-06,122.000000,122.000000,120.000000,120.000000,111.812431,184150
2018-06-07,122.000000,123.000000,120.000000,120.000000,111.812431,207100
2018-06-08,121.000000,121.500000,118.000000,118.500000,110.414772,159018
2018-06-11,119.000000,120.000000,116.000000,116.500000,108.551231,145000
2018-06-12,116.500000,120.500000,116.500000,118.000000,109.948891,251500
2018-06-13,119.500000,122.000000,118.000000,119.000000,110.880653,314200
2018-06-14,119.000000,119.500000,116.500000,117.500000,109.483002,151100
2018-06-15,118.000000,118.000000,116.000000,116.000000,108.085350,133000
2018-06-19,116.500000,118.500000,115.500000,116.000000,108.085350,133416
2018-06-20,117.500000,117.500000,114.000000,114.500000,106.687691,164188
2018-06-21,116.000000,121.500000,115.500000,119.500000,111.346542,352312
2018-06-22,118.000000,120.000000,116.000000,116.000000,108.085350,194224
2018-06-25,116.500000,117.500000,115.500000,115.500000,107.619453,83000
2018-06-26,114.000000,115.500000,113.500000,115.000000,107.153572,108000
2018-06-27,115.000000,116.000000,114.500000,114.500000,106.687691,133000
2018-06-28,114.000000,114.000000,112.500000,112.500000,107.307693,121000
2018-06-29,114.000000,114.500000,112.500000,113.000000,107.784615,93428
2018-07-02,113.500000,114.000000,112.500000,113.000000,107.784615,95000
2018-07-03,114.000000,114.000000,108.000000,108.500000,103.492310,219331
2018-07-04,109.500000,109.500000,99.500000,99.800003,95.193848,610200
2018-07-05,101.500000,102.500000,98.099998,99.900002,95.289230,230328
2018-07-06,100.500000,101.500000,99.000000,99.699997,95.098457,187000
2018-07-09,100.000000,106.000000,99.800003,102.000000,97.292305,194201
2018-07-10,101.000000,107.500000,101.000000,105.000000,100.153847,362110
2018-07-11,105.500000,109.000000,105.000000,106.500000,101.584618,312000
2018-07-12,107.000000,114.500000,107.000000,112.000000,106.830772,455038
2018-07-13,113.000000,113.500000,110.000000,110.500000,105.400002,287020
2018-07-16,112.500000,113.500000,110.500000,111.000000,105.876923,185000
2018-07-17,113.000000,113.000000,110.000000,110.000000,104.923080,171015
2018-07-18,111.000000,111.500000,107.500000,108.000000,103.015388,231000
2018-07-19,109.000000,109.500000,105.000000,105.000000,100.153847,200060
2018-07-20,105.000000,106.500000,103.000000,103.500000,98.723076,228031
2018-07-23,103.000000,104.000000,101.000000,101.000000,96.338463,182010
2018-07-24,102.000000,105.000000,102.000000,103.000000,98.246155,169000
2018-07-25,104.500000,107.000000,103.500000,106.000000,101.107689,213000
2018-07-26,106.000000,106.500000,103.000000,105.500000,100.630768,177010
2018-07-27,105.500000,106.500000,104.500000,105.000000,100.153847,123000
2018-07-30,102.500000,104.500000,102.500000,103.000000,98.246155,210000
2018-07-31,103.500000,105.500000,103.500000,104.000000,99.199997,118187
2018-08-01,105.500000,107.000000,105.000000,105.000000,100.153847,150000
2018-08-02,106.500000,106.500000,104.000000,105.000000,100.153847,101000
2018-08-03,107.000000,111.500000,105.000000,109.000000,103.969231,542200
2018-08-06,110.000000,110.000000,106.000000,106.000000,101.107689,254100
2018-08-07,107.000000,108.500000,106.500000,108.000000,103.015388,153000
2018-08-08,109.500000,112.000000,108.500000,110.000000,104.923080,346120
2018-08-09,110.500000,111.500000,106.000000,106.000000,101.107689,345150
2018-08-10,106.500000,111.500000,106.500000,109.000000,103.969231,412418
2018-08-13,109.000000,109.000000,102.000000,103.500000,98.723076,363555
2018-08-14,104.000000,107.500000,103.000000,106.000000,101.107689,183000
2018-08-15,105.000000,106.500000,104.000000,104.000000,99.199997,110008
2018-08-16,104.500000,104.500000,102.000000,103.500000,98.723076,114000
2018-08-17,104.500000,105.000000,102.500000,102.500000,97.769234,121000
2018-08-20,102.500000,103.500000,101.500000,101.500000,96.815384,101000
2018-08-21,101.000000,103.000000,101.000000,103.000000,98.246155,69000
2018-08-22,103.000000,103.500000,102.000000,102.500000,97.769234,42000
2018-08-23,102.500000,103.500000,99.900002,100.000000,95.384613,175040
2018-08-24,102.500000,102.500000,99.900002,100.500000,95.861542,102000
2018-08-27,101.000000,101.500000,101.000000,101.500000,96.815384,52000
2018-08-28,101.500000,101.500000,99.000000,99.900002,95.289230,175000
2018-08-29,99.900002,101.000000,99.500000,100.000000,95.384613,127011
2018-08-30,101.000000,101.500000,100.000000,100.000000,95.384613,81402
2018-08-31,101.000000,101.500000,100.000000,100.000000,95.384613,95000
2018-09-03,101.500000,101.500000,99.800003,99.900002,95.289230,72200
2018-09-04,99.900002,101.000000,99.199997,100.500000,95.861542,77001
2018-09-05,100.500000,100.500000,98.699997,98.699997,94.144615,113100
2018-09-06,99.800003,99.800003,97.500000,98.599998,94.049232,141000
2018-09-07,98.599998,98.599998,91.300003,93.000000,88.707695,243000
2018-09-10,93.000000,93.500000,83.699997,83.699997,79.836922,795100
2018-09-11,83.500000,84.000000,77.000000,79.500000,75.830772,775300
2018-09-12,81.199997,81.199997,78.099998,80.000000,76.307693,337000
2018-09-13,80.000000,83.500000,79.900002,82.099998,78.310768,283000
2018-09-14,82.699997,87.000000,82.699997,85.599998,81.649231,484205
2018-09-17,86.500000,86.599998,83.500000,84.400002,80.504616,186000
2018-09-18,85.699997,85.699997,83.199997,84.500000,80.599998,231000
2018-09-19,84.800003,85.400002,83.900002,84.300003,80.409233,96062
2018-09-20,84.500000,85.300003,83.500000,83.500000,79.646156,194000
2018-09-21,83.500000,84.500000,83.500000,84.400002,80.504616,85000
2018-09-25,84.800003,84.800003,84.099998,84.400002,80.504616,51003
2018-09-26,84.599998,85.599998,84.500000,85.099998,81.172310,131004
2018-09-27,85.099998,86.199997,84.099998,84.500000,80.599998,93000
2018-09-28,86.500000,86.900002,85.199997,86.000000,82.030769,128000
2018-10-01,85.599998,86.400002,85.199997,86.199997,82.221535,94000
2018-10-02,86.199997,86.199997,84.500000,84.500000,80.599998,118050
2018-10-03,84.199997,85.699997,84.199997,84.199997,80.313843,86000
2018-10-04,84.900002,84.900002,83.400002,83.400002,79.550774,73000
2018-10-05,83.800003,83.900002,78.000000,79.599998,75.926155,188070
2018-10-08,77.400002,79.599998,73.099998,75.000000,71.538460,267019
2018-10-09,74.000000,75.400002,67.500000,68.599998,65.433846,1190050
2018-10-11,65.000000,65.000000,61.799999,61.799999,58.947693,821350
2018-10-12,61.000000,64.199997,61.000000,63.299999,60.378460,313000
2018-10-15,63.599998,69.599998,63.400002,69.599998,66.387688,722146
2018-10-16,72.900002,73.599998,70.500000,71.400002,68.104614,1185146
2018-10-17,72.400002,72.400002,69.900002,70.400002,67.150772,411020
2018-10-18,70.199997,72.300003,70.000000,70.599998,67.341537,287003
2018-10-19,69.599998,71.400002,68.000000,70.699997,67.436920,294003
2018-10-22,70.199997,76.800003,70.199997,75.599998,72.110771,514500
2018-10-23,74.099998,74.800003,71.800003,73.400002,70.012306,311295
2018-10-24,72.800003,74.000000,70.199997,74.000000,70.584618,226109
2018-10-25,71.000000,72.599998,70.400002,71.000000,67.723076,243000
2018-10-26,72.699997,72.800003,68.800003,68.900002,65.720001,258000
2018-10-29,69.400002,69.500000,66.000000,66.099998,63.049229,145000
2018-10-30,66.099998,66.199997,63.000000,63.500000,60.569229,216000
2018-10-31,64.099998,67.500000,63.900002,66.199997,63.144611,327000
2018-11-01,67.000000,69.500000,66.199997,68.900002,65.720001,205000
2018-11-02,69.000000,71.099998,68.900002,70.000000,66.769234,239500
2018-11-05,70.000000,71.300003,68.900002,70.000000,66.769234,129300
2018-11-06,70.199997,71.500000,68.199997,68.300003,65.147697,163100
2018-11-07,68.300003,70.900002,68.300003,70.500000,67.246155,168050
2018-11-08,72.000000,73.000000,71.300003,71.500000,68.199997,224010
2018-11-09,70.800003,71.699997,69.500000,70.500000,67.246155,143000
2018-11-12,70.900002,72.300003,70.500000,71.000000,67.723076,265000
2018-11-13,69.000000,70.500000,68.800003,70.300003,67.055389,104000
2018-11-14,68.800003,69.300003,65.000000,65.199997,62.190765,1031068
2018-11-15,65.099998,66.000000,63.500000,65.199997,62.190765,350072
2018-11-16,65.800003,66.599998,65.400002,65.699997,62.667690,216000
2018-11-19,65.800003,66.300003,64.599998,66.000000,62.953846,174010
2018-11-20,65.500000,66.500000,65.500000,65.500000,62.476925,160010
2018-11-21,64.500000,66.099998,64.500000,65.900002,62.858463,155000
2018-11-22,66.599998,67.900002,66.099998,66.099998,63.049229,315000
2018-11-23,66.599998,66.699997,65.000000,65.000000,62.000000,200000
2018-11-26,65.500000,66.199997,65.099998,65.699997,62.667690,156000
2018-11-27,66.000000,66.000000,63.900002,65.099998,62.095383,465000
2018-11-28,65.199997,70.199997,65.199997,68.500000,65.338463,710000
2018-11-29,70.699997,70.800003,68.800003,69.000000,65.815384,319000
2018-11-30,70.000000,71.400002,69.199997,69.500000,66.292305,589010
2018-12-03,71.000000,72.900002,70.599998,72.000000,68.676926,438019
2018-12-04,73.400002,73.400002,71.099998,71.099998,67.818459,284000
2018-12-05,68.900002,69.900002,67.900002,68.500000,65.338463,348000
2018-12-06,68.500000,69.599998,65.500000,66.300003,63.240002,271000
2018-12-07,67.099998,68.000000,66.599998,67.800003,64.670769,105000
2018-12-10,61.099998,61.099998,61.099998,61.099998,58.279999,356001
2018-12-11,55.500000,57.900002,55.500000,57.900002,55.227695,1901053
2018-12-12,57.900002,58.299999,56.500000,56.900002,54.273849,788504
2018-12-13,57.900002,58.400002,56.900002,57.700001,55.036922,480000
2018-12-14,57.700001,57.700001,56.400002,56.400002,53.796925,328040
2018-12-17,56.000000,57.200001,56.000000,56.099998,53.510769,243065
2018-12-18,55.700001,55.700001,53.700001,53.900002,51.412308,721505
2018-12-19,54.299999,54.700001,54.000000,54.200001,51.698463,151047
2018-12-20,54.200001,54.500000,53.500000,53.500000,51.030769,175000
2018-12-21,53.500000,53.900002,52.599998,53.599998,51.126152,205177
2018-12-24,53.799999,56.500000,53.799999,56.000000,53.415386,234000
2018-12-25,55.000000,56.700001,54.799999,55.299999,52.747692,194000
2018-12-26,56.000000,56.000000,53.799999,53.799999,51.316921,84000
2018-12-27,55.299999,55.299999,54.400002,54.500000,51.984615,93000
2018-12-28,54.299999,54.299999,53.700001,54.200001,51.698463,76000
2019-01-02,54.299999,54.799999,54.099998,54.299999,51.793846,91000
2019-01-03,54.299999,55.900002,54.200001,55.599998,53.033844,172000
2019-01-04,55.500000,57.400002,54.000000,56.400002,53.796925,322000
2019-01-07,57.000000,57.000000,55.400002,56.099998,53.510769,248000
2019-01-08,56.700001,59.400002,56.299999,57.599998,54.941536,704000
2019-01-09,58.000000,58.299999,57.099998,57.299999,54.655384,265000
2019-01-10,60.200001,63.000000,60.000000,60.400002,57.612309,1740280
2019-01-11,58.000000,59.400002,56.500000,56.700001,54.083076,967400
2019-01-14,56.799999,57.700001,56.700001,56.900002,54.273849,205045
2019-01-15,57.500000,58.799999,57.200001,57.299999,54.655384,334255
2019-01-16,57.299999,57.500000,55.599998,56.299999,53.701538,278000
2019-01-17,56.200001,57.200001,56.200001,56.799999,54.178459,154001
2019-01-18,56.900002,59.099998,56.900002,58.700001,55.990768,468000
2019-01-21,58.799999,61.099998,58.799999,59.500000,56.753845,483010
2019-01-22,59.700001,60.299999,58.799999,59.000000,56.276924,161014
2019-01-23,58.599998,59.799999,58.599998,59.400002,56.658463,128000
2019-01-24,59.700001,60.500000,59.500000,59.599998,56.849228,242115
2019-01-25,59.799999,60.200001,59.700001,59.799999,57.040001,150000
2019-01-28,60.200001,60.200001,59.500000,59.500000,56.753845,123040
2019-01-29,59.500000,59.500000,56.500000,57.799999,55.132309,237000
2019-01-30,58.400002,58.500000,57.799999,58.099998,55.418461,71000
2019-02-11,58.500000,60.500000,58.400002,59.000000,56.276924,178269
2019-02-12,59.200001,60.799999,59.000000,60.500000,57.707691,281047
2019-02-13,60.200001,63.200001,60.200001,62.599998,59.710770,554204
2019-02-14,63.099998,64.500000,62.099998,62.099998,59.233845,436000
2019-02-15,62.099998,62.700001,61.000000,61.299999,58.470768,191077
2019-02-18,60.200001,61.599998,59.099998,61.400002,58.566154,275137
2019-02-19,61.599998,63.900002,61.200001,63.400002,60.473846,404000
2019-02-20,63.500000,64.400002,63.500000,63.700001,60.760002,405000
2019-02-21,64.300003,64.800003,63.799999,63.799999,60.855385,226015
2019-02-22,64.000000,64.000000,62.700001,62.700001,59.806156,228004
2019-02-25,63.000000,64.500000,63.000000,63.299999,60.378460,203019
2019-02-26,63.299999,63.900002,62.200001,62.299999,59.424614,128000
2019-02-27,63.000000,63.000000,61.400002,62.099998,59.233845,97000
2019-03-04,62.000000,62.500000,61.799999,62.000000,59.138462,94500
2019-03-05,61.799999,62.200001,61.400002,61.500000,58.661537,92000
2019-03-06,61.599998,61.799999,61.099998,61.799999,58.947693,112000
2019-03-07,61.599998,61.700001,61.000000,61.200001,58.375385,68000
2019-03-08,61.200001,61.200001,59.599998,59.799999,57.040001,167000
2019-03-11,59.900002,59.900002,59.000000,59.500000,56.753845,130000
2019-03-12,59.799999,60.000000,59.200001,59.500000,56.753845,122130
2019-03-13,60.000000,60.000000,59.200001,59.900002,57.135387,91500
2019-03-14,60.000000,61.000000,60.000000,60.299999,57.516922,100050
2019-03-15,60.299999,60.500000,59.599998,59.700001,56.944614,77100
2019-03-18,59.299999,59.599998,58.500000,58.599998,55.895382,180100
2019-03-19,58.599998,59.099998,57.900002,58.000000,55.323078,171200
2019-03-20,58.000000,58.000000,56.799999,57.099998,54.464615,254000
2019-03-21,57.099998,57.400002,55.799999,56.400002,53.796925,380000
2019-03-22,56.400002,56.900002,56.000000,56.700001,54.083076,152000
2019-03-25,56.599998,56.599998,55.799999,56.099998,53.510769,82026
2019-03-26,56.900002,57.299999,56.299999,57.299999,54.655384,110000
2019-03-27,57.299999,57.900002,56.900002,57.200001,54.560001,166000
2019-03-28,56.900002,57.099998,55.799999,56.200001,53.606155,163036
2019-03-29,56.500000,56.500000,56.099998,56.299999,53.701538,62006
2019-04-01,56.200001,58.400002,56.200001,57.700001,55.036922,218038
2019-04-02,58.799999,58.799999,57.400002,57.500000,54.846153,136105
2019-04-03,57.500000,57.799999,57.400002,57.599998,54.941536,68054
2019-04-08,57.700001,59.200001,57.599998,59.099998,56.372307,161006
2019-04-09,59.500000,59.599998,58.400002,59.200001,56.467693,126058
2019-04-10,58.599998,58.599998,57.700001,57.900002,55.227695,105002
2019-04-11,57.700001,57.900002,56.000000,56.400002,53.796925,244000
2019-04-12,56.299999,56.599998,56.000000,56.000000,53.415386,110346
2019-04-15,56.599998,57.500000,56.000000,56.200001,53.606155,115100
2019-04-16,56.299999,57.200001,56.299999,56.700001,54.083076,75334
2019-04-17,57.099998,57.299999,56.299999,56.500000,53.892307,103000
2019-04-18,57.200001,57.200001,55.700001,55.700001,53.129230,169050
2019-04-19,56.000000,56.000000,54.799999,55.299999,52.747692,141028
2019-04-22,56.000000,57.099998,54.900002,56.700001,54.083076,229040
2019-04-23,56.900002,56.900002,56.000000,56.000000,53.415386,78011
2019-04-24,56.900002,56.900002,55.799999,55.799999,53.224613,40051
2019-04-25,55.799999,56.000000,55.599998,55.900002,53.320004,27000
2019-04-26,56.099998,56.099998,55.599998,55.700001,53.129230,56100
2019-04-29,55.700001,55.700001,54.299999,54.500000,51.984615,53000
2019-04-30,54.500000,57.500000,54.400002,57.299999,54.655384,132329
2019-05-02,57.099998,57.099998,56.099998,56.299999,53.701538,60150
2019-05-03,56.700001,56.700001,56.299999,56.299999,53.701538,34000
2019-05-06,55.500000,55.500000,54.400002,54.599998,52.079998,149000
2019-05-07,54.599998,55.000000,54.400002,54.599998,52.079998,59055
2019-05-08,54.000000,54.299999,53.700001,53.700001,51.221539,99000
2019-05-09,53.799999,53.799999,48.650002,50.000000,47.692307,637000
2019-05-10,52.099998,55.000000,52.000000,53.000000,50.553844,698950
2019-05-13,52.500000,53.799999,50.700001,50.900002,48.550770,206050
2019-05-14,49.500000,52.500000,49.299999,52.200001,49.790771,157005
2019-05-15,52.200001,52.500000,51.400002,51.500000,49.123077,88100
2019-05-16,51.500000,51.500000,50.500000,50.799999,48.455383,74000
2019-05-17,50.700001,51.000000,49.599998,50.000000,47.692307,91100
2019-05-20,49.900002,50.500000,49.900002,50.099998,47.787689,54057
2019-05-21,50.000000,51.200001,50.000000,51.200001,48.836926,25006
2019-05-22,51.500000,52.700001,50.799999,52.500000,50.076923,145005
2019-05-23,54.200001,57.700001,54.200001,56.500000,53.892307,1146201
2019-05-24,56.099998,57.599998,55.299999,56.000000,53.415386,328062
2019-05-27,56.799999,56.799999,55.000000,56.000000,53.415386,132027
2019-05-28,55.200001,55.700001,55.000000,55.200001,52.652309,81000
2019-05-29,55.000000,56.000000,54.299999,54.500000,51.984615,117000
2019-05-30,54.799999,54.799999,54.000000,54.799999,52.270767,85000
2019-05-31,55.000000,55.799999,54.599998,55.500000,52.938461,96068
2019-06-03,55.500000,55.799999,54.500000,55.500000,52.938461,50052
2019-06-04,55.200001,56.000000,55.200001,55.599998,53.033844,76055
2019-06-05,56.000000,56.000000,55.000000,55.299999,52.747692,49000
2019-06-06,55.500000,56.000000,55.299999,55.799999,53.224613,64005
2019-06-10,55.799999,55.900002,55.000000,55.299999,52.747692,110000
2019-06-11,54.099998,54.200001,52.200001,52.900002,50.458462,340800
2019-06-12,52.500000,52.799999,52.299999,52.500000,50.076923,31143
2019-06-13,52.500000,53.500000,52.500000,52.599998,50.172306,23032
2019-06-14,52.599998,53.599998,52.200001,52.200001,49.790771,43218
2019-06-17,52.299999,52.500000,52.200001,52.200001,49.790771,18217
2019-06-18,52.500000,52.500000,51.700001,51.799999,49.409229,45218
2019-06-19,52.000000,52.500000,52.000000,52.200001,49.790771,55050
2019-06-20,52.000000,52.700001,52.000000,52.599998,50.172306,22118
2019-06-21,52.700001,53.799999,52.700001,53.200001,50.744617,93415
2019-06-24,52.799999,53.599998,52.799999,52.900002,50.458462,56100
2019-06-25,53.700001,53.700001,52.400002,52.400002,49.981541,76050
2019-06-26,52.299999,52.299999,51.900002,52.000000,49.599998,66050
2019-06-27,52.000000,53.000000,52.000000,52.099998,49.695385,37000
2019-06-28,52.299999,52.299999,52.000000,52.200001,49.790771,30000
2019-07-01,52.500000,52.500000,52.000000,52.299999,49.886154,132000
2019-07-02,52.500000,52.900002,51.799999,52.000000,49.599998,181500
2019-07-03,52.099998,52.299999,51.700001,52.000000,49.599998,162200
2019-07-04,50.000000,50.599998,49.900002,50.299999,50.299999,107176
2019-07-05,50.599998,51.200001,50.299999,51.200001,51.200001,56000
2019-07-08,51.200001,51.500000,50.700001,50.900002,50.900002,44100
2019-07-09,50.900002,50.900002,50.099998,50.299999,50.299999,154000
2019-07-10,50.299999,52.099998,50.200001,51.299999,51.299999,173000
2019-07-11,51.400002,51.400002,50.700001,50.700001,50.700001,57028
2019-07-12,50.599998,51.200001,50.299999,50.500000,50.500000,40000
2019-07-15,50.299999,51.000000,50.299999,50.700001,50.700001,38000
2019-07-16,51.099998,51.099998,50.799999,50.799999,50.799999,45100
2019-07-17,51.400002,52.799999,51.099998,52.099998,52.099998,212000
2019-07-18,53.299999,57.299999,53.200001,55.900002,55.900002,1662328
2019-07-19,56.099998,56.500000,53.099998,53.900002,53.900002,622096
2019-07-22,53.900002,55.200001,53.599998,54.799999,54.799999,368205
2019-07-23,55.000000,55.000000,54.099998,54.200001,54.200001,88142
2019-07-24,54.099998,55.000000,54.099998,54.599998,54.599998,80150
2019-07-25,54.900002,56.700001,54.000000,56.200001,56.200001,437535
2019-07-26,56.200001,56.200001,55.299999,55.400002,55.400002,105000
2019-07-29,55.400002,55.500000,54.900002,54.900002,54.900002,54416
2019-07-30,55.000000,55.299999,53.200001,53.299999,53.299999,135000
2019-07-31,53.900002,53.900002,53.099998,53.599998,53.599998,50000
2019-08-01,53.099998,53.599998,53.099998,53.400002,53.400002,23000
2019-08-02,53.400002,53.500000,52.000000,52.099998,52.099998,115000
2019-08-05,52.099998,52.400002,51.700001,52.200001,52.200001,42000
2019-08-06,52.200001,52.200001,51.500000,51.900002,51.900002,33000
2019-08-07,52.200001,52.500000,52.000000,52.099998,52.099998,36100
2019-08-08,52.900002,54.000000,52.900002,53.200001,53.200001,63000
2019-08-12,52.599998,53.200001,51.700001,52.299999,52.299999,71000
2019-08-13,52.400002,53.000000,52.000000,52.900002,52.900002,35000
2019-08-14,52.900002,53.400002,49.150002,50.500000,50.500000,435000
2019-08-15,50.200001,51.200001,50.000000,50.599998,50.599998,62000
2019-08-16,50.599998,50.599998,50.000000,50.200001,50.200001,117215
2019-08-19,50.099998,50.099998,49.099998,49.599998,49.599998,312100
2019-08-20,49.599998,49.700001,49.400002,49.400002,49.400002,61000
2019-08-21,50.000000,50.000000,49.400002,49.799999,49.799999,65000
2019-08-22,50.000000,51.000000,49.700001,49.799999,49.799999,43000
2019-08-23,50.200001,50.299999,49.700001,49.700001,49.700001,24000
2019-08-26,50.400002,50.400002,49.349998,49.500000,49.500000,23100
2019-08-27,49.450001,50.200001,49.200001,49.200001,49.200001,70200
2019-08-28,49.200001,49.299999,48.700001,48.750000,48.750000,92000
2019-08-29,48.900002,49.099998,48.750000,48.950001,48.950001,56000
2019-08-30,48.950001,49.200001,48.799999,49.200001,49.200001,64000
2019-09-02,49.200001,49.500000,49.000000,49.150002,49.150002,36000
2019-09-03,49.549999,49.549999,49.099998,49.200001,49.200001,78000
2019-09-04,49.900002,49.900002,49.049999,49.150002,49.150002,49000
2019-09-05,49.200001,49.200001,49.000000,49.099998,49.099998,73000
2019-09-06,49.200001,49.299999,48.849998,48.849998,48.849998,51100
2019-09-10,45.099998,46.049999,45.000000,45.799999,45.799999,165000
2019-09-11,45.849998,46.500000,45.250000,45.750000,45.750000,77000
2019-09-12,45.900002,45.900002,45.200001,45.200001,45.200001,73000
2019-09-16,45.200001,45.200001,44.099998,44.400002,44.400002,177400
2019-09-17,44.549999,44.650002,44.349998,44.500000,44.500000,43100
2019-09-18,44.500000,44.799999,44.000000,44.799999,44.799999,91450
2019-09-19,44.549999,44.700001,44.500000,44.700001,44.700001,43000
2019-09-20,44.700001,44.750000,44.450001,44.599998,44.599998,32000
2019-09-23,44.299999,44.299999,44.049999,44.049999,44.049999,54100
2019-09-24,43.299999,44.000000,42.900002,43.750000,43.750000,117000
2019-09-25,43.549999,43.950001,43.150002,43.549999,43.549999,52000
2019-09-26,43.099998,43.549999,42.599998,42.599998,42.599998,115000
2019-09-27,42.500000,42.500000,39.900002,40.599998,40.599998,337281
2019-10-01,40.599998,40.799999,39.200001,39.450001,39.450001,265499
2019-10-02,39.549999,43.349998,39.549999,43.349998,43.349998,540000
2019-10-03,43.349998,46.799999,43.349998,45.500000,45.500000,1148212
2019-10-04,46.000000,46.349998,43.849998,44.400002,44.400002,321225
2019-10-07,44.400002,44.849998,43.549999,44.200001,44.200001,91000
2019-10-08,43.700001,43.700001,42.250000,42.250000,42.250000,130080
2019-10-09,42.000000,42.700001,41.250000,42.049999,42.049999,75027
2019-10-14,42.049999,43.299999,42.049999,42.500000,42.500000,49019
2019-10-15,42.500000,42.500000,41.450001,41.450001,41.450001,58033
2019-10-16,41.650002,42.500000,40.900002,41.000000,41.000000,118000
2019-10-17,41.450001,41.450001,40.900002,41.150002,41.150002,44000
2019-10-18,40.849998,41.700001,40.849998,41.450001,41.450001,46100
2019-10-21,41.450001,41.450001,41.099998,41.349998,41.349998,32000
2019-10-22,41.099998,41.500000,41.099998,41.099998,41.099998,43000
2019-10-23,41.099998,41.099998,40.849998,40.849998,40.849998,68112
2019-10-24,41.200001,41.200001,40.700001,41.000000,41.000000,26000
2019-10-25,40.900002,41.450001,40.900002,41.450001,41.450001,39000
2019-10-28,42.500000,42.500000,41.299999,41.700001,41.700001,35000
2019-10-29,41.700001,41.900002,41.400002,41.599998,41.599998,36000
2019-10-30,41.599998,42.299999,41.400002,42.049999,42.049999,47000
2019-10-31,42.799999,42.900002,42.150002,42.700001,42.700001,67000
2019-11-01,42.549999,43.500000,42.549999,43.299999,43.299999,58000
2019-11-04,42.700001,43.000000,42.700001,42.750000,42.750000,30000
2019-11-05,42.750000,43.049999,42.599998,42.750000,42.750000,50000
2019-11-06,42.500000,42.500000,41.950001,41.950001,41.950001,36000
2019-11-07,42.000000,42.200001,41.549999,41.549999,41.549999,48000
2019-11-08,42.200001,42.200001,41.650002,41.650002,41.650002,21000
2019-11-11,41.599998,42.799999,41.299999,41.299999,41.299999,56100
2019-11-12,41.299999,41.299999,41.000000,41.000000,41.000000,40000
2019-11-13,41.000000,41.099998,40.500000,40.500000,40.500000,52000
2019-11-14,40.400002,40.950001,40.099998,40.150002,40.150002,74000
2019-11-15,41.000000,41.000000,40.200001,40.200001,40.200001,8000
2019-11-18,39.900002,40.299999,39.900002,40.299999,40.299999,35000
2019-11-19,40.000000,40.599998,40.000000,40.349998,40.349998,19000
2019-11-20,40.349998,40.799999,40.099998,40.099998,40.099998,21000
2019-11-21,40.099998,40.450001,40.099998,40.150002,40.150002,15000
2019-11-22,40.700001,42.900002,40.700001,41.799999,41.799999,194000
2019-11-25,43.500000,43.500000,41.900002,43.349998,43.349998,232100
2019-11-26,43.299999,43.299999,42.049999,42.099998,42.099998,118050
2019-11-27,42.099998,42.099998,41.900002,41.900002,41.900002,29000
2019-11-28,42.500000,42.900002,42.000000,42.049999,42.049999,63000
2019-11-29,42.500000,42.500000,41.599998,41.599998,41.599998,40000
2019-12-02,41.599998,41.599998,41.000000,41.049999,41.049999,30100
2019-12-03,40.599998,40.849998,40.549999,40.700001,40.700001,16000
2019-12-04,40.200001,40.599998,40.200001,40.500000,40.500000,29000
2019-12-05,40.599998,40.599998,40.200001,40.349998,40.349998,43075
2019-12-06,40.400002,40.900002,40.299999,40.900002,40.900002,43000
2019-12-09,41.000000,41.349998,41.000000,41.099998,41.099998,41000
2019-12-10,41.000000,41.200001,41.000000,41.049999,41.049999,22000
2019-12-11,41.099998,42.500000,41.099998,41.700001,41.700001,42000
2019-12-12,41.900002,41.900002,40.700001,41.099998,41.099998,23000
2019-12-13,40.849998,40.849998,40.650002,40.650002,40.650002,29000
2019-12-16,40.599998,41.349998,40.500000,41.049999,41.049999,0
2019-12-17,40.900002,41.349998,40.849998,41.250000,41.250000,16000
2019-12-18,40.700001,41.099998,40.700001,40.799999,40.799999,41000
2019-12-19,40.700001,41.000000,40.700001,41.000000,41.000000,47000
2019-12-20,41.099998,41.099998,40.900002,40.900002,40.900002,12000
2019-12-23,40.799999,41.099998,40.450001,40.450001,40.450001,35000
2019-12-24,40.450001,40.650002,40.000000,40.000000,40.000000,60073
2019-12-25,40.049999,40.500000,40.000000,40.150002,40.150002,46000
2019-12-26,40.400002,41.000000,40.400002,40.849998,40.849998,84000
2019-12-27,40.599998,41.500000,40.599998,41.099998,41.099998,61000
2019-12-30,41.299999,41.299999,40.700001,40.799999,40.799999,62000
2019-12-31,41.200001,41.500000,40.799999,41.400002,41.400002,64100
2020-01-02,41.799999,41.799999,41.400002,41.599998,41.599998,58500
2020-01-03,41.900002,45.099998,41.799999,43.750000,43.750000,542010
2020-01-06,43.750000,45.400002,43.750000,44.799999,44.799999,431050
2020-01-07,45.200001,45.250000,43.799999,43.900002,43.900002,159010
2020-01-08,43.650002,43.650002,42.200001,42.849998,42.849998,58000
2020-01-09,43.299999,43.849998,43.000000,43.650002,43.650002,62000
2020-01-10,43.799999,44.000000,43.000000,43.799999,43.799999,72000
2020-01-13,44.000000,44.950001,43.799999,44.000000,44.000000,119000
2020-01-14,44.200001,44.200001,43.500000,43.500000,43.500000,50000
2020-01-15,43.200001,43.250000,43.000000,43.000000,43.000000,29000
2020-01-16,43.299999,43.349998,42.549999,43.150002,43.150002,35000
2020-01-17,43.150002,43.150002,42.599998,42.599998,42.599998,26166
2020-01-20,42.750000,42.900002,42.549999,42.549999,42.549999,38000
2020-01-30,40.000000,40.000000,38.299999,38.400002,38.400002,279000
2020-01-31,37.200001,39.200001,37.200001,38.150002,38.150002,104023
2020-02-03,38.000000,38.000000,36.000000,36.500000,36.500000,136010
2020-02-04,40.599998,40.599998,38.150002,38.150002,38.150002,61123
2020-02-05,38.650002,39.099998,38.500000,38.700001,38.700001,53000
2020-02-06,39.400002,39.400002,38.200001,38.400002,38.400002,35003
2020-02-07,38.549999,38.549999,37.750000,38.099998,38.099998,17170
2020-02-10,37.500000,37.500000,36.049999,36.849998,36.849998,78000
2020-02-11,36.599998,37.000000,36.599998,37.000000,37.000000,35100
2020-02-12,37.099998,37.599998,37.099998,37.400002,37.400002,41017
2020-02-13,37.450001,38.349998,37.450001,37.900002,37.900002,32000
2020-02-14,38.049999,38.349998,38.000000,38.000000,38.000000,35000
2020-02-17,38.000000,38.000000,37.349998,37.349998,37.349998,16000
2020-02-18,37.950001,37.950001,37.150002,37.200001,37.200001,21000
2020-02-19,37.299999,37.799999,37.299999,37.349998,37.349998,19100
2020-02-20,37.299999,37.349998,37.049999,37.099998,37.099998,54000
2020-02-21,37.500000,37.500000,37.200001,37.349998,37.349998,20000
2020-02-24,37.200001,37.299999,37.000000,37.150002,37.150002,31060
2020-02-25,37.000000,37.150002,36.799999,36.849998,36.849998,28007
2020-02-26,36.549999,36.549999,35.750000,35.900002,35.900002,118233
2020-02-27,35.849998,35.849998,34.200001,34.200001,34.200001,210653
2020-03-02,34.200001,34.849998,34.099998,34.500000,34.500000,50003
2020-03-03,34.799999,34.799999,34.000000,34.049999,34.049999,71055
2020-03-04,34.000000,34.049999,33.200001,33.250000,33.250000,79065
2020-03-05,33.799999,34.799999,33.799999,34.599998,34.599998,81000
2020-03-06,34.599998,34.599998,33.299999,33.900002,33.900002,108000
2020-03-09,33.799999,33.799999,32.500000,33.000000,33.000000,149004
2020-03-10,31.000000,31.500000,30.200001,31.000000,31.000000,256000
2020-03-11,31.049999,31.400000,30.400000,30.400000,30.400000,161004
2020-03-12,30.000000,30.049999,27.400000,27.700001,27.700001,325000
2020-03-13,25.000000,25.450001,24.950001,24.950001,24.950001,406065
2020-03-16,25.200001,25.900000,22.600000,22.600000,22.600000,117000
2020-03-17,22.600000,22.600000,20.350000,20.400000,20.400000,278000
2020-03-18,21.200001,21.500000,20.400000,20.600000,20.600000,115019
2020-03-19,19.950001,20.400000,18.549999,18.549999,18.549999,266000
2020-03-20,18.549999,20.400000,18.549999,20.400000,20.400000,158400
2020-03-23,19.950001,20.799999,19.049999,20.299999,20.299999,55307
2020-03-24,20.299999,22.299999,20.299999,22.250000,22.250000,140274
2020-03-25,22.400000,24.150000,22.400000,23.250000,23.250000,171000
2020-03-26,23.250000,23.250000,22.000000,22.200001,22.200001,74220
2020-03-27,22.900000,22.900000,21.299999,21.500000,21.500000,132425
2020-03-30,20.700001,21.799999,20.700001,21.799999,21.799999,40011
2020-03-31,22.100000,22.200001,21.450001,21.700001,21.700001,74000
2020-04-01,21.350000,22.299999,21.350000,21.850000,21.850000,42005