Date,Open,High,Low,Close,Adj Close,Volume
2014-12-04,34.799999,34.799999,30.000000,31.250000,29.411764,2442000
2014-12-05,30.900000,32.450001,30.799999,31.799999,29.929411,675000
2014-12-08,31.900000,32.200001,31.200001,31.600000,29.741177,313000
2014-12-09,31.200001,31.600000,31.000000,31.200001,29.364706,298000
2014-12-10,31.000000,31.850000,30.900000,31.000000,29.176470,363000
2014-12-11,30.500000,30.500000,29.000000,29.100000,27.388235,472000
2014-12-12,29.049999,29.799999,28.850000,29.400000,27.670588,175000
2014-12-15,29.000000,29.000000,28.150000,28.500000,26.823530,301000
2014-12-16,28.500000,28.900000,28.299999,28.600000,26.917648,268000
2014-12-17,28.650000,28.799999,27.400000,27.750000,26.117647,277000
2014-12-18,27.799999,28.049999,27.500000,27.500000,25.882353,181000
2014-12-19,27.700001,27.850000,25.900000,26.000000,24.470589,455000
2014-12-22,26.000000,26.600000,25.600000,26.299999,24.752941,319000
2014-12-23,26.100000,26.100000,25.600000,25.700001,24.188236,184000
2014-12-24,25.700001,27.450001,25.700001,27.450001,25.835295,350000
2014-12-25,27.900000,28.549999,27.549999,28.049999,26.400000,768000
2014-12-26,28.150000,28.150000,27.500000,27.600000,25.976471,200000
2014-12-29,29.650000,30.350000,29.150000,29.700001,27.952942,1097000
2014-12-30,29.650000,29.650000,28.950001,29.000000,27.294117,405000
2014-12-31,28.900000,29.350000,28.700001,29.000000,27.294117,131000
2015-01-05,29.000000,29.000000,28.549999,28.549999,26.870588,172000
2015-01-06,28.299999,28.500000,27.799999,27.799999,26.164705,173000
2015-01-07,28.000000,28.000000,27.500000,27.500000,25.882353,192000
2015-01-08,27.700001,27.950001,27.500000,27.549999,25.929411,116000
2015-01-09,27.700001,27.950001,27.650000,27.700001,26.070589,89000
2015-01-12,27.799999,27.799999,27.049999,27.200001,25.600000,104000
2015-01-13,27.000000,27.400000,27.000000,27.350000,25.741177,80000
2015-01-14,27.299999,27.299999,27.049999,27.100000,25.505882,49000
2015-01-15,27.000000,27.000000,26.650000,26.700001,25.129412,116000
2015-01-16,26.600000,26.850000,26.500000,26.500000,24.941177,75000
2015-01-19,26.600000,26.600000,26.200001,26.200001,24.658825,35000
2015-01-20,26.350000,26.950001,26.200001,26.799999,25.223528,50000
2015-01-21,26.950001,27.000000,26.600000,26.900000,25.317646,78000
2015-01-22,26.900000,27.350000,26.900000,27.000000,25.411764,92000
2015-01-23,26.950001,27.049999,26.900000,26.900000,25.317646,77000
2015-01-26,26.600000,26.799999,26.600000,26.600000,25.035295,38000
2015-01-27,26.600000,26.799999,26.600000,26.600000,25.035295,22000
2015-01-28,26.500000,26.600000,26.500000,26.500000,24.941177,27000
2015-01-29,26.500000,26.750000,26.250000,26.549999,24.988235,73000
2015-01-30,26.950001,26.950001,26.650000,26.900000,25.317646,62000
2015-02-02,27.000000,27.000000,26.700001,26.700001,25.129412,22000
2015-02-03,26.850000,26.900000,26.500000,26.650000,25.082354,40000
2015-02-04,26.750000,26.750000,26.350000,26.400000,24.847059,79000
2015-02-05,26.400000,26.400000,26.250000,26.250000,24.705883,21000
2015-02-06,26.250000,26.250000,26.049999,26.100000,24.564707,58000
2015-02-09,26.150000,26.250000,25.799999,25.799999,24.282352,72000
2015-02-10,26.049999,26.100000,25.799999,26.000000,24.470589,25000
2015-02-11,26.100000,26.200001,25.900000,26.000000,24.470589,51000
2015-02-12,26.000000,26.150000,25.950001,25.950001,24.423531,23000
2015-02-13,26.000000,26.049999,25.799999,25.799999,24.282352,28000
2015-02-24,26.100000,26.100000,25.700001,25.799999,24.282352,40000
2015-02-25,25.799999,26.500000,25.799999,26.049999,24.517647,38000
2015-02-26,26.049999,26.299999,26.000000,26.299999,24.752941,29000
2015-03-02,26.299999,26.299999,26.000000,26.000000,24.470589,22000
2015-03-03,26.100000,26.750000,25.799999,26.500000,24.941177,103000
2015-03-04,26.350000,26.400000,26.049999,26.200001,24.658825,119000
2015-03-05,26.100000,26.500000,26.000000,26.049999,24.517647,120000
2015-03-06,26.049999,26.250000,25.900000,26.100000,24.564707,70000
2015-03-09,26.950001,27.900000,26.950001,27.900000,26.258823,325000
2015-03-10,29.450001,29.450001,28.299999,28.350000,26.682354,862000
2015-03-11,26.400000,27.500000,26.400000,27.150000,25.552940,330000
2015-03-12,27.150000,27.500000,27.150000,27.500000,25.882353,125000
2015-03-13,27.900000,27.900000,27.350000,27.350000,25.741177,128000
2015-03-16,27.350000,27.350000,27.049999,27.100000,25.505882,52000
2015-03-17,27.299999,27.400000,26.950001,27.000000,25.411764,115000
2015-03-18,27.000000,27.450001,27.000000,27.250000,25.647058,104000
2015-03-19,27.200001,27.350000,27.200001,27.350000,25.741177,72000
2015-03-20,27.400000,27.600000,27.350000,27.600000,25.976471,83000
2015-03-23,27.950001,28.700001,27.799999,28.400000,26.729412,307000
2015-03-24,28.350000,28.400000,27.900000,28.299999,26.635294,128000
2015-03-25,28.200001,28.250000,27.799999,27.850000,26.211765,99000
2015-03-26,27.799999,27.799999,27.600000,27.799999,26.164705,50000
2015-03-27,28.600000,28.600000,27.150000,27.750000,26.117647,177000
2015-03-30,27.650000,27.700001,27.299999,27.400000,25.788235,78000
2015-03-31,27.299999,27.450001,27.100000,27.150000,25.552940,98000
2015-04-01,27.299999,27.299999,27.100000,27.100000,25.505882,17000
2015-04-02,27.100000,27.400000,27.100000,27.250000,25.647058,26000
2015-04-07,27.250000,27.299999,26.700001,26.900000,25.317646,119000
2015-04-08,26.799999,26.900000,26.600000,26.700001,25.129412,69000
2015-04-09,26.700001,26.700001,26.500000,26.549999,24.988235,84000
2015-04-10,26.549999,26.799999,26.500000,26.750000,25.176470,52000
2015-04-13,26.750000,26.750000,26.549999,26.600000,25.035295,44000
2015-04-14,26.600000,26.799999,26.600000,26.799999,25.223528,71000
2015-04-15,27.000000,27.000000,26.600000,26.750000,25.176470,44000
2015-04-16,26.950001,27.049999,26.799999,26.950001,25.364706,57000
2015-04-17,26.850000,27.000000,26.799999,26.900000,25.317646,35000
2015-04-20,26.900000,27.350000,26.700001,27.250000,25.647058,55000
2015-04-21,27.400000,27.500000,26.850000,27.100000,25.505882,75000
2015-04-22,27.100000,27.100000,26.750000,26.750000,25.176470,52000
2015-04-23,26.750000,26.950001,26.500000,26.549999,24.988235,97000
2015-04-24,26.799999,26.900000,26.500000,26.600000,25.035295,50000
2015-04-27,26.900000,26.900000,26.500000,26.600000,25.035295,49000
2015-04-28,26.850000,26.850000,26.500000,26.600000,25.035295,20000
2015-04-29,26.700001,26.799999,26.500000,26.600000,25.035295,58000
2015-04-30,26.600000,26.650000,26.500000,26.500000,24.941177,75000
2015-05-04,26.100000,26.250000,26.100000,26.200001,24.658825,26000
2015-05-05,26.450001,26.500000,26.250000,26.299999,24.752941,28000
2015-05-06,26.200001,26.200001,25.600000,26.000000,24.470589,124000
2015-05-07,25.900000,25.900000,25.600000,25.600000,24.094118,97000
2015-05-08,25.600000,25.900000,25.400000,25.500000,24.000000,98000
2015-05-11,25.400000,25.400000,24.049999,24.400000,22.964706,102000
2015-05-12,24.200001,24.299999,23.600000,24.000000,22.588236,86000
2015-05-13,24.100000,24.100000,23.299999,23.750000,22.352942,61000
2015-05-14,23.750000,23.799999,23.250000,23.500000,22.117647,37000
2015-05-15,23.500000,23.500000,23.000000,23.000000,21.647058,102000
2015-05-18,22.799999,22.799999,21.400000,21.450001,20.188236,230000
2015-05-19,21.250000,21.250000,20.000000,21.000000,19.764706,135000
2015-05-20,21.000000,21.500000,20.150000,21.500000,20.235294,77000
2015-05-21,21.000000,21.049999,20.700001,20.900000,19.670588,37000
2015-05-22,20.900000,21.200001,20.700001,21.000000,19.764706,28000
2015-05-25,21.200001,21.200001,20.650000,20.700001,19.482353,31000
2015-05-26,20.700001,21.000000,20.549999,21.000000,19.764706,18000
2015-05-27,21.000000,21.200001,21.000000,21.150000,19.905882,19000
2015-05-28,21.000000,21.200001,20.700001,20.900000,19.670588,58000
2015-05-29,20.950001,21.799999,20.950001,21.799999,20.517647,75000
2015-06-01,21.100000,21.450001,21.100000,21.250000,20.000000,24000
2015-06-02,21.500000,21.500000,21.150000,21.150000,19.905882,38000
2015-06-03,21.150000,21.500000,21.000000,21.000000,19.764706,27000
2015-06-04,21.000000,21.000000,20.600000,20.650000,19.435293,18000
2015-06-05,20.500000,20.500000,20.100000,20.150000,18.964706,25000
2015-06-08,20.200001,20.250000,19.799999,19.799999,18.635294,60000
2015-06-09,19.600000,19.600000,18.799999,19.150000,18.023529,84000
2015-06-10,19.200001,19.500000,19.100000,19.100000,17.976471,33000
2015-06-11,19.000000,19.000000,17.500000,18.000000,16.941177,88000
2015-06-12,17.500000,18.000000,17.500000,18.000000,16.941177,26000
2015-06-15,18.200001,19.000000,18.200001,18.450001,17.364706,93000
2015-06-16,18.450001,18.450001,17.850000,17.850000,16.800001,37000
2015-06-17,17.850000,18.000000,17.700001,17.700001,16.658825,46000
2015-06-18,18.200001,18.400000,17.650000,17.950001,16.894119,28000
2015-06-22,17.900000,18.150000,17.799999,18.000000,16.941177,44000
2015-06-23,18.299999,18.500000,18.000000,18.000000,16.941177,64000
2015-06-24,18.350000,19.799999,18.299999,19.799999,18.635294,122000
2015-06-25,20.400000,20.600000,19.799999,19.799999,18.635294,149000
2015-06-26,19.799999,19.799999,19.299999,19.549999,18.400000,62000
2015-06-29,19.100000,19.200001,19.100000,19.100000,17.976471,27000
2015-06-30,19.400000,19.400000,19.000000,19.000000,17.882353,18000
2015-07-01,19.000000,19.299999,18.700001,19.000000,17.882353,70000
2015-07-02,19.049999,19.500000,19.000000,19.100000,17.976471,27000
2015-07-03,18.799999,18.799999,18.650000,18.650000,17.552940,18000
2015-07-06,18.600000,18.600000,18.299999,18.299999,17.223528,5000
2015-07-07,18.400000,19.000000,18.400000,18.700001,17.600000,25000
2015-07-08,18.500000,18.549999,18.000000,18.049999,16.988235,66000
2015-07-09,17.799999,17.799999,16.500000,17.700001,16.658825,36000
2015-07-10,17.700001,17.700001,17.700001,17.700001,16.658825,0
2015-07-13,17.700001,18.000000,17.700001,17.799999,16.752941,19000
2015-07-14,18.000000,18.000000,17.049999,17.200001,16.188236,57000
2015-07-15,17.200001,17.400000,16.799999,17.150000,16.141176,52000
2015-07-16,17.049999,17.400000,17.049999,17.400000,16.376471,24000
2015-07-17,17.549999,17.549999,17.150000,17.150000,16.141176,4000
2015-07-20,17.000000,17.100000,16.700001,16.799999,15.811764,24000
2015-07-21,17.200001,17.450001,16.900000,17.350000,16.329412,47000
2015-07-22,17.350000,17.500000,17.049999,17.299999,16.282352,21000
2015-07-23,17.299999,17.299999,16.900000,16.900000,15.905882,27000
2015-07-24,17.200001,17.200001,16.450001,16.450001,15.482354,43000
2015-07-27,16.450001,16.600000,15.000000,15.000000,14.117647,106000
2015-07-28,14.900000,15.600000,14.900000,15.550000,14.635294,64000
2015-07-29,15.550000,15.550000,15.400000,15.400000,14.494118,31000
2015-07-30,15.400000,16.299999,15.400000,15.850000,14.917647,68000
2015-07-31,16.299999,16.299999,16.000000,16.250000,15.294118,80000
2015-08-03,16.400000,16.700001,16.250000,16.650000,15.670588,79000
2015-08-04,16.650000,17.000000,16.600000,17.000000,16.000000,182000
2015-08-05,14.300000,14.300000,13.300000,13.550000,13.550000,96000
2015-08-06,13.500000,13.500000,12.800000,12.800000,12.800000,53000
2015-08-07,13.100000,13.100000,12.800000,12.800000,12.800000,11000
2015-08-10,12.800000,13.000000,12.800000,13.000000,13.000000,11000
2015-08-11,13.000000,13.000000,12.600000,12.600000,12.600000,49000
2015-08-12,12.400000,12.400000,12.250000,12.350000,12.350000,29000
2015-08-13,12.350000,12.450000,12.350000,12.450000,12.450000,12000
2015-08-14,12.300000,12.500000,12.300000,12.500000,12.500000,28000
2015-08-17,12.400000,12.400000,11.600000,11.650000,11.650000,55000
2015-08-18,11.550000,11.550000,11.400000,11.500000,11.500000,41000
2015-08-19,11.500000,11.500000,10.500000,10.900000,10.900000,77000
2015-08-20,10.500000,10.900000,10.500000,10.550000,10.550000,37000
2015-08-21,10.050000,10.100000,9.550000,9.550000,9.550000,75000
2015-08-24,9.400000,9.540000,8.600000,8.600000,8.600000,104000
2015-08-25,8.000000,8.460000,7.820000,8.320000,8.320000,64000
2015-08-26,8.320000,8.600000,8.190000,8.600000,8.600000,57000
2015-08-27,8.780000,9.350000,8.780000,9.100000,9.100000,55000
2015-08-28,9.280000,9.280000,9.010000,9.060000,9.060000,48000
2015-08-31,9.000000,9.040000,8.810000,8.950000,8.950000,24000
2015-09-01,8.950000,9.110000,8.950000,9.110000,9.110000,28000
2015-09-02,9.060000,9.980000,9.000000,9.780000,9.780000,59000
2015-09-03,9.800000,9.990000,9.610000,9.810000,9.810000,26000
2015-09-04,9.820000,9.980000,9.810000,9.810000,9.810000,16000
2015-09-07,9.690000,9.850000,9.680000,9.800000,9.800000,9000
2015-09-08,9.880000,10.200000,9.710000,10.100000,10.100000,44000
2015-09-09,10.200000,10.350000,10.050000,10.300000,10.300000,46000
2015-09-10,10.150000,10.400000,10.150000,10.400000,10.400000,11000
2015-09-11,10.400000,10.400000,10.050000,10.300000,10.300000,40000
2015-09-14,10.200000,10.250000,10.050000,10.250000,10.250000,11000
2015-09-15,10.250000,10.300000,9.820000,10.000000,10.000000,19000
2015-09-16,9.930000,10.950000,9.930000,10.600000,10.600000,93000
2015-09-17,10.700000,10.900000,10.500000,10.700000,10.700000,45000
2015-09-18,10.900000,11.200000,10.800000,11.200000,11.200000,56000
2015-09-21,11.000000,11.000000,10.550000,10.800000,10.800000,30000
2015-09-22,10.800000,10.800000,10.600000,10.800000,10.800000,7000
2015-09-23,10.800000,11.550000,10.600000,11.050000,11.050000,61000
2015-09-24,11.350000,12.150000,11.100000,11.700000,11.700000,130000
2015-09-25,11.700000,12.200000,11.500000,12.100000,12.100000,124000
2015-09-29,12.100000,12.100000,12.100000,12.100000,12.100000,0
2015-09-30,12.000000,12.850000,12.000000,12.300000,12.300000,93000
2015-10-01,12.300000,12.750000,11.900000,11.900000,11.900000,80000
2015-10-02,11.950000,12.600000,11.950000,12.350000,12.350000,136000
2015-10-05,12.350000,13.100000,12.350000,12.900000,12.900000,93000
2015-10-06,12.900000,14.050000,12.900000,13.200000,13.200000,173000
2015-10-07,13.200000,14.200000,13.050000,14.100000,14.100000,333000
2015-10-08,14.100000,14.550000,13.600000,13.900000,13.900000,238000
2015-10-12,13.900000,14.900000,13.900000,14.000000,14.000000,146000
2015-10-13,14.000000,14.500000,14.000000,14.000000,14.000000,97000
2015-10-14,14.000000,14.250000,13.700000,14.150000,14.150000,67000
2015-10-15,14.150000,14.300000,13.750000,14.000000,14.000000,69000
2015-10-16,14.200000,14.500000,13.900000,14.100000,14.100000,60000
2015-10-19,14.100000,14.400000,13.800000,14.300000,14.300000,47000
2015-10-20,14.000000,14.150000,13.700000,14.000000,14.000000,40000
2015-10-21,13.800000,14.200000,13.050000,13.800000,13.800000,113000
2015-10-22,13.800000,14.100000,13.500000,13.800000,13.800000,36000
2015-10-23,13.800000,13.950000,13.300000,13.700000,13.700000,100000
2015-10-26,13.700000,13.800000,13.000000,13.100000,13.100000,112000
2015-10-27,13.100000,13.450000,13.000000,13.100000,13.100000,80000
2015-10-28,13.000000,14.100000,13.000000,13.400000,13.400000,487000
2015-10-29,13.350000,13.700000,13.200000,13.200000,13.200000,64000
2015-10-30,13.200000,13.550000,13.200000,13.400000,13.400000,43000
2015-11-02,13.400000,13.600000,13.150000,13.600000,13.600000,50000
2015-11-03,13.600000,13.650000,13.050000,13.350000,13.350000,110000
2015-11-04,13.350000,14.650000,13.050000,13.500000,13.500000,629000
2015-11-05,13.500000,13.750000,13.350000,13.350000,13.350000,65000
2015-11-06,13.400000,13.850000,13.350000,13.650000,13.650000,200000
2015-11-09,13.650000,13.900000,13.200000,13.200000,13.200000,163000
2015-11-10,13.200000,13.550000,12.750000,12.750000,12.750000,143000
2015-11-11,12.750000,12.950000,12.000000,12.200000,12.200000,91000
2015-11-12,12.300000,12.400000,11.800000,12.300000,12.300000,104000
2015-11-13,12.250000,12.800000,12.000000,12.550000,12.550000,257000
2015-11-16,11.650000,12.150000,11.650000,11.800000,11.800000,148000
2015-11-17,11.900000,12.400000,11.700000,11.750000,11.750000,117000
2015-11-18,11.800000,12.000000,11.400000,11.700000,11.700000,141000
2015-11-19,11.700000,11.950000,11.400000,11.600000,11.600000,117000
2015-11-20,11.550000,11.900000,11.500000,11.800000,11.800000,64000
2015-11-23,11.700000,11.950000,11.400000,11.700000,11.700000,87000
2015-11-24,11.700000,11.800000,11.350000,11.550000,11.550000,71000
2015-11-25,11.500000,11.700000,11.300000,11.450000,11.450000,180000
2015-11-26,11.450000,11.600000,11.250000,11.250000,11.250000,89000
2015-11-27,11.250000,11.400000,10.200000,10.400000,10.400000,263000
2015-11-30,10.400000,10.400000,10.000000,10.150000,10.150000,60000
2015-12-01,10.150000,10.250000,10.100000,10.100000,10.100000,21000
2015-12-02,10.050000,10.250000,10.050000,10.050000,10.050000,32000
2015-12-03,10.050000,10.150000,9.890000,9.900000,9.900000,29000
2015-12-04,9.900000,10.150000,9.800000,9.890000,9.890000,44000
2015-12-07,9.950000,10.850000,9.950000,10.700000,10.700000,245000
2015-12-08,10.700000,10.950000,10.400000,10.400000,10.400000,72000
2015-12-09,10.400000,10.400000,10.100000,10.350000,10.350000,44000
2015-12-10,10.350000,10.350000,10.050000,10.150000,10.150000,17000
2015-12-11,10.150000,10.300000,10.000000,10.000000,10.000000,31000
2015-12-14,10.000000,10.300000,9.680000,9.770000,9.770000,49000
2015-12-15,9.770000,10.650000,9.770000,10.550000,10.550000,96000
2015-12-16,10.550000,10.650000,10.100000,10.200000,10.200000,72000
2015-12-17,10.150000,10.300000,10.150000,10.300000,10.300000,29000
2015-12-18,10.250000,10.300000,10.150000,10.300000,10.300000,20000
2015-12-21,10.250000,10.350000,10.200000,10.250000,10.250000,8000
2015-12-22,10.300000,10.550000,10.250000,10.450000,10.450000,68000
2015-12-23,10.450000,10.550000,10.200000,10.500000,10.500000,78000
2015-12-24,10.500000,10.550000,9.880000,10.000000,10.000000,61000
2015-12-25,10.000000,10.200000,10.000000,10.150000,10.150000,15000
2015-12-28,10.200000,10.300000,9.860000,10.000000,10.000000,43000
2015-12-29,10.050000,10.250000,9.930000,10.000000,10.000000,14000
2015-12-30,10.000000,10.250000,10.000000,10.250000,10.250000,16000
2015-12-31,10.250000,10.450000,10.000000,10.250000,10.250000,60000
2016-01-04,10.250000,10.250000,9.960000,9.960000,9.960000,22000
2016-01-05,9.960000,10.150000,9.920000,10.000000,10.000000,17000
2016-01-06,10.000000,10.150000,9.970000,9.970000,9.970000,29000
2016-01-07,9.970000,10.000000,9.690000,10.000000,10.000000,24000
2016-01-08,10.000000,10.200000,9.770000,9.980000,9.980000,10000
2016-01-11,9.250000,9.990000,9.250000,9.990000,9.990000,42000
2016-01-12,9.750000,9.870000,9.710000,9.710000,9.710000,27000
2016-01-13,9.710000,9.890000,9.510000,9.650000,9.650000,14000
2016-01-14,9.650000,9.650000,9.370000,9.370000,9.370000,35000
2016-01-15,9.270000,9.660000,9.180000,9.370000,9.370000,37000
2016-01-18,9.120000,9.490000,8.690000,9.490000,9.490000,93000
2016-01-19,9.390000,9.510000,9.070000,9.430000,9.430000,58000
2016-01-20,9.430000,9.480000,9.220000,9.400000,9.400000,19000
2016-01-21,9.390000,9.450000,9.030000,9.060000,9.060000,62000
2016-01-22,9.100000,9.110000,9.060000,9.060000,9.060000,28000
2016-01-25,9.060000,9.250000,9.060000,9.060000,9.060000,9000
2016-01-26,9.060000,9.060000,8.860000,8.900000,8.900000,28000
2016-01-27,8.900000,9.000000,8.880000,8.990000,8.990000,11000
2016-01-28,8.990000,9.140000,8.980000,9.000000,9.000000,12000
2016-01-29,9.000000,9.250000,8.920000,8.930000,8.930000,46000
2016-01-30,null,null,null,null,null,null
2016-02-01,9.000000,9.000000,8.930000,8.930000,8.930000,22000
2016-02-02,8.930000,9.100000,8.890000,9.100000,9.100000,20000
2016-02-03,9.020000,9.020000,8.960000,9.000000,9.000000,11000
2016-02-15,9.000000,9.000000,8.810000,9.000000,9.000000,14000
2016-02-16,8.990000,9.230000,8.830000,9.010000,9.010000,48000
2016-02-17,9.200000,9.290000,8.860000,8.930000,8.930000,18000
2016-02-18,8.940000,9.020000,8.940000,8.950000,8.950000,16000
2016-02-19,8.950000,8.950000,8.930000,8.930000,8.930000,13000
2016-02-22,8.930000,9.000000,8.930000,9.000000,9.000000,17000
2016-02-23,9.000000,9.350000,9.000000,9.340000,9.340000,58000
2016-02-24,9.470000,9.480000,9.290000,9.380000,9.380000,51000
2016-02-25,9.590000,9.590000,9.330000,9.370000,9.370000,13000
2016-02-26,9.370000,9.450000,9.260000,9.340000,9.340000,10000
2016-03-01,9.350000,9.350000,9.210000,9.280000,9.280000,23000
2016-03-02,9.290000,9.480000,9.290000,9.450000,9.450000,15000
2016-03-03,9.450000,9.650000,9.450000,9.580000,9.580000,50000
2016-03-04,9.550000,9.580000,9.400000,9.510000,9.510000,26000
2016-03-07,9.510000,10.150000,9.510000,10.100000,10.100000,54000
2016-03-08,10.200000,10.350000,10.000000,10.300000,10.300000,89000
2016-03-09,10.300000,10.300000,10.050000,10.200000,10.200000,26000
2016-03-10,10.100000,10.350000,10.000000,10.350000,10.350000,48000
2016-03-11,10.350000,10.450000,10.150000,10.250000,10.250000,44000
2016-03-14,10.400000,10.450000,10.300000,10.300000,10.300000,31000
2016-03-15,10.200000,10.300000,9.900000,9.970000,9.970000,42000
2016-03-16,10.100000,10.300000,10.050000,10.100000,10.100000,27000
2016-03-17,10.200000,10.400000,10.200000,10.300000,10.300000,59000
2016-03-18,10.300000,10.300000,10.050000,10.050000,10.050000,11000
2016-03-21,10.000000,10.000000,10.000000,10.000000,10.000000,6000
2016-03-22,10.050000,10.150000,9.960000,10.150000,10.150000,23000
2016-03-23,9.970000,10.250000,9.950000,10.250000,10.250000,38000
2016-03-24,10.250000,10.300000,10.150000,10.300000,10.300000,32000
2016-03-25,10.300000,10.300000,10.100000,10.100000,10.100000,24000
2016-03-28,10.150000,10.150000,10.000000,10.000000,10.000000,47000
2016-03-29,9.950000,9.950000,9.600000,9.700000,9.700000,47000
2016-03-30,9.700000,9.700000,9.500000,9.500000,9.500000,24000
2016-03-31,9.500000,9.500000,9.210000,9.250000,9.250000,56000
2016-04-01,9.220000,9.230000,9.000000,9.020000,9.020000,44000
2016-04-06,9.000000,9.060000,9.000000,9.060000,9.060000,5000
2016-04-07,9.050000,9.100000,9.000000,9.020000,9.020000,14000
2016-04-08,9.030000,9.190000,9.000000,9.150000,9.150000,13000
2016-04-11,9.250000,9.250000,9.020000,9.150000,9.150000,16000
2016-04-12,9.020000,9.150000,9.020000,9.020000,9.020000,11000
2016-04-13,9.020000,9.150000,9.020000,9.150000,9.150000,23000
2016-04-14,9.140000,9.140000,9.140000,9.140000,9.140000,5000
2016-04-15,9.020000,9.020000,8.710000,8.710000,8.710000,35000
2016-04-18,8.630000,8.860000,8.630000,8.670000,8.670000,21000
2016-04-19,8.670000,8.950000,8.670000,8.700000,8.700000,18000
2016-04-20,8.700000,8.700000,8.600000,8.600000,8.600000,15000
2016-04-21,8.560000,8.700000,8.510000,8.510000,8.510000,30000
2016-04-22,8.380000,8.380000,8.200000,8.200000,8.200000,38000
2016-04-25,8.200000,8.200000,8.020000,8.020000,8.020000,11000
2016-04-26,8.020000,8.680000,8.020000,8.680000,8.680000,26000
2016-04-27,8.680000,8.680000,8.300000,8.660000,8.660000,13000
2016-04-28,8.660000,8.660000,8.660000,8.660000,8.660000,10000
2016-04-29,8.130000,8.580000,8.130000,8.580000,8.580000,14000
2016-05-03,8.580000,8.580000,8.180000,8.260000,8.260000,14000
2016-05-04,8.170000,8.200000,8.160000,8.170000,8.170000,22000
2016-05-05,8.160000,8.250000,8.100000,8.160000,8.160000,22000
2016-05-06,8.160000,8.160000,8.160000,8.160000,8.160000,11000
2016-05-09,8.160000,8.160000,8.020000,8.060000,8.060000,26000
2016-05-10,8.290000,8.290000,8.010000,8.020000,8.020000,23000
2016-05-11,8.020000,8.050000,7.900000,8.050000,8.050000,22000
2016-05-12,8.170000,8.170000,7.740000,7.760000,7.760000,28000
2016-05-13,8.270000,8.270000,7.300000,8.110000,8.110000,97000
2016-05-16,7.800000,8.880000,7.800000,8.460000,8.460000,80000
2016-05-17,8.400000,8.430000,8.000000,8.160000,8.160000,101000
2016-05-18,8.150000,8.490000,7.970000,7.970000,7.970000,164000
2016-05-19,8.010000,8.220000,7.810000,8.090000,8.090000,68000
2016-05-20,8.090000,8.230000,7.960000,8.200000,8.200000,52000
2016-05-23,7.880000,8.490000,7.880000,8.370000,8.370000,178000
2016-05-24,8.300000,8.480000,8.160000,8.280000,8.280000,45000
2016-05-25,8.280000,8.940000,8.220000,8.630000,8.630000,267000
2016-05-26,8.630000,8.850000,8.370000,8.450000,8.450000,132000
2016-05-27,8.500000,8.550000,8.280000,8.460000,8.460000,67000
2016-05-30,8.460000,8.840000,8.210000,8.280000,8.280000,115000
2016-05-31,8.280000,8.340000,8.200000,8.250000,8.250000,21000
2016-06-01,8.120000,8.340000,8.080000,8.280000,8.280000,61000
2016-06-02,8.270000,8.390000,8.030000,8.030000,8.030000,62000
2016-06-03,8.160000,8.280000,8.100000,8.150000,8.150000,45000
2016-06-04,null,null,null,null,null,null
2016-06-06,8.230000,8.440000,8.050000,8.050000,8.050000,59000
2016-06-07,8.080000,8.560000,8.060000,8.150000,8.150000,129000
2016-06-08,8.200000,8.470000,8.100000,8.270000,8.270000,92000
2016-06-13,8.270000,8.370000,8.010000,8.270000,8.270000,150000
2016-06-14,8.200000,8.540000,8.200000,8.360000,8.360000,436000
2016-06-15,8.350000,8.530000,8.200000,8.300000,8.300000,174000
2016-06-16,8.300000,8.380000,8.170000,8.260000,8.260000,44000
2016-06-17,8.300000,9.080000,8.300000,9.010000,9.010000,812000
2016-06-20,8.990000,9.380000,8.880000,8.880000,8.880000,270000
2016-06-21,9.000000,9.000000,8.700000,8.880000,8.880000,72000
2016-06-22,8.770000,8.950000,8.770000,8.850000,8.850000,55000
2016-06-23,8.850000,9.730000,8.710000,9.730000,9.730000,618000
2016-06-24,9.730000,9.850000,9.300000,9.300000,9.300000,464000
2016-06-27,9.390000,10.150000,9.350000,9.630000,9.630000,702000
2016-06-28,9.600000,10.350000,9.600000,10.150000,10.150000,89000
2016-06-29,10.150000,10.300000,9.970000,10.250000,10.250000,212000
2016-06-30,10.100000,10.300000,9.710000,9.810000,9.810000,246000
2016-07-01,9.810000,10.050000,9.580000,9.700000,9.700000,236000
2016-07-04,9.890000,9.900000,9.500000,9.870000,9.870000,181000
2016-07-05,9.800000,10.100000,9.800000,9.980000,9.980000,214000
2016-07-06,9.830000,10.000000,9.600000,9.790000,9.790000,220000
2016-07-07,9.790000,9.820000,9.470000,9.670000,9.670000,275000
2016-07-08,9.670000,9.670000,9.670000,9.670000,9.670000,0
2016-07-11,9.680000,9.730000,9.450000,9.570000,9.570000,144000
2016-07-12,9.570000,9.640000,9.410000,9.410000,9.410000,213000
2016-07-13,9.420000,9.550000,9.410000,9.530000,9.530000,48000
2016-07-14,9.530000,9.620000,9.430000,9.610000,9.610000,223000
2016-07-15,9.610000,9.800000,9.350000,9.350000,9.350000,385000
2016-07-18,9.320000,9.480000,9.230000,9.330000,9.330000,159000
2016-07-19,9.380000,10.250000,9.300000,9.470000,9.470000,598000
2016-07-20,9.500000,9.800000,9.470000,9.570000,9.570000,662000
2016-07-21,9.640000,9.660000,9.480000,9.560000,9.560000,120000
2016-07-22,9.560000,9.930000,9.560000,9.750000,9.750000,596000
2016-07-25,9.760000,9.990000,9.670000,9.830000,9.830000,139000
2016-07-26,9.860000,10.200000,9.790000,9.830000,9.830000,427000
2016-07-27,9.810000,10.050000,9.760000,9.870000,9.870000,282000
2016-07-28,9.870000,9.920000,9.690000,9.690000,9.690000,195000
2016-07-29,9.630000,9.660000,9.200000,9.550000,9.550000,330000
2016-08-01,9.550000,9.850000,9.490000,9.760000,9.760000,192000
2016-08-02,9.770000,9.940000,9.650000,9.860000,9.860000,141000
2016-08-03,9.800000,9.880000,9.680000,9.860000,9.860000,72000
2016-08-04,9.860000,9.990000,9.720000,9.890000,9.890000,67000
2016-08-05,9.900000,9.920000,9.780000,9.890000,9.890000,42000
2016-08-08,9.920000,10.000000,9.750000,9.900000,9.900000,163000
2016-08-09,9.940000,9.940000,9.700000,9.810000,9.810000,82000
2016-08-10,9.840000,10.200000,9.840000,10.000000,10.000000,186000
2016-08-11,10.000000,10.150000,9.660000,9.670000,9.670000,145000
2016-08-12,9.700000,9.700000,9.510000,9.530000,9.530000,76000
2016-08-15,9.440000,9.530000,9.210000,9.210000,9.210000,81000
2016-08-16,9.130000,9.130000,8.900000,9.120000,9.120000,148000
2016-08-17,9.100000,9.300000,8.900000,9.040000,9.040000,72000
2016-08-18,8.950000,8.950000,8.700000,8.790000,8.790000,103000
2016-08-19,8.700000,9.270000,8.700000,9.170000,9.170000,157000
2016-08-22,9.060000,9.190000,8.900000,9.070000,9.070000,129000
2016-08-23,9.180000,9.220000,8.890000,8.890000,8.890000,135000
2016-08-24,8.860000,9.080000,8.710000,8.900000,8.900000,194000
2016-08-25,8.920000,9.500000,8.860000,9.320000,9.320000,99000
2016-08-26,9.200000,9.390000,9.010000,9.190000,9.190000,198000
2016-08-29,9.250000,9.290000,9.010000,9.170000,9.170000,116000
2016-08-30,9.170000,9.230000,9.040000,9.160000,9.160000,187000
2016-08-31,9.220000,9.350000,9.060000,9.210000,9.210000,260000
2016-09-01,9.270000,9.360000,9.100000,9.190000,9.190000,177000
2016-09-02,9.230000,9.420000,9.150000,9.340000,9.340000,358000
2016-09-05,9.370000,9.460000,9.150000,9.240000,9.240000,400000
2016-09-06,9.250000,9.430000,9.180000,9.330000,9.330000,248000
2016-09-07,9.300000,9.670000,9.300000,9.450000,9.450000,529000
2016-09-08,9.600000,9.630000,9.390000,9.520000,9.520000,327000
2016-09-09,9.500000,9.610000,9.300000,9.420000,9.420000,216000
2016-09-10,null,null,null,null,null,null
2016-09-12,9.100000,9.140000,9.100000,9.140000,9.140000,2000
2016-09-13,9.100000,9.110000,9.000000,9.000000,9.000000,35000
2016-09-14,8.910000,9.000000,8.900000,8.900000,8.900000,26000
2016-09-19,8.840000,8.930000,8.840000,8.910000,8.910000,18000
2016-09-20,8.830000,8.920000,8.800000,8.800000,8.800000,35000
2016-09-21,8.920000,8.970000,8.810000,8.970000,8.970000,25000
2016-09-22,8.810000,8.900000,8.810000,8.850000,8.850000,22000
2016-09-23,8.820000,8.820000,8.610000,8.680000,8.680000,39000
2016-09-26,8.740000,8.860000,8.690000,8.710000,8.710000,7000
2016-09-27,8.710000,8.710000,8.710000,8.710000,8.710000,0
2016-09-28,8.710000,8.710000,8.710000,8.710000,8.710000,0
2016-09-29,8.890000,8.890000,8.710000,8.720000,8.720000,22000
2016-09-30,8.850000,8.850000,8.680000,8.680000,8.680000,18000
2016-10-03,8.700000,8.800000,8.650000,8.650000,8.650000,14000
2016-10-04,8.780000,8.780000,8.780000,8.780000,8.780000,0
2016-10-05,8.560000,8.770000,8.560000,8.720000,8.720000,5000
2016-10-06,8.720000,8.800000,8.720000,8.800000,8.800000,3000
2016-10-07,8.710000,8.760000,8.560000,8.760000,8.760000,14000
2016-10-11,8.820000,8.860000,8.760000,8.850000,8.850000,77000
2016-10-12,8.840000,8.950000,8.830000,8.950000,8.950000,62000
2016-10-13,8.970000,9.050000,8.970000,9.000000,9.000000,58000
2016-10-14,9.050000,9.050000,8.910000,9.050000,9.050000,42000
2016-10-17,8.750000,9.050000,8.750000,9.050000,9.050000,31000
2016-10-18,9.040000,9.070000,9.040000,9.040000,9.040000,36000
2016-10-19,9.080000,9.080000,9.000000,9.000000,9.000000,14000
2016-10-20,9.000000,9.040000,8.950000,9.040000,9.040000,48000
2016-10-21,8.890000,9.030000,8.890000,9.030000,9.030000,5000
2016-10-24,9.020000,9.070000,9.020000,9.070000,9.070000,2000
2016-10-25,9.100000,9.100000,9.030000,9.060000,9.060000,9000
2016-10-26,9.000000,9.150000,9.000000,9.150000,9.150000,22000
2016-10-27,9.140000,9.140000,9.100000,9.100000,9.100000,17000
2016-10-28,9.020000,9.080000,9.000000,9.080000,9.080000,22000
2016-10-31,9.010000,9.080000,9.000000,9.080000,9.080000,13000
2016-11-01,8.820000,9.100000,8.820000,9.100000,9.100000,6000
2016-11-02,9.100000,9.100000,8.920000,8.920000,8.920000,30000
2016-11-03,9.050000,9.160000,9.030000,9.080000,9.080000,34000
2016-11-04,9.110000,9.200000,9.100000,9.110000,9.110000,81000
2016-11-07,8.900000,9.090000,8.900000,9.090000,9.090000,23000
2016-11-08,8.980000,9.070000,8.920000,9.070000,9.070000,6000
2016-11-09,8.970000,8.970000,8.860000,8.860000,8.860000,32000
2016-11-10,8.980000,9.040000,8.980000,8.980000,8.980000,18000
2016-11-11,8.720000,8.920000,8.720000,8.920000,8.920000,18000
2016-11-14,8.740000,9.150000,8.740000,9.150000,9.150000,14000
2016-11-15,8.820000,9.100000,8.820000,9.040000,9.040000,30000
2016-11-16,8.850000,8.980000,8.850000,8.960000,8.960000,13000
2016-11-17,8.790000,9.070000,8.780000,8.790000,8.790000,6000
2016-11-18,8.820000,8.960000,8.820000,8.960000,8.960000,11000
2016-11-21,8.840000,8.970000,8.840000,8.840000,8.840000,4000
2016-11-22,8.780000,8.980000,8.780000,8.910000,8.910000,11000
2016-11-23,8.900000,8.940000,8.800000,8.880000,8.880000,12000
2016-11-24,8.890000,8.890000,8.890000,8.890000,8.890000,1000
2016-11-25,8.800000,8.840000,8.770000,8.770000,8.770000,9000
2016-11-28,8.810000,8.810000,8.670000,8.760000,8.760000,32000
2016-11-29,8.760000,8.870000,8.530000,8.870000,8.870000,20000
2016-11-30,8.800000,8.800000,8.550000,8.780000,8.780000,30000
2016-12-01,8.600000,8.700000,8.600000,8.650000,8.650000,3000
2016-12-02,8.740000,8.740000,8.540000,8.670000,8.670000,19000
2016-12-05,8.730000,8.730000,8.730000,8.730000,8.730000,1000
2016-12-06,8.600000,8.730000,8.600000,8.710000,8.710000,15000
2016-12-07,8.610000,8.740000,8.560000,8.680000,8.680000,5000
2016-12-08,8.670000,8.750000,8.620000,8.750000,8.750000,3000
2016-12-09,8.650000,8.680000,8.620000,8.680000,8.680000,4000
2016-12-12,8.560000,8.600000,8.530000,8.600000,8.600000,17000
2016-12-13,8.590000,8.590000,8.500000,8.540000,8.540000,25000
2016-12-14,8.610000,8.610000,8.590000,8.590000,8.590000,5000
2016-12-15,8.470000,8.560000,8.450000,8.540000,8.540000,12000
2016-12-16,8.480000,8.480000,8.400000,8.400000,8.400000,20000
2016-12-19,8.300000,8.300000,8.160000,8.280000,8.280000,32000
2016-12-20,8.100000,8.290000,8.100000,8.190000,8.190000,37000
2016-12-21,8.280000,8.280000,8.130000,8.130000,8.130000,5000
2016-12-22,8.070000,8.180000,8.070000,8.180000,8.180000,7000
2016-12-23,8.060000,8.170000,8.030000,8.030000,8.030000,21000
2016-12-26,8.010000,8.290000,8.000000,8.080000,8.080000,21000
2016-12-27,8.010000,8.090000,8.000000,8.090000,8.090000,14000
2016-12-28,8.020000,8.060000,8.000000,8.010000,8.010000,16000
2016-12-29,8.120000,8.120000,8.120000,8.120000,8.120000,1000
2016-12-30,8.050000,8.110000,7.960000,8.000000,8.000000,13000
2017-01-03,7.940000,8.140000,7.900000,8.140000,8.140000,21000
2017-01-04,8.140000,8.140000,8.140000,8.140000,8.140000,0
2017-01-05,8.150000,8.150000,8.050000,8.140000,8.140000,4000
2017-01-06,8.100000,8.100000,7.960000,8.070000,8.070000,14000
2017-01-09,8.150000,8.150000,8.100000,8.100000,8.100000,4000
2017-01-10,8.020000,8.080000,8.020000,8.080000,8.080000,14000
2017-01-11,8.080000,8.110000,8.080000,8.110000,8.110000,3000
2017-01-12,8.080000,8.170000,7.990000,8.120000,8.120000,17000
2017-01-13,8.050000,8.180000,8.000000,8.180000,8.180000,8000
2017-01-16,8.100000,8.100000,8.100000,8.100000,8.100000,2000
2017-01-17,8.170000,8.170000,8.080000,8.080000,8.080000,6000
2017-01-18,8.080000,8.170000,8.040000,8.140000,8.140000,22000
2017-01-19,8.180000,8.250000,8.140000,8.190000,8.190000,35000
2017-01-20,8.190000,8.190000,8.190000,8.190000,8.190000,0
2017-01-23,8.250000,8.280000,8.060000,8.190000,8.190000,30000
2017-01-24,8.180000,8.260000,8.150000,8.250000,8.250000,38000
2017-02-02,8.300000,8.300000,8.180000,8.260000,8.260000,16000
2017-02-03,8.260000,8.290000,8.150000,8.290000,8.290000,34000
2017-02-06,8.290000,8.300000,8.180000,8.300000,8.300000,82000
2017-02-07,8.300000,8.330000,8.200000,8.280000,8.280000,25000
2017-02-08,8.320000,8.320000,8.220000,8.290000,8.290000,60000
2017-02-09,8.320000,8.680000,8.290000,8.680000,8.680000,73000
2017-02-10,8.680000,8.680000,8.490000,8.650000,8.650000,48000
2017-02-13,8.520000,8.640000,8.200000,8.600000,8.600000,36000
2017-02-14,8.430000,8.570000,8.420000,8.570000,8.570000,14000
2017-02-15,8.590000,8.590000,8.550000,8.550000,8.550000,3000
2017-02-16,8.570000,8.570000,8.500000,8.500000,8.500000,5000
2017-02-17,8.540000,8.560000,8.340000,8.490000,8.490000,17000
2017-02-18,null,null,null,null,null,null
2017-02-20,8.620000,8.630000,8.410000,8.540000,8.540000,34000
2017-02-21,8.500000,8.530000,8.450000,8.520000,8.520000,13000
2017-02-22,8.500000,8.500000,8.410000,8.460000,8.460000,13000
2017-02-23,8.440000,8.440000,8.400000,8.430000,8.430000,21000
2017-02-24,8.390000,8.470000,8.350000,8.400000,8.400000,48000
2017-03-01,8.460000,8.460000,8.310000,8.350000,8.350000,44000
2017-03-02,8.440000,8.440000,8.180000,8.310000,8.310000,75000
2017-03-03,8.350000,8.350000,8.220000,8.270000,8.270000,54000
2017-03-06,8.260000,8.330000,8.160000,8.330000,8.330000,31000
2017-03-07,8.260000,8.360000,8.250000,8.260000,8.260000,14000
2017-03-08,8.380000,8.380000,8.330000,8.360000,8.360000,6000
2017-03-09,8.340000,8.390000,8.220000,8.360000,8.360000,23000
2017-03-10,8.360000,8.380000,8.280000,8.380000,8.380000,11000
2017-03-13,8.400000,8.480000,8.300000,8.480000,8.480000,8000
2017-03-14,8.500000,8.530000,8.450000,8.530000,8.530000,15000
2017-03-15,8.530000,8.530000,8.530000,8.530000,8.530000,0
2017-03-16,8.420000,8.440000,8.400000,8.440000,8.440000,11000
2017-03-17,8.440000,8.450000,8.310000,8.440000,8.440000,19000
2017-03-20,8.460000,8.470000,8.450000,8.470000,8.470000,10000
2017-03-21,8.410000,8.480000,8.410000,8.470000,8.470000,11000
2017-03-22,8.360000,8.480000,8.360000,8.480000,8.480000,13000
2017-03-23,8.490000,8.530000,8.490000,8.530000,8.530000,17000
2017-03-24,8.560000,8.570000,8.470000,8.520000,8.520000,12000
2017-03-27,8.520000,8.520000,8.450000,8.450000,8.450000,10000
2017-03-28,8.530000,8.530000,8.370000,8.520000,8.520000,5000
2017-03-29,8.520000,8.530000,8.520000,8.530000,8.530000,15000
2017-03-30,8.460000,8.590000,8.460000,8.560000,8.560000,66000
2017-03-31,8.500000,9.020000,8.500000,8.770000,8.770000,208000
2017-04-05,8.800000,8.930000,8.680000,8.780000,8.780000,69000
2017-04-06,8.780000,8.790000,8.670000,8.690000,8.690000,8000
2017-04-07,8.690000,8.880000,8.690000,8.860000,8.860000,63000
2017-04-10,8.870000,8.920000,8.310000,8.560000,8.560000,101000
2017-04-11,8.500000,8.670000,8.480000,8.660000,8.660000,66000
2017-04-12,8.620000,8.880000,8.600000,8.680000,8.680000,62000
2017-04-13,8.620000,8.690000,8.620000,8.690000,8.690000,23000
2017-04-14,8.620000,8.680000,8.330000,8.330000,8.330000,36000
2017-04-17,8.330000,8.450000,8.330000,8.430000,8.430000,98000
2017-04-18,8.440000,8.480000,8.400000,8.480000,8.480000,27000
2017-04-19,8.400000,8.550000,8.400000,8.550000,8.550000,17000
2017-04-20,8.540000,8.550000,8.440000,8.540000,8.540000,34000
2017-04-21,8.630000,8.630000,8.530000,8.600000,8.600000,41000
2017-04-24,8.600000,8.660000,8.600000,8.660000,8.660000,27000
2017-04-25,8.600000,8.670000,8.530000,8.670000,8.670000,30000
2017-04-26,8.660000,8.720000,8.660000,8.720000,8.720000,10000
2017-04-27,8.750000,8.760000,8.380000,8.450000,8.450000,39000
2017-04-28,8.550000,8.630000,8.500000,8.590000,8.590000,84000
2017-05-02,8.680000,9.440000,8.680000,9.440000,9.440000,395000
2017-05-03,10.350000,10.350000,10.350000,10.350000,10.350000,274000
2017-05-04,11.350000,11.350000,11.350000,11.350000,11.350000,294000
2017-05-05,12.450000,12.450000,12.450000,12.450000,12.450000,178000
2017-05-08,13.400000,13.400000,11.650000,12.000000,12.000000,2532000
2017-05-09,12.300000,12.300000,10.800000,10.800000,10.800000,777000
2017-05-10,10.800000,11.000000,10.400000,10.650000,10.650000,294000
2017-05-11,10.800000,11.150000,10.200000,10.250000,10.250000,386000
2017-05-12,10.400000,10.650000,10.000000,10.200000,10.200000,615000
2017-05-15,10.300000,10.300000,10.100000,10.100000,10.100000,134000
2017-05-16,10.000000,10.200000,9.840000,9.960000,9.960000,286000
2017-05-17,9.990000,10.650000,9.990000,10.150000,10.150000,797000
2017-05-18,10.000000,10.100000,9.920000,9.950000,9.950000,226000
2017-05-19,10.300000,10.300000,9.850000,9.850000,9.850000,227000
2017-05-22,9.900000,10.800000,9.900000,10.800000,10.800000,904000
2017-05-23,11.850000,11.850000,11.850000,11.850000,11.850000,270000
2017-05-24,13.000000,13.000000,10.800000,10.800000,10.800000,3570000
2017-05-25,10.800000,11.000000,10.450000,11.000000,11.000000,764000
2017-05-26,11.100000,11.100000,10.600000,10.700000,10.700000,215000
2017-05-31,10.800000,10.800000,10.000000,10.200000,10.200000,268000
2017-06-01,10.350000,10.450000,10.150000,10.400000,10.400000,117000
2017-06-02,10.700000,10.700000,10.350000,10.400000,10.400000,100000
2017-06-03,null,null,null,null,null,null
2017-06-05,10.800000,10.800000,10.350000,10.550000,10.550000,83000
2017-06-06,10.400000,10.500000,10.250000,10.450000,10.450000,75000
2017-06-07,10.400000,10.600000,10.300000,10.400000,10.400000,110000
2017-06-08,10.500000,10.550000,10.200000,10.200000,10.200000,103000
2017-06-09,10.300000,10.300000,10.100000,10.100000,10.100000,132000
2017-06-12,10.100000,10.250000,10.000000,10.050000,10.050000,86000
2017-06-13,10.050000,10.300000,10.050000,10.200000,10.200000,47000
2017-06-14,10.200000,10.300000,9.910000,10.100000,10.100000,156000
2017-06-15,9.930000,10.250000,9.920000,10.100000,10.100000,81000
2017-06-16,10.000000,10.200000,10.000000,10.150000,10.150000,90000
2017-06-19,10.200000,11.150000,10.150000,11.150000,11.150000,509000
2017-06-20,11.400000,11.500000,10.650000,10.800000,10.800000,729000
2017-06-21,10.800000,10.800000,10.500000,10.800000,10.800000,90000
2017-06-22,10.800000,10.850000,10.650000,10.750000,10.750000,97000
2017-06-23,10.750000,11.000000,10.750000,10.800000,10.800000,138000
2017-06-26,10.800000,10.950000,10.700000,10.750000,10.750000,93000
2017-06-27,10.750000,10.750000,10.550000,10.750000,10.750000,61000
2017-06-28,10.750000,11.400000,10.750000,10.900000,10.900000,219000
2017-06-29,11.000000,11.150000,10.850000,10.850000,10.850000,140000
2017-06-30,10.850000,11.100000,10.850000,10.900000,10.900000,97000
2017-07-03,11.000000,11.950000,10.950000,11.350000,11.350000,1158000
2017-07-04,11.250000,11.450000,11.000000,11.050000,11.050000,281000
2017-07-05,11.000000,11.200000,11.000000,11.150000,11.150000,94000
2017-07-06,11.350000,11.450000,11.150000,11.400000,11.400000,63000
2017-07-07,11.450000,12.200000,11.450000,11.650000,11.650000,519000
2017-07-10,11.650000,12.800000,11.650000,12.800000,12.800000,1122000
2017-07-11,12.550000,12.600000,12.000000,12.000000,12.000000,805000
2017-07-12,12.000000,13.100000,12.000000,12.450000,12.450000,629000
2017-07-13,12.850000,13.600000,12.450000,12.800000,12.800000,1786000
2017-07-14,12.800000,13.150000,12.350000,12.500000,12.500000,529000
2017-07-17,12.350000,13.100000,12.350000,12.950000,12.950000,501000
2017-07-18,13.000000,13.200000,12.750000,12.750000,12.750000,287000
2017-07-19,12.950000,13.800000,12.900000,13.250000,13.250000,913000
2017-07-20,13.300000,13.400000,12.300000,12.300000,12.300000,558000
2017-07-21,12.100000,12.150000,11.600000,11.600000,11.600000,486000
2017-07-24,11.800000,12.400000,11.600000,12.150000,12.150000,226000
2017-07-25,12.200000,12.900000,12.200000,12.550000,12.550000,214000
2017-07-26,12.600000,12.950000,12.400000,12.500000,12.500000,169000
2017-07-27,12.550000,12.700000,12.250000,12.250000,12.250000,166000
2017-07-28,12.350000,12.450000,11.600000,11.650000,11.650000,324000
2017-07-31,11.750000,11.800000,11.200000,11.300000,11.300000,189000
2017-08-01,11.250000,11.650000,11.250000,11.600000,11.600000,76000
2017-08-02,11.600000,11.900000,11.550000,11.650000,11.650000,139000
2017-08-03,11.650000,11.650000,11.250000,11.300000,11.300000,118000
2017-08-04,11.500000,11.850000,11.500000,11.600000,11.600000,125000
2017-08-07,12.000000,12.050000,11.700000,11.750000,11.750000,189000
2017-08-08,12.000000,12.000000,11.550000,11.600000,11.600000,121000
2017-08-09,11.600000,11.900000,11.500000,11.600000,11.600000,68000
2017-08-10,11.800000,11.800000,11.300000,11.300000,11.300000,62000
2017-08-11,11.050000,11.250000,10.750000,10.900000,10.900000,192000
2017-08-14,10.500000,10.500000,10.000000,10.400000,10.400000,207000
2017-08-15,10.300000,11.000000,10.300000,10.500000,10.500000,120000
2017-08-16,10.700000,10.750000,10.400000,10.500000,10.500000,17000
2017-08-17,10.800000,10.800000,10.550000,10.650000,10.650000,20000
2017-08-18,10.750000,10.950000,10.400000,10.700000,10.700000,42000
2017-08-21,10.950000,11.000000,10.700000,10.700000,10.700000,29000
2017-08-22,10.550000,10.850000,10.400000,10.550000,10.550000,25001
2017-08-23,10.800000,11.500000,10.800000,11.050000,11.050000,132000
2017-08-24,11.200000,12.150000,11.200000,12.150000,12.150000,737101
2017-08-25,12.450000,12.800000,11.800000,11.800000,11.800000,982365
2017-08-28,11.500000,12.300000,11.500000,11.750000,11.750000,177100
2017-08-29,11.700000,12.100000,11.650000,11.850000,11.850000,92000
2017-08-30,11.750000,12.150000,11.750000,11.800000,11.800000,100000
2017-08-31,11.850000,11.850000,11.300000,11.300000,11.300000,143000
2017-09-01,11.300000,11.650000,10.900000,11.050000,11.050000,264000
2017-09-04,10.850000,11.050000,10.850000,11.000000,11.000000,37050
2017-09-05,11.100000,11.150000,10.950000,10.950000,10.950000,33000
2017-09-06,11.000000,11.000000,9.970000,10.400000,10.400000,362001
2017-09-07,10.450000,10.600000,10.300000,10.300000,10.300000,144000
2017-09-08,10.700000,10.700000,10.350000,10.350000,10.350000,74000
2017-09-11,10.550000,10.550000,10.100000,10.200000,10.200000,112000
2017-09-12,10.150000,10.500000,10.150000,10.250000,10.250000,51000
2017-09-13,10.250000,10.800000,10.200000,10.550000,10.550000,112003
2017-09-14,10.600000,10.850000,10.550000,10.600000,10.600000,73000
2017-09-15,10.650000,10.700000,10.350000,10.700000,10.700000,93000
2017-09-18,10.550000,10.650000,10.400000,10.400000,10.400000,115000
2017-09-19,10.400000,10.400000,10.200000,10.200000,10.200000,87000
2017-09-20,10.200000,10.350000,10.200000,10.200000,10.200000,54000
2017-09-21,10.250000,10.250000,10.200000,10.200000,10.200000,60000
2017-09-22,10.450000,10.450000,10.200000,10.200000,10.200000,68000
2017-09-25,10.250000,10.600000,10.200000,10.250000,10.250000,146000
2017-09-26,10.250000,10.300000,10.150000,10.300000,10.300000,62000
2017-09-27,10.300000,10.350000,10.300000,10.350000,10.350000,24000
2017-09-28,10.300000,10.300000,10.200000,10.250000,10.250000,70000
2017-09-29,10.250000,10.300000,10.200000,10.250000,10.250000,39000
2017-10-02,10.250000,10.300000,10.200000,10.300000,10.300000,48000
2017-10-03,10.250000,10.250000,10.250000,10.250000,10.250000,16000
2017-10-05,10.250000,11.250000,10.250000,11.250000,11.250000,635000
2017-10-06,11.400000,11.400000,10.550000,10.750000,10.750000,229000
2017-10-11,10.750000,10.750000,10.600000,10.650000,10.650000,89158
2017-10-12,10.650000,10.750000,10.450000,10.500000,10.500000,88000
2017-10-13,10.550000,10.600000,10.500000,10.550000,10.550000,77000
2017-10-16,10.600000,11.300000,10.600000,11.000000,11.000000,205000
2017-10-17,11.100000,11.350000,11.000000,11.000000,11.000000,215000
2017-10-18,11.200000,12.000000,11.100000,11.800000,11.800000,423000
2017-10-19,11.800000,12.500000,11.800000,12.050000,12.050000,996000
2017-10-20,12.050000,12.350000,11.500000,12.050000,12.050000,258000
2017-10-23,12.200000,12.200000,11.700000,11.750000,11.750000,206000
2017-10-24,11.750000,11.750000,11.600000,11.650000,11.650000,125001
2017-10-25,11.650000,11.700000,11.500000,11.600000,11.600000,75000
2017-10-26,11.600000,11.600000,11.450000,11.450000,11.450000,103000
2017-10-27,11.450000,11.500000,10.900000,11.150000,11.150000,138000
2017-10-30,11.150000,11.200000,11.000000,11.150000,11.150000,80000
2017-10-31,11.150000,11.650000,11.150000,11.250000,11.250000,30001
2017-11-01,11.450000,12.000000,11.450000,11.650000,11.650000,159000
2017-11-02,11.800000,11.800000,11.550000,11.700000,11.700000,109200
2017-11-03,11.800000,12.150000,11.600000,11.900000,11.900000,266047
2017-11-06,12.100000,12.400000,12.050000,12.150000,12.150000,231000
2017-11-07,12.150000,12.150000,11.950000,11.950000,11.950000,158000
2017-11-08,12.250000,12.250000,12.050000,12.100000,12.100000,70025
2017-11-09,12.250000,12.250000,11.950000,11.950000,11.950000,173000
2017-11-10,11.800000,11.950000,11.600000,11.650000,11.650000,60000
2017-11-13,11.650000,11.900000,11.650000,11.650000,11.650000,54000
2017-11-14,11.550000,11.850000,11.550000,11.750000,11.750000,27000
2017-11-15,11.900000,11.900000,11.750000,11.900000,11.900000,29000
2017-11-16,11.800000,11.850000,11.750000,11.800000,11.800000,24000
2017-11-17,11.900000,12.250000,11.850000,12.000000,12.000000,134001
2017-11-20,12.200000,12.200000,12.050000,12.150000,12.150000,65000
2017-11-21,12.200000,12.200000,12.000000,12.100000,12.100000,51000
2017-11-22,12.150000,12.150000,11.950000,12.000000,12.000000,34000
2017-11-23,12.050000,12.050000,11.800000,11.950000,11.950000,28000
2017-11-24,12.100000,12.100000,12.000000,12.000000,12.000000,20000
2017-11-27,12.150000,12.150000,11.950000,11.950000,11.950000,66005
2017-11-28,11.950000,12.050000,11.950000,12.000000,12.000000,41000
2017-11-29,12.050000,12.050000,11.850000,11.850000,11.850000,71000
2017-11-30,11.900000,11.900000,11.300000,11.450000,11.450000,147001
2017-12-01,11.450000,11.700000,11.450000,11.500000,11.500000,27074
2017-12-04,11.700000,11.700000,11.500000,11.500000,11.500000,71000
2017-12-05,11.200000,11.600000,11.200000,11.500000,11.500000,27000
2017-12-06,11.400000,11.400000,11.000000,11.200000,11.200000,73000
2017-12-07,11.100000,11.300000,11.000000,11.300000,11.300000,30000
2017-12-08,11.800000,11.800000,11.250000,11.350000,11.350000,67000
2017-12-11,11.400000,11.700000,11.200000,11.700000,11.700000,45000
2017-12-12,11.600000,11.700000,11.450000,11.700000,11.700000,16000
2017-12-13,11.900000,12.100000,11.900000,11.950000,11.950000,95002
2017-12-14,11.950000,12.800000,11.950000,12.750000,12.750000,337010
2017-12-15,12.850000,13.150000,12.350000,12.400000,12.400000,327001
2017-12-18,12.450000,12.500000,12.400000,12.450000,12.450000,55000
2017-12-19,12.600000,12.650000,12.400000,12.550000,12.550000,151002
2017-12-20,12.600000,13.800000,12.600000,13.800000,13.800000,1441706
2017-12-21,14.400000,15.150000,14.350000,15.150000,15.150000,3470478
2017-12-22,15.500000,15.750000,14.500000,15.100000,15.100000,2358931
2017-12-25,15.250000,16.450001,15.000000,15.700000,15.700000,1753167
2017-12-26,15.800000,16.200001,15.350000,15.650000,15.650000,939460
2017-12-27,15.600000,16.950001,15.400000,15.950000,15.950000,1829109
2017-12-28,16.299999,16.299999,14.500000,15.250000,15.250000,1221300
2017-12-29,14.850000,15.050000,14.700000,15.050000,15.050000,565003
2018-01-02,15.050000,15.100000,14.600000,14.750000,14.750000,476000
2018-01-03,14.500000,14.550000,14.000000,14.150000,14.150000,1171000
2018-01-04,14.000000,14.400000,13.850000,14.200000,14.200000,1151000
2018-01-05,14.250000,14.250000,13.850000,13.950000,13.950000,429001
2018-01-08,14.050000,15.300000,14.050000,15.200000,15.200000,1870001
2018-01-09,14.650000,15.000000,14.400000,14.450000,14.450000,889002
2018-01-10,14.350000,15.300000,14.350000,14.800000,14.800000,3371000
2018-01-11,14.450000,14.950000,14.450000,14.900000,14.900000,345002
2018-01-12,14.800000,16.100000,14.800000,15.750000,15.750000,2231819
2018-01-15,15.750000,15.800000,15.200000,15.200000,15.200000,564002
2018-01-16,15.200000,15.350000,14.750000,15.250000,15.250000,383501
2018-01-17,15.300000,15.300000,14.900000,15.200000,15.200000,430001
2018-01-18,15.300000,16.700001,15.300000,15.500000,15.500000,2190001
2018-01-19,15.600000,16.049999,15.350000,15.450000,15.450000,782001
2018-01-22,15.350000,15.600000,15.250000,15.250000,15.250000,420004
2018-01-23,15.150000,15.600000,14.650000,15.100000,15.100000,1716000
2018-01-24,15.350000,15.350000,14.900000,15.000000,15.000000,231000
2018-01-25,15.000000,15.150000,14.750000,14.950000,14.950000,235000
2018-01-26,14.750000,15.450000,14.750000,15.200000,15.200000,278000
2018-01-29,15.300000,15.800000,15.300000,15.750000,15.750000,558000
2018-01-30,15.600000,15.900000,15.350000,15.350000,15.350000,316002
2018-01-31,15.300000,15.550000,15.200000,15.350000,15.350000,159000
2018-02-01,15.400000,15.500000,15.000000,15.200000,15.200000,184001
2018-02-02,15.050000,15.350000,14.750000,14.750000,14.750000,172330
2018-02-05,14.700000,14.700000,14.250000,14.450000,14.450000,153501
2018-02-06,14.200000,14.200000,13.050000,13.100000,13.100000,472500
2018-02-07,13.200000,13.450000,12.950000,13.050000,13.050000,246000
2018-02-08,13.200000,13.200000,12.050000,12.100000,12.100000,344020
2018-02-09,11.750000,11.750000,10.900000,11.100000,11.100000,474001
2018-02-12,11.400000,12.200000,11.300000,12.200000,12.200000,354000
2018-02-21,13.400000,13.400000,13.400000,13.400000,13.400000,151000
2018-02-22,14.700000,14.700000,14.700000,14.700000,14.700000,197500
2018-02-23,15.600000,15.600000,14.700000,15.000000,15.000000,955503
2018-02-26,15.500000,15.500000,14.700000,15.050000,15.050000,250004
2018-02-27,15.050000,15.400000,14.700000,14.800000,14.800000,564004
2018-03-01,14.600000,14.650000,14.200000,14.300000,14.300000,251001
2018-03-02,14.300000,14.300000,13.800000,13.900000,13.900000,163000
2018-03-05,13.900000,13.900000,13.500000,13.600000,13.600000,75037
2018-03-06,13.700000,14.350000,13.700000,13.800000,13.800000,227001
2018-03-07,13.850000,13.950000,13.550000,13.600000,13.600000,143003
2018-03-08,13.600000,13.950000,13.600000,13.950000,13.950000,96999
2018-03-09,13.950000,14.200000,13.900000,13.900000,13.900000,95000
2018-03-12,13.950000,14.500000,13.500000,14.000000,14.000000,731002
2018-03-13,14.000000,14.150000,13.650000,13.750000,13.750000,140000
2018-03-14,13.600000,14.050000,13.600000,13.700000,13.700000,108001
2018-03-15,13.600000,13.950000,13.600000,13.650000,13.650000,55002
2018-03-16,13.700000,13.800000,13.650000,13.650000,13.650000,77001
2018-03-19,13.600000,13.600000,13.300000,13.350000,13.350000,96004
2018-03-20,13.350000,13.650000,13.000000,13.000000,13.000000,172001
2018-03-21,13.050000,13.400000,12.800000,12.900000,12.900000,400001
2018-03-22,12.850000,12.950000,12.700000,12.700000,12.700000,74005
2018-03-23,12.700000,12.700000,12.300000,12.300000,12.300000,111009
2018-03-26,12.300000,13.250000,12.300000,13.050000,13.050000,256005
2018-03-27,13.400000,13.450000,13.100000,13.100000,13.100000,57002
2018-03-28,13.000000,13.200000,13.000000,13.100000,13.100000,26000
2018-03-29,13.100000,13.200000,13.100000,13.100000,13.100000,59000
2018-03-30,13.700000,13.950000,13.100000,13.550000,13.550000,493000
2018-04-02,13.750000,13.750000,13.600000,13.600000,13.600000,146001
2018-04-03,13.550000,13.700000,13.450000,13.550000,13.550000,54000
2018-04-09,13.600000,13.950000,13.600000,13.950000,13.950000,290002
2018-04-10,14.000000,14.000000,13.850000,13.850000,13.850000,98000
2018-04-11,13.900000,13.900000,13.750000,13.800000,13.800000,72000
2018-04-12,13.700000,13.900000,13.500000,13.500000,13.500000,44001
2018-04-13,13.800000,14.150000,13.700000,14.000000,14.000000,130000
2018-04-16,13.850000,14.450000,13.850000,14.050000,14.050000,167002
2018-04-17,14.050000,14.050000,13.800000,13.800000,13.800000,85000
2018-04-18,13.800000,13.900000,13.800000,13.900000,13.900000,124000
2018-04-19,14.050000,14.050000,13.950000,13.950000,13.950000,62032
2018-04-20,13.800000,13.850000,13.700000,13.700000,13.700000,28064
2018-04-23,13.900000,14.600000,13.850000,14.000000,14.000000,158000
2018-04-24,14.000000,14.000000,13.750000,13.850000,13.850000,205010
2018-04-25,13.850000,13.900000,13.750000,13.850000,13.850000,77000
2018-04-26,13.950000,14.000000,13.700000,14.000000,14.000000,76000
2018-04-27,13.800000,13.900000,13.250000,13.900000,13.900000,136000
2018-04-30,13.400000,13.400000,12.550000,13.350000,13.350000,734102
2018-05-02,13.250000,13.250000,12.750000,13.000000,13.000000,134003
2018-05-03,13.000000,13.050000,12.900000,13.000000,13.000000,127000
2018-05-04,12.900000,13.000000,12.900000,12.950000,12.950000,85000
2018-05-07,12.600000,12.950000,12.600000,12.900000,12.900000,48003
2018-05-08,12.800000,13.000000,12.650000,13.000000,13.000000,129000
2018-05-09,12.950000,13.050000,12.600000,13.000000,13.000000,118000
2018-05-10,12.750000,13.000000,12.750000,13.000000,13.000000,42000
2018-05-11,13.000000,13.000000,12.800000,12.950000,12.950000,69000
2018-05-14,12.650000,12.750000,12.600000,12.650000,12.650000,34000
2018-05-15,12.550000,12.900000,12.550000,12.800000,12.800000,37000
2018-05-16,12.800000,12.850000,12.600000,12.850000,12.850000,65000
2018-05-17,12.600000,12.800000,12.600000,12.800000,12.800000,62100
2018-05-18,12.750000,13.300000,12.550000,13.300000,13.300000,294000
2018-05-21,13.300000,13.300000,12.850000,12.950000,12.950000,101001
2018-05-22,12.850000,12.850000,12.700000,12.850000,12.850000,45002
2018-05-23,12.750000,12.800000,12.700000,12.800000,12.800000,27000
2018-05-24,12.750000,13.100000,12.700000,13.100000,13.100000,34000
2018-05-25,13.100000,13.250000,12.900000,13.050000,13.050000,110000
2018-05-28,12.800000,12.950000,12.650000,12.950000,12.950000,32000
2018-05-29,12.800000,13.000000,12.750000,13.000000,13.000000,21000
2018-05-30,12.750000,13.200000,12.600000,13.200000,13.200000,52000
2018-05-31,13.000000,13.000000,12.800000,12.800000,12.800000,21000
2018-06-01,12.800000,12.850000,12.600000,12.850000,12.850000,45000
2018-06-04,13.000000,13.150000,12.950000,13.000000,13.000000,144000
2018-06-05,13.000000,13.000000,12.900000,13.000000,13.000000,82300
2018-06-06,12.900000,13.000000,12.600000,12.950000,12.950000,67000
2018-06-07,12.750000,12.900000,12.600000,12.900000,12.900000,34000
2018-06-08,12.750000,12.750000,12.650000,12.650000,12.650000,13200
2018-06-11,12.400000,12.600000,12.400000,12.500000,12.500000,58000
2018-06-12,12.150000,12.600000,12.150000,12.600000,12.600000,58000
2018-06-13,12.300000,12.600000,12.250000,12.250000,12.250000,92000
2018-06-14,12.250000,12.550000,12.250000,12.500000,12.500000,60000
2018-06-15,12.250000,12.800000,12.250000,12.800000,12.800000,41000
2018-06-19,12.400000,12.700000,12.350000,12.700000,12.700000,43000
2018-06-20,12.300000,12.850000,12.000000,12.600000,12.600000,86000
2018-06-21,12.550000,12.600000,12.200000,12.550000,12.550000,69000
2018-06-22,12.150000,12.500000,12.150000,12.500000,12.500000,31006
2018-06-25,12.250000,12.500000,12.200000,12.300000,12.300000,53000
2018-06-26,12.050000,12.500000,12.000000,12.500000,12.500000,48001
2018-06-27,12.150000,12.450000,12.050000,12.450000,12.450000,37000
2018-06-28,12.300000,12.450000,12.100000,12.150000,12.150000,30000
2018-06-29,12.000000,12.450000,12.000000,12.450000,12.450000,42001
2018-07-02,11.600000,12.150000,11.600000,12.150000,12.150000,36000
2018-07-03,11.700000,11.950000,11.700000,11.700000,11.700000,36000
2018-07-04,11.550000,11.650000,11.100000,11.350000,11.350000,42000
2018-07-05,11.000000,11.350000,11.000000,11.300000,11.300000,106001
2018-07-06,11.300000,11.800000,11.200000,11.700000,11.700000,50000
2018-07-09,11.500000,11.750000,11.500000,11.750000,11.750000,32000
2018-07-10,11.700000,11.750000,11.600000,11.600000,11.600000,27000
2018-07-11,11.200000,11.550000,11.200000,11.550000,11.550000,30001
2018-07-12,11.250000,11.550000,11.250000,11.550000,11.550000,43000
2018-07-13,11.550000,11.850000,11.400000,11.600000,11.600000,59001
2018-07-16,11.450000,11.700000,11.450000,11.600000,11.600000,77001
2018-07-17,11.450000,11.650000,11.450000,11.650000,11.650000,23000
2018-07-18,11.350000,11.500000,11.200000,11.500000,11.500000,33001
2018-07-19,11.100000,11.350000,11.000000,11.000000,11.000000,41000
2018-07-20,10.550000,11.000000,10.550000,10.950000,10.950000,98000
2018-07-23,10.700000,10.700000,10.150000,10.600000,10.600000,26001
2018-07-24,10.500000,10.500000,10.350000,10.450000,10.450000,66001
2018-07-25,10.450000,10.500000,10.300000,10.450000,10.450000,106000
2018-07-26,10.250000,10.550000,10.250000,10.550000,10.550000,81000
2018-07-27,10.300000,10.550000,10.300000,10.550000,10.550000,33000
2018-07-30,10.400000,10.650000,10.400000,10.650000,10.650000,41000
2018-07-31,10.500000,10.600000,10.450000,10.550000,10.550000,53002
2018-08-01,10.450000,10.650000,10.450000,10.600000,10.600000,96000
2018-08-02,10.500000,10.650000,10.500000,10.650000,10.650000,86000
2018-08-03,10.600000,10.750000,10.600000,10.750000,10.750000,42000
2018-08-06,11.000000,11.800000,11.000000,11.800000,11.800000,320000
2018-08-07,12.950000,12.950000,12.950000,12.950000,12.950000,398000
2018-08-08,12.300000,13.300000,11.800000,12.900000,12.900000,440000
2018-08-09,12.300000,12.850000,12.300000,12.600000,12.600000,154000
2018-08-10,12.500000,13.850000,12.500000,13.600000,13.600000,365000
2018-08-13,13.500000,13.550000,12.900000,13.250000,13.250000,238000
2018-08-14,12.850000,13.250000,12.850000,13.250000,13.250000,160000
2018-08-15,13.300000,13.300000,12.200000,13.150000,13.150000,76001
2018-08-16,12.350000,13.100000,12.350000,12.700000,12.700000,48000
2018-08-17,12.700000,13.250000,12.700000,13.200000,13.200000,157001
2018-08-20,13.200000,13.250000,12.950000,13.200000,13.200000,158001
2018-08-21,13.000000,13.250000,12.950000,13.100000,13.100000,112001
2018-08-22,13.000000,13.250000,12.950000,13.200000,13.200000,60000
2018-08-23,13.150000,13.200000,13.050000,13.100000,13.100000,65001
2018-08-24,13.100000,13.300000,13.000000,13.300000,13.300000,90000
2018-08-27,13.300000,13.400000,13.150000,13.400000,13.400000,83000
2018-08-28,13.350000,13.500000,13.350000,13.500000,13.500000,70000
2018-08-29,13.450000,13.700000,13.450000,13.600000,13.600000,68000
2018-08-30,13.500000,13.500000,13.350000,13.400000,13.400000,63000
2018-08-31,14.500000,14.500000,13.400000,13.600000,13.600000,57001
2018-09-03,13.200000,13.600000,13.200000,13.400000,13.400000,72005
2018-09-04,13.250000,13.400000,13.100000,13.400000,13.400000,36000
2018-09-05,13.200000,13.450000,13.200000,13.450000,13.450000,53000
2018-09-06,13.300000,13.350000,13.200000,13.350000,13.350000,48001
2018-09-07,13.200000,13.500000,13.150000,13.250000,13.250000,72004
2018-09-10,12.850000,13.250000,12.850000,13.150000,13.150000,46001
2018-09-11,13.150000,13.150000,12.800000,12.950000,12.950000,47000
2018-09-12,12.500000,13.050000,12.500000,13.050000,13.050000,54000
2018-09-13,12.750000,13.250000,12.750000,13.100000,13.100000,48000
2018-09-14,13.100000,13.250000,13.100000,13.100000,13.100000,51000
2018-09-17,13.000000,13.200000,13.000000,13.200000,13.200000,20001
2018-09-18,13.000000,13.200000,13.000000,13.200000,13.200000,42000
2018-09-19,13.000000,13.300000,12.850000,13.200000,13.200000,39000
2018-09-20,13.050000,13.300000,13.050000,13.300000,13.300000,41000
2018-09-21,13.100000,13.400000,13.100000,13.300000,13.300000,155000
2018-09-25,13.150000,13.350000,13.150000,13.350000,13.350000,76000
2018-09-26,13.300000,13.500000,13.300000,13.500000,13.500000,141000
2018-09-27,13.300000,13.700000,13.300000,13.500000,13.500000,146000
2018-09-28,13.500000,13.700000,13.400000,13.700000,13.700000,112000
2018-10-01,13.800000,13.900000,13.650000,13.900000,13.900000,134000
2018-10-02,13.800000,14.200000,13.800000,14.200000,14.200000,183000
2018-10-03,14.200000,14.350000,14.100000,14.300000,14.300000,117003
2018-10-04,14.200000,14.200000,13.750000,14.200000,14.200000,114000
2018-10-05,14.150000,14.150000,13.400000,13.850000,13.850000,121000
2018-10-08,13.800000,13.950000,13.650000,13.950000,13.950000,80001
2018-10-09,13.900000,13.900000,13.450000,13.800000,13.800000,166000
2018-10-11,13.300000,13.750000,12.600000,13.750000,13.750000,99020
2018-10-12,13.050000,13.550000,13.050000,13.350000,13.350000,152000
2018-10-15,12.650000,13.200000,12.600000,13.200000,13.200000,154001
2018-10-16,12.850000,12.850000,12.600000,12.700000,12.700000,177002
2018-10-17,12.750000,13.000000,12.650000,12.950000,12.950000,122000
2018-10-18,12.750000,12.950000,12.600000,12.900000,12.900000,99000
2018-10-19,12.600000,13.300000,12.000000,13.300000,13.300000,161000
2018-10-22,13.250000,13.250000,12.450000,12.600000,12.600000,101000
2018-10-23,12.600000,12.600000,12.050000,12.350000,12.350000,119001
2018-10-24,12.350000,12.350000,12.000000,12.000000,12.000000,87000
2018-10-25,12.500000,12.500000,11.000000,11.300000,11.300000,129000
2018-10-26,11.300000,11.750000,11.300000,11.500000,11.500000,173000
2018-10-29,11.500000,11.800000,11.500000,11.600000,11.600000,78000
2018-10-30,11.350000,11.700000,11.350000,11.650000,11.650000,125001
2018-10-31,11.700000,11.900000,11.550000,11.900000,11.900000,122069
2018-11-01,11.700000,11.900000,11.700000,11.900000,11.900000,84000
2018-11-02,11.750000,12.250000,11.750000,12.250000,12.250000,71000
2018-11-05,11.700000,12.650000,11.700000,12.250000,12.250000,60000
2018-11-06,12.200000,13.200000,12.200000,12.800000,12.800000,192000
2018-11-07,12.750000,12.950000,12.700000,12.950000,12.950000,99000
2018-11-08,12.900000,13.100000,12.850000,13.000000,13.000000,145000
2018-11-09,13.000000,13.150000,12.950000,13.100000,13.100000,106000
2018-11-12,13.100000,13.300000,13.100000,13.300000,13.300000,103009
2018-11-13,13.300000,13.300000,13.050000,13.200000,13.200000,114000
2018-11-14,13.150000,13.250000,13.150000,13.200000,13.200000,89000
2018-11-15,13.050000,13.300000,13.050000,13.200000,13.200000,82001
2018-11-16,13.200000,13.500000,13.150000,13.400000,13.400000,82001
2018-11-19,13.250000,13.500000,13.250000,13.450000,13.450000,75008
2018-11-20,13.450000,13.450000,13.250000,13.350000,13.350000,188000
2018-11-21,13.300000,13.650000,13.300000,13.500000,13.500000,212000
2018-11-22,13.500000,13.950000,13.450000,13.950000,13.950000,163000
2018-11-23,13.950000,13.950000,13.550000,13.800000,13.800000,125005
2018-11-26,13.800000,13.950000,13.600000,13.750000,13.750000,256000
2018-11-27,13.750000,13.950000,13.400000,13.500000,13.500000,202001
2018-11-28,13.500000,13.650000,13.400000,13.600000,13.600000,169000
2018-11-29,13.600000,13.750000,12.600000,13.450000,13.450000,171000
2018-11-30,13.000000,13.150000,12.850000,13.050000,13.050000,126000
2018-12-03,13.200000,13.350000,12.900000,13.050000,13.050000,179000
2018-12-04,13.450000,13.550000,13.200000,13.400000,13.400000,229000
2018-12-05,13.250000,13.550000,13.200000,13.500000,13.500000,143000
2018-12-06,14.850000,14.850000,14.850000,14.850000,14.850000,126005
2018-12-07,15.700000,15.700000,15.000000,15.400000,15.400000,3335008
2018-12-10,15.450000,15.550000,15.350000,15.450000,15.450000,1065065
2018-12-11,15.550000,15.550000,15.350000,15.400000,15.400000,808001
2018-12-12,15.450000,15.500000,15.350000,15.450000,15.450000,532326
2018-12-13,15.500000,15.500000,15.400000,15.450000,15.450000,329000
2018-12-14,15.450000,15.500000,15.400000,15.400000,15.400000,268000
2018-12-17,15.400000,15.450000,15.350000,15.400000,15.400000,378000
2018-12-18,15.450000,15.450000,15.350000,15.400000,15.400000,262000
2018-12-19,15.450000,15.650000,15.450000,15.500000,15.500000,433000
2018-12-20,15.550000,15.950000,15.500000,15.850000,15.850000,583310
2018-12-21,15.850000,15.900000,15.650000,15.850000,15.850000,557000
2018-12-24,15.850000,15.900000,15.800000,15.850000,15.850000,123000
2018-12-25,15.850000,15.850000,15.800000,15.800000,15.800000,152000
2018-12-26,15.800000,15.850000,15.800000,15.850000,15.850000,128000
2018-12-27,15.900000,15.900000,15.800000,15.800000,15.800000,129000
2018-12-28,15.800000,15.850000,15.800000,15.850000,15.850000,122000
2019-01-02,15.800000,15.850000,15.750000,15.800000,15.800000,270000
2019-01-03,15.800000,15.800000,15.750000,15.750000,15.750000,107000
2019-01-04,15.750000,15.850000,15.750000,15.850000,15.850000,116000
2019-01-07,15.850000,15.850000,15.800000,15.800000,15.800000,207000
2019-01-08,15.850000,15.850000,15.750000,15.800000,15.800000,213000
2019-01-09,15.800000,15.850000,15.750000,15.850000,15.850000,235000
2019-01-10,15.850000,15.900000,15.800000,15.850000,15.850000,94000
2019-01-11,15.850000,15.900000,15.850000,15.850000,15.850000,82000
2019-01-14,15.850000,15.900000,15.850000,15.850000,15.850000,122000
2019-01-15,15.850000,15.900000,15.850000,15.900000,15.900000,37001
2019-01-16,15.900000,16.000000,15.900000,15.900000,15.900000,200151
2019-01-17,15.950000,16.000000,15.900000,16.000000,16.000000,182000
2019-01-18,15.950000,16.150000,15.950000,16.150000,16.150000,351003
2019-01-21,16.150000,16.250000,16.100000,16.100000,16.100000,405000
2019-01-22,16.150000,16.200001,16.100000,16.150000,16.150000,229000
2019-01-23,16.150000,16.200001,16.100000,16.100000,16.100000,402148
2019-01-24,16.100000,16.150000,16.049999,16.150000,16.150000,644000
2019-01-25,16.150000,16.200001,16.100000,16.200001,16.200001,302006
2019-01-28,16.250000,16.350000,16.200001,16.350000,16.350000,264159
2019-01-29,16.299999,16.350000,16.100000,16.299999,16.299999,89121
2019-01-30,16.549999,16.650000,16.350000,16.400000,16.400000,323000
2019-02-11,16.299999,16.600000,16.299999,16.600000,16.600000,255003
2019-02-12,16.700001,18.250000,16.650000,18.250000,18.250000,727689
2019-02-13,20.049999,20.049999,19.049999,20.049999,20.049999,1488498
2019-02-14,19.049999,20.049999,18.350000,19.750000,19.750000,440729
2019-02-15,19.750000,21.000000,19.500000,19.950001,19.950001,392127
2019-02-18,20.700001,20.700001,19.900000,20.100000,20.100000,219083
2019-02-19,20.200001,20.350000,19.950001,20.049999,20.049999,221002
2019-02-20,20.000000,20.350000,20.000000,20.350000,20.350000,203053
2019-02-21,20.200001,20.299999,20.000000,20.100000,20.100000,140000
2019-02-22,20.049999,20.400000,20.049999,20.100000,20.100000,124150
2019-02-25,20.100000,20.250000,19.500000,20.000000,20.000000,235661
2019-02-26,19.549999,19.950001,19.549999,19.950001,19.950001,51024
2019-02-27,20.049999,20.049999,19.650000,19.750000,19.750000,110006
2019-03-04,19.950001,20.000000,19.700001,19.700001,19.700001,126005
2019-03-05,19.850000,19.850000,19.500000,19.600000,19.600000,71001
2019-03-06,19.500000,19.600000,18.900000,19.600000,19.600000,280030
2019-03-07,19.600000,19.600000,19.299999,19.500000,19.500000,80000
2019-03-08,19.500000,19.500000,19.250000,19.299999,19.299999,80000
2019-03-11,19.200001,19.750000,18.950001,19.600000,19.600000,234002
2019-03-12,21.000000,21.000000,19.700001,20.049999,20.049999,192314
2019-03-13,20.150000,20.200001,19.850000,20.049999,20.049999,121003
2019-03-14,20.150000,20.150000,19.799999,20.000000,20.000000,90000
2019-03-15,19.900000,20.049999,19.750000,19.799999,19.799999,68001
2019-03-18,19.700001,19.900000,19.700001,19.850000,19.850000,73001
2019-03-19,19.850000,19.900000,19.700001,19.900000,19.900000,130150
2019-03-20,20.150000,20.150000,19.799999,20.000000,20.000000,74001
2019-03-21,19.950001,20.000000,19.900000,19.900000,19.900000,43030
2019-03-22,20.049999,21.799999,19.950001,20.750000,20.750000,339004
2019-03-25,20.750000,21.400000,20.400000,21.400000,21.400000,308008
2019-03-26,21.700001,23.500000,21.700001,23.500000,23.500000,575226
2019-03-27,24.900000,25.850000,24.900000,25.850000,25.850000,2056000
2019-03-28,26.000000,28.000000,25.000000,26.100000,26.100000,1963243
2019-03-29,26.299999,26.299999,25.000000,25.950001,25.950001,724100
2019-04-01,27.600000,27.600000,26.000000,26.250000,26.250000,738275
2019-04-02,26.250000,26.250000,25.200001,25.299999,25.299999,685000
2019-04-03,25.200001,26.200001,25.100000,25.700001,25.700001,376518
2019-04-08,26.200001,26.200001,25.850000,25.950001,25.950001,250322
2019-04-09,25.799999,26.200001,25.600000,26.150000,26.150000,86681
2019-04-10,26.150000,26.250000,26.000000,26.000000,26.000000,148001
2019-04-11,26.500000,27.500000,26.100000,27.500000,27.500000,847289
2019-04-12,27.500000,28.000000,26.000000,26.450001,26.450001,268104
2019-04-15,25.299999,26.600000,25.299999,26.600000,26.600000,161000
2019-04-16,25.700001,27.200001,25.700001,26.750000,26.750000,219000
2019-04-17,26.100000,27.400000,26.100000,27.150000,27.150000,416180
2019-04-18,27.400000,27.400000,26.150000,26.200001,26.200001,331078
2019-04-19,26.299999,27.100000,26.299999,26.750000,26.750000,129003
2019-04-22,26.750000,27.549999,26.450001,27.500000,27.500000,138301
2019-04-23,27.500000,30.250000,27.500000,30.250000,30.250000,1241089
2019-04-24,29.100000,29.950001,28.400000,29.200001,29.200001,621003
2019-04-25,29.100000,29.100000,28.200001,28.799999,28.799999,210000
2019-04-26,28.700001,28.799999,27.950001,28.200001,28.200001,239000
2019-04-29,28.200001,28.549999,28.200001,28.200001,28.200001,164201
2019-04-30,28.200001,29.250000,28.200001,28.750000,28.750000,150000
2019-05-02,28.600000,29.299999,28.600000,29.000000,29.000000,107542
2019-05-03,29.299999,29.299999,28.900000,29.200001,29.200001,114200
2019-05-06,29.000000,29.200001,28.500000,28.549999,28.549999,148100
2019-05-07,28.650000,29.000000,28.600000,29.000000,29.000000,79000
2019-05-08,28.450001,28.900000,28.450001,28.450001,28.450001,145000
2019-05-09,28.500000,28.650000,27.049999,27.400000,27.400000,265000
2019-05-10,27.400000,28.200001,26.600000,26.850000,26.850000,230250
2019-05-13,27.450001,27.700001,26.750000,27.000000,27.000000,143000
2019-05-14,25.950001,26.700001,25.950001,26.600000,26.600000,71000
2019-05-15,26.450001,27.500000,26.400000,27.000000,27.000000,177000
2019-05-16,27.200001,27.200001,26.600000,27.000000,27.000000,71002
2019-05-17,27.049999,27.850000,26.950001,26.950001,26.950001,111091
2019-05-20,26.950001,27.500000,26.549999,27.150000,27.150000,57776
2019-05-21,27.600000,27.600000,26.500000,26.500000,26.500000,93001
2019-05-22,26.850000,26.950001,26.500000,26.500000,26.500000,75000
2019-05-23,27.100000,27.100000,26.100000,26.700001,26.700001,96000
2019-05-24,26.549999,26.950001,26.350000,26.950001,26.950001,36000
2019-05-27,26.500000,27.150000,26.500000,26.900000,26.900000,61001
2019-05-28,27.100000,27.100000,26.799999,26.799999,26.799999,51000
2019-05-29,27.200001,27.650000,26.600000,26.600000,26.600000,24063
2019-05-30,26.350000,27.450001,26.350000,27.250000,27.250000,85000
2019-05-31,27.200001,28.000000,27.000000,27.950001,27.950001,147077
2019-06-03,27.400000,27.750000,27.150000,27.750000,27.750000,43003
2019-06-04,27.299999,27.500000,27.200001,27.200001,27.200001,53000
2019-06-05,27.600000,27.900000,27.299999,27.350000,27.350000,95000
2019-06-06,27.350000,27.600000,27.150000,27.200001,27.200001,51000
2019-06-10,27.250000,27.250000,27.000000,27.100000,27.100000,52000
2019-06-11,27.000000,27.049999,26.000000,26.900000,26.900000,64003
2019-06-12,27.100000,27.700001,26.900000,26.900000,26.900000,70022
2019-06-13,26.850000,27.250000,26.750000,27.250000,27.250000,32000
2019-06-14,26.900000,26.900000,26.500000,26.600000,26.600000,47090
2019-06-17,26.200001,26.450001,26.000000,26.350000,26.350000,122000
2019-06-18,26.100000,26.350000,26.000000,26.000000,26.000000,74151
2019-06-19,26.000000,26.900000,26.000000,26.000000,26.000000,69002
2019-06-20,26.400000,26.500000,26.000000,26.000000,26.000000,58000
2019-06-21,26.799999,28.200001,25.900000,26.150000,26.150000,100001
2019-06-24,25.799999,26.200001,25.500000,25.700001,25.700001,136000
2019-06-25,25.700001,25.700001,25.200001,25.600000,25.600000,89001
2019-06-26,25.600000,26.200001,24.900000,25.200001,25.200001,181000
2019-06-27,25.200001,25.400000,25.000000,25.000000,25.000000,96000
2019-06-28,25.000000,25.200001,24.600000,24.600000,24.600000,40000
2019-07-01,25.000000,25.000000,22.299999,25.000000,25.000000,244000
2019-07-02,24.049999,24.900000,23.799999,24.900000,24.900000,33000
2019-07-03,24.799999,24.900000,24.750000,24.750000,24.750000,10000
2019-07-04,25.000000,25.200001,24.799999,25.200001,25.200001,43000
2019-07-05,25.549999,25.549999,24.900000,25.200001,25.200001,30000
2019-07-08,25.650000,25.650000,24.700001,25.000000,25.000000,56000
2019-07-09,24.900000,24.900000,24.600000,24.900000,24.900000,18000
2019-07-10,27.299999,27.299999,24.850000,25.049999,25.049999,62000
2019-07-11,24.950001,25.150000,24.700001,25.100000,25.100000,51000
2019-07-12,25.000000,25.350000,24.900000,25.000000,25.000000,49000
2019-07-15,25.400000,25.450001,24.799999,25.250000,25.250000,67000
2019-07-16,25.000000,25.299999,24.799999,25.299999,25.299999,23000
2019-07-17,25.100000,25.350000,25.000000,25.299999,25.299999,39000
2019-07-18,25.400000,25.500000,25.000000,25.400000,25.400000,40000
2019-07-19,25.400000,25.400000,25.000000,25.299999,25.299999,36000
2019-07-22,25.299999,25.299999,25.000000,25.200001,25.200001,43000
2019-07-23,25.299999,25.350000,25.000000,25.350000,25.350000,64000
2019-07-24,25.450001,25.450001,25.000000,25.400000,25.400000,77000
2019-07-25,25.400000,25.400000,25.000000,25.299999,25.299999,70000
2019-07-26,25.350000,26.400000,25.100000,26.150000,26.150000,104000
2019-07-29,27.299999,27.299999,26.049999,26.450001,26.450001,90000
2019-07-30,26.700001,26.700001,26.000000,26.350000,26.350000,64000
2019-07-31,26.299999,26.850000,26.299999,26.299999,26.299999,73000
2019-08-01,26.500000,26.600000,26.049999,26.600000,26.600000,72001
2019-08-02,26.500000,26.750000,26.100000,26.450001,26.450001,37000
2019-08-05,26.299999,26.299999,25.799999,25.900000,25.900000,34000
2019-08-06,26.000000,26.000000,25.600000,25.950001,25.950001,7001
2019-08-07,26.150000,26.150000,25.799999,26.000000,26.000000,40000
2019-08-08,26.000000,26.000000,25.150000,25.950001,25.950001,56001
2019-08-12,25.900000,25.900000,25.299999,25.299999,25.299999,36000
2019-08-13,25.150000,25.150000,25.100000,25.100000,25.100000,17000
2019-08-14,25.500000,25.500000,24.900000,24.900000,24.900000,79000
2019-08-15,25.000000,25.000000,25.000000,25.000000,25.000000,1000
2019-08-16,24.700001,25.250000,24.700001,25.250000,25.250000,13000
2019-08-19,25.600000,25.600000,25.299999,25.500000,25.500000,4001
2019-08-20,25.250000,25.350000,24.950001,24.950001,24.950001,11000
2019-08-21,25.000000,25.500000,24.700001,25.000000,25.000000,76086
2019-08-22,25.000000,25.000000,24.850000,24.850000,24.850000,26000
2019-08-23,24.150000,25.000000,24.150000,24.850000,24.850000,24000
2019-08-26,24.850000,25.700001,24.799999,25.100000,25.100000,26000
2019-08-27,25.200001,25.500000,24.799999,25.299999,25.299999,34000
2019-08-28,25.299999,25.299999,24.799999,25.250000,25.250000,19000
2019-08-29,25.000000,25.000000,24.500000,24.650000,24.650000,33000
2019-08-30,25.000000,25.000000,24.600000,24.900000,24.900000,70000
2019-09-02,24.900000,25.000000,24.299999,24.299999,24.299999,93006
2019-09-03,24.400000,24.799999,24.350000,24.350000,24.350000,82001
2019-09-04,24.200001,24.350000,24.049999,24.350000,24.350000,31001
2019-09-05,24.850000,24.850000,24.299999,24.700001,24.700001,22001
2019-09-06,24.700001,24.700001,24.000000,24.500000,24.500000,40000
2019-09-10,24.100000,24.500000,24.049999,24.049999,24.049999,130000
2019-09-11,24.600000,24.900000,24.200001,24.600000,24.600000,32001
2019-09-12,24.600000,24.700001,23.799999,24.500000,24.500000,35001
2019-09-16,24.400000,24.500000,23.900000,24.400000,24.400000,23049
2019-09-17,24.900000,24.900000,24.500000,24.500000,24.500000,14000
2019-09-18,24.450001,24.600000,24.450001,24.600000,24.600000,7002
2019-09-19,24.600000,26.450001,24.600000,26.350000,26.350000,233000
2019-09-20,26.350000,27.350000,26.049999,27.100000,27.100000,294842
2019-09-23,27.500000,27.500000,26.600000,26.650000,26.650000,239000
2019-09-24,26.700001,26.950001,26.549999,26.700001,26.700001,43006
2019-09-25,26.700001,27.400000,26.700001,27.000000,27.000000,71002
2019-09-26,27.200001,27.299999,26.950001,26.950001,26.950001,36002
2019-09-27,27.000000,27.100000,26.799999,27.000000,27.000000,81002
2019-10-01,27.200001,27.200001,26.650000,27.000000,27.000000,76000
2019-10-02,27.100000,27.100000,26.500000,26.850000,26.850000,45000
2019-10-03,26.600000,26.600000,26.400000,26.600000,26.600000,42000
2019-10-04,26.400000,26.400000,26.150000,26.400000,26.400000,28095
2019-10-07,26.299999,26.299999,26.000000,26.000000,26.000000,18000
2019-10-08,25.650000,25.900000,25.500000,25.900000,25.900000,19000
2019-10-09,26.500000,26.500000,26.500000,26.500000,26.500000,1200
2019-10-14,26.000000,26.299999,25.700001,26.299999,26.299999,15000
2019-10-15,26.049999,26.049999,25.500000,26.000000,26.000000,11000
2019-10-16,26.000000,26.049999,25.700001,26.000000,26.000000,13000
2019-10-17,26.100000,26.100000,25.700001,26.100000,26.100000,8000
2019-10-18,26.100000,26.100000,25.700001,26.100000,26.100000,21000
2019-10-21,26.100000,26.100000,25.750000,26.100000,26.100000,36000
2019-10-22,25.900000,26.000000,25.799999,26.000000,26.000000,16000
2019-10-23,26.000000,26.000000,25.850000,25.900000,25.900000,25642
2019-10-24,25.850000,26.000000,25.850000,26.000000,26.000000,28000
2019-10-25,26.000000,26.000000,25.799999,26.000000,26.000000,47003
2019-10-28,26.000000,26.000000,25.850000,25.900000,25.900000,21000
2019-10-29,25.850000,26.000000,25.799999,25.799999,25.799999,33000
2019-10-30,25.900000,25.950001,25.799999,25.900000,25.900000,31002
2019-10-31,25.950001,25.950001,25.700001,25.750000,25.750000,63000
2019-11-01,25.700001,25.750000,25.650000,25.750000,25.750000,36000
2019-11-04,26.000000,26.000000,25.650000,25.650000,25.650000,42000
2019-11-05,25.900000,25.900000,25.500000,25.500000,25.500000,60000
2019-11-06,25.700001,25.850000,25.400000,25.650000,25.650000,24002
2019-11-07,25.799999,25.799999,25.500000,25.600000,25.600000,16000
2019-11-08,25.299999,25.700001,25.299999,25.600000,25.600000,65000
2019-11-11,25.700001,25.700001,25.400000,25.400000,25.400000,65000
2019-11-12,25.549999,25.549999,25.450001,25.549999,25.549999,47000
2019-11-13,25.549999,25.700001,25.500000,25.549999,25.549999,64000
2019-11-14,24.750000,25.600000,24.750000,25.600000,25.600000,48000
2019-11-15,25.700001,25.700001,25.500000,25.600000,25.600000,49000
2019-11-18,25.650000,25.650000,25.600000,25.600000,25.600000,32000
2019-11-19,25.600000,25.600000,25.299999,25.500000,25.500000,49000
2019-11-20,25.299999,25.500000,25.299999,25.500000,25.500000,4000
2019-11-21,25.450001,25.450001,25.100000,25.450001,25.450001,38000
2019-11-22,25.400000,25.450001,25.299999,25.299999,25.299999,49000
2019-11-25,25.350000,25.400000,25.000000,25.400000,25.400000,24000
2019-11-26,25.450001,25.450001,25.000000,25.400000,25.400000,76000
2019-11-27,25.450001,25.549999,25.350000,25.500000,25.500000,26714
2019-11-28,25.500000,25.750000,25.450001,25.750000,25.750000,25714
2019-11-29,26.200001,26.200001,25.900000,26.000000,26.000000,37428
2019-12-02,26.000000,26.350000,26.000000,26.299999,26.299999,34000
2019-12-03,24.400000,25.900000,24.299999,25.900000,25.900000,30000
2019-12-04,25.500000,25.850000,25.200001,25.850000,25.850000,10000
2019-12-05,25.299999,25.750000,25.299999,25.750000,25.750000,20000
2019-12-06,25.750000,25.750000,25.450001,25.500000,25.500000,8716
2019-12-09,25.500000,25.650000,25.299999,25.650000,25.650000,39000
2019-12-10,25.650000,25.650000,25.350000,25.650000,25.650000,9000
2019-12-11,28.200001,28.200001,28.200001,28.200001,28.200001,275715
2019-12-12,30.000000,31.000000,30.000000,31.000000,31.000000,1707102
2019-12-13,30.950001,30.950001,27.900000,27.900000,27.900000,972182
2019-12-16,27.150000,27.150000,26.200001,26.500000,26.500000,4
2019-12-17,26.500000,27.450001,26.500000,27.049999,27.049999,263050
2019-12-18,26.700001,26.799999,26.500000,26.500000,26.500000,67000
2019-12-19,26.900000,29.150000,26.750000,28.850000,28.850000,414051
2019-12-20,28.500000,29.049999,27.299999,28.250000,28.250000,222003
2019-12-23,28.250000,28.250000,27.299999,27.299999,27.299999,160000
2019-12-24,27.799999,27.799999,27.299999,27.500000,27.500000,39150
2019-12-25,27.400000,27.450001,27.100000,27.400000,27.400000,32000
2019-12-26,27.200001,27.450001,27.200001,27.299999,27.299999,32850
2019-12-27,27.799999,27.799999,27.350000,27.700001,27.700001,92000
2019-12-30,27.850000,28.650000,27.400000,28.400000,28.400000,157006
2019-12-31,28.400000,28.549999,27.850000,28.450001,28.450001,74000
2020-01-02,28.400000,28.900000,28.000000,28.600000,28.600000,93000
2020-01-03,28.850000,28.850000,28.250000,28.750000,28.750000,140000
2020-01-06,28.549999,28.850000,28.150000,28.700001,28.700001,82001
2020-01-07,28.549999,28.799999,28.250000,28.700001,28.700001,33100
2020-01-08,28.799999,28.799999,28.400000,28.650000,28.650000,38000
2020-01-09,28.650000,29.400000,28.650000,29.049999,29.049999,134100
2020-01-10,29.049999,30.750000,28.850000,29.950001,29.950001,353040
2020-01-13,29.900000,29.950001,29.000000,29.500000,29.500000,105000
2020-01-14,29.500000,30.450001,29.500000,30.100000,30.100000,138003
2020-01-15,30.000000,30.000000,29.500000,29.950001,29.950001,50000
2020-01-16,29.900000,29.950001,29.500000,29.850000,29.850000,63001
2020-01-17,29.549999,29.799999,29.350000,29.799999,29.799999,22001
2020-01-20,29.799999,29.850000,29.200001,29.850000,29.850000,64483
2020-01-30,28.799999,28.799999,27.000000,27.000000,27.000000,107000
2020-01-31,27.750000,27.750000,27.200001,27.600000,27.600000,44000
2020-02-03,25.850000,27.000000,25.850000,26.600000,26.600000,75197
2020-02-04,27.150000,27.500000,26.650000,27.500000,27.500000,29001
2020-02-05,26.750000,27.000000,26.700001,26.799999,26.799999,28000
2020-02-06,26.799999,27.200001,26.799999,27.200001,27.200001,20001
2020-02-07,26.799999,26.799999,26.500000,26.600000,26.600000,43000
2020-02-10,26.000000,26.799999,25.850000,26.500000,26.500000,34001
2020-02-11,26.950001,26.950001,26.950001,26.950001,26.950001,11000
2020-02-12,26.950001,26.950001,26.600000,26.600000,26.600000,14000
2020-02-13,26.500000,26.600000,26.100000,26.150000,26.150000,83000
2020-02-14,26.150000,26.500000,26.100000,26.500000,26.500000,12000
2020-02-17,26.299999,26.400000,26.299999,26.299999,26.299999,15004
2020-02-18,26.100000,26.799999,26.000000,26.799999,26.799999,64000
2020-02-19,26.299999,26.549999,26.150000,26.549999,26.549999,27001
2020-02-20,26.900000,26.950001,26.500000,26.900000,26.900000,23016
2020-02-21,26.500000,26.500000,26.250000,26.350000,26.350000,23000
2020-02-24,26.350000,26.900000,26.350000,26.900000,26.900000,27002
2020-02-25,26.299999,26.500000,26.100000,26.500000,26.500000,39001
2020-02-26,26.200001,26.799999,26.200001,26.299999,26.299999,17000
2020-02-27,27.000000,27.000000,25.950001,26.000000,26.000000,73005
2020-03-02,25.900000,25.900000,25.049999,25.700001,25.700001,81004
2020-03-03,26.200001,26.450001,25.500000,26.049999,26.049999,70000
2020-03-04,25.500000,25.500000,25.299999,25.350000,25.350000,23000
2020-03-05,25.750000,26.600000,25.400000,25.850000,25.850000,32000
2020-03-06,26.799999,26.799999,25.299999,25.850000,25.850000,44001
2020-03-09,25.200001,25.850000,25.000000,25.049999,25.049999,94000
2020-03-10,24.750000,25.200001,24.600000,25.200001,25.200001,89000
2020-03-11,25.000000,25.200001,24.500000,24.500000,24.500000,105100
2020-03-12,24.100000,24.100000,22.100000,22.299999,22.299999,141005
2020-03-13,20.150000,22.200001,20.100000,20.250000,20.250000,100002
2020-03-16,20.299999,20.700001,20.100000,20.700001,20.700001,48000
2020-03-17,19.100000,20.900000,19.100000,20.799999,20.799999,40000
2020-03-18,20.500000,21.049999,20.500000,20.500000,20.500000,95000
2020-03-19,19.500000,19.500000,18.450001,18.450001,18.450001,48000
2020-03-20,19.900000,19.900000,19.000000,19.500000,19.500000,29001
2020-03-23,18.000000,18.500000,17.549999,17.549999,17.549999,167000
2020-03-24,17.100000,18.000000,16.850000,17.450001,17.450001,154003
2020-03-25,18.750000,19.049999,17.650000,18.500000,18.500000,68000
2020-03-26,18.049999,18.500000,17.900000,18.200001,18.200001,32000
2020-03-27,19.200001,19.200001,18.500000,18.799999,18.799999,9000
2020-03-30,18.000000,18.600000,18.000000,18.200001,18.200001,7001
2020-03-31,17.900000,18.900000,17.799999,18.900000,18.900000,67008
2020-04-01,18.299999,20.500000,18.299999,19.450001,19.450001,28106