Date,Open,High,Low,Close,Adj Close,Volume
2014-09-19,32.338299,33.056900,31.619600,32.338299,32.338299,94681100
2014-09-22,30.038700,33.056900,30.038700,30.038700,30.038700,51543350
2014-09-23,28.457701,29.463800,27.739000,28.457701,28.457701,14611869
2014-09-24,27.667200,28.457701,27.667200,27.667200,27.667200,20873105
2014-09-25,27.652800,27.739000,27.652800,27.652800,27.652800,6261931
2014-09-26,27.652800,27.652800,27.652800,27.652800,27.652800,0
2014-09-29,27.652800,27.652800,27.652800,27.652800,27.652800,695770
2014-09-30,31.619600,31.619600,27.652800,31.619600,31.619600,18785794
2014-10-01,28.745100,28.745100,28.745100,28.745100,28.745100,695770
2014-10-02,28.816999,28.816999,28.816999,28.816999,28.816999,3478850
2014-10-03,28.816999,28.816999,28.816999,28.816999,28.816999,0
2014-10-06,28.816999,28.816999,28.816999,28.816999,28.816999,0
2014-10-07,28.888800,28.888800,28.745100,28.888800,28.888800,8349242
2014-10-08,28.888800,28.888800,28.888800,28.888800,28.888800,0
2014-10-09,28.888800,28.888800,28.888800,28.888800,28.888800,0
2014-10-13,28.745100,28.745100,28.745100,28.745100,28.745100,1391540
2014-10-14,28.601400,28.745100,28.601400,28.601400,28.601400,5566161
2014-10-15,28.601400,28.601400,28.601400,28.601400,28.601400,0
2014-10-16,28.601400,28.601400,28.601400,28.601400,28.601400,0
2014-10-17,28.601400,28.601400,28.601400,28.601400,28.601400,0
2014-10-20,28.601400,28.601400,28.601400,28.601400,28.601400,0
2014-10-21,28.730801,28.730801,28.730801,28.730801,28.730801,695
2014-10-22,28.730801,28.730801,28.730801,28.730801,28.730801,0
2014-10-23,27.307899,27.322201,27.307899,27.307899,27.307899,3478
2014-10-24,28.299601,28.299601,28.299601,28.299601,28.299601,695
2014-10-27,28.299601,28.299601,28.299601,28.299601,28.299601,0
2014-10-28,26.229900,27.307899,26.229900,26.229900,26.229900,11828
2014-10-29,26.229900,26.229900,26.229900,26.229900,26.229900,0
2014-10-30,26.229900,26.229900,26.229900,26.229900,26.229900,0
2014-10-31,26.229900,26.229900,26.229900,26.229900,26.229900,0
2014-11-03,26.229900,26.229900,26.229900,26.229900,26.229900,0
2014-11-04,26.229900,26.229900,26.229900,26.229900,26.229900,0
2014-11-05,26.229900,26.229900,26.229900,26.229900,26.229900,0
2014-11-06,26.229900,26.229900,26.229900,26.229900,26.229900,0
2014-11-07,26.229900,26.229900,26.229900,26.229900,26.229900,0
2014-11-10,26.229900,26.229900,26.229900,26.229900,26.229900,0
2014-11-11,26.086201,26.086201,26.086201,26.086201,26.086201,1391
2014-11-12,26.086201,26.086201,26.086201,26.086201,26.086201,0
2014-11-13,26.086201,26.086201,26.086201,26.086201,26.086201,0
2014-11-14,26.086201,26.086201,26.086201,26.086201,26.086201,0
2014-11-17,26.086201,26.086201,26.086201,26.086201,26.086201,0
2014-11-18,25.942499,26.086201,25.942499,25.942499,25.942499,6957
2014-11-19,25.942499,25.942499,25.942499,25.942499,25.942499,0
2014-11-20,25.942499,25.942499,25.942499,25.942499,25.942499,0
2014-11-21,25.942499,25.942499,25.942499,25.942499,25.942499,0
2014-11-24,25.942499,25.942499,25.942499,25.942499,25.942499,0
2014-11-25,25.942499,25.942499,25.942499,25.942499,25.942499,0
2014-11-26,25.942499,25.942499,25.942499,25.942499,25.942499,0
2014-11-27,25.267000,25.267000,25.267000,25.267000,25.267000,3478
2014-11-28,25.267000,25.267000,25.267000,25.267000,25.267000,0
2014-12-01,24.850201,24.922001,24.850201,24.850201,24.850201,6957
2014-12-02,24.850201,24.850201,24.850201,24.850201,24.850201,0
2014-12-03,24.850201,24.850201,24.850201,24.850201,24.850201,0
2014-12-04,24.850201,24.850201,24.850201,24.850201,24.850201,0
2014-12-05,24.850201,24.850201,24.850201,24.850201,24.850201,0
2014-12-08,23.844101,23.844101,23.844101,23.844101,23.844101,0
2014-12-09,23.844101,23.844101,23.844101,23.844101,23.844101,0
2014-12-10,23.844101,23.844101,23.844101,23.844101,23.844101,0
2014-12-11,23.844101,23.844101,23.844101,23.844101,23.844101,0
2014-12-12,23.844101,23.844101,23.844101,23.844101,23.844101,0
2014-12-15,23.829700,23.829700,23.829700,23.829700,23.829700,3478
2014-12-16,23.829700,23.829700,23.829700,23.829700,23.829700,0
2014-12-17,24.203400,24.203400,23.786600,24.203400,24.203400,24351
2014-12-18,23.398500,23.872801,23.398500,23.398500,23.398500,13915
2014-12-19,23.398500,23.398500,23.398500,23.398500,23.398500,0
2014-12-22,23.398500,23.398500,23.398500,23.398500,23.398500,0
2014-12-23,22.996099,22.996099,22.996099,22.996099,22.996099,3478
2014-12-24,22.996099,22.996099,22.996099,22.996099,22.996099,0
2014-12-25,22.996099,22.996099,22.996099,22.996099,22.996099,0
2014-12-26,22.996099,22.996099,22.996099,22.996099,22.996099,0
2014-12-29,22.996099,22.996099,22.996099,22.996099,22.996099,0
2014-12-30,22.996099,22.996099,22.996099,22.996099,22.996099,0
2014-12-31,22.996099,22.996099,22.996099,22.996099,22.996099,0
2015-01-05,22.996099,22.996099,22.996099,22.996099,22.996099,0
2015-01-06,22.665501,22.665501,22.665501,22.665501,22.665501,3478
2015-01-07,21.846300,21.932501,21.716900,21.846300,21.846300,17394
2015-01-08,21.846300,21.846300,21.846300,21.846300,21.846300,0
2015-01-09,21.846300,21.846300,21.846300,21.846300,21.846300,0
2015-01-12,21.846300,21.846300,21.846300,21.846300,21.846300,0
2015-01-13,21.558800,21.558800,21.558800,21.558800,21.558800,3478
2015-01-14,21.558800,21.558800,21.558800,21.558800,21.558800,0
2015-01-15,21.558800,21.558800,21.558800,21.558800,21.558800,0
2015-01-16,21.558800,21.558800,21.558800,21.558800,21.558800,0
2015-01-19,21.558800,21.558800,21.558800,21.558800,21.558800,0
2015-01-20,21.558800,21.558800,21.558800,21.558800,21.558800,0
2015-01-21,21.558800,21.558800,21.558800,21.558800,21.558800,0
2015-01-22,21.558800,21.558800,21.558800,21.558800,21.558800,0
2015-01-23,21.558800,21.558800,21.558800,21.558800,21.558800,0
2015-01-26,21.558800,21.558800,21.558800,21.558800,21.558800,0
2015-01-27,21.558800,21.558800,21.558800,21.558800,21.558800,0
2015-01-28,21.558800,21.558800,21.558800,21.558800,21.558800,3478
2015-01-29,22.550501,23.211700,21.343300,22.550501,22.550501,42441
2015-01-30,22.895500,22.895500,22.895500,22.895500,22.895500,8349
2015-02-02,21.846300,22.837999,21.458200,21.846300,21.846300,32701
2015-02-03,23.139799,23.139799,21.702600,23.139799,23.139799,68185
2015-02-04,23.714701,24.145901,23.700399,23.714701,23.714701,46275
2015-02-05,22.996099,23.772200,22.996099,22.996099,22.996099,12198
2015-02-06,21.415100,22.708599,21.415100,21.415100,21.415100,35484
2015-02-09,22.852400,22.996099,21.846300,22.852400,22.852400,35484
2015-02-10,23.326700,23.326700,22.708599,23.326700,23.326700,38963
2015-02-11,26.560499,26.560499,23.326700,26.560499,26.560499,125244
2015-02-12,25.008301,26.589199,24.174601,25.008301,25.008301,66794
2015-02-13,24.318399,24.720800,24.318399,24.318399,24.318399,16700
2015-02-24,25.525700,25.525700,24.534000,25.525700,25.525700,27135
2015-02-25,25.885000,25.928101,25.353201,25.885000,25.885000,18787
2015-02-26,25.899401,26.158100,25.870600,25.899401,25.899401,27135
2015-03-02,26.143700,26.143700,25.870600,26.143700,26.143700,6958
2015-03-03,27.077900,27.077900,25.870600,27.077900,27.077900,45226
2015-03-04,27.307899,27.307899,26.733000,27.307899,27.307899,110838
2015-03-05,27.020399,27.983400,27.020399,27.020399,27.020399,56357
2015-03-06,27.092300,27.307899,27.034800,27.092300,27.092300,18785
2015-03-09,27.810900,27.983400,27.034800,27.810900,27.810900,30126
2015-03-10,28.587000,28.587000,27.882799,28.587000,28.587000,11133
2015-03-11,28.587000,28.601400,27.897100,28.587000,28.587000,6262
2015-03-12,31.619600,31.763399,28.745100,31.619600,31.619600,68396
2015-03-13,31.188499,32.467602,31.044701,31.188499,31.188499,68336
2015-03-16,31.562099,31.576500,30.915400,31.562099,31.562099,15308
2015-03-17,31.059099,31.332199,30.929800,31.059099,31.059099,5566
2015-03-18,30.900999,30.944099,30.900999,30.900999,30.900999,3478
2015-03-19,30.038700,30.915400,29.549999,30.038700,30.038700,18159
2015-03-20,29.506901,29.751200,29.506901,29.506901,29.506901,14611
2015-03-23,28.888800,28.946301,28.745100,28.888800,28.888800,5566
2015-03-24,26.589199,28.673300,26.589199,26.589199,26.589199,29918
2015-03-25,26.316200,26.589199,26.229900,26.316200,26.316200,11132
2015-03-26,26.330500,26.330500,26.215599,26.330500,26.330500,15306
2015-03-27,26.215599,26.215599,26.215599,26.215599,26.215599,3478
2015-03-30,26.071800,26.359301,26.071800,26.071800,26.071800,700
2015-03-31,26.301800,26.301800,26.301800,26.301800,26.301800,2087
2015-04-01,26.086201,26.301800,26.086201,26.086201,26.086201,1391
2015-04-02,27.307899,27.466000,26.359301,27.307899,27.307899,7654
2015-04-07,27.523500,27.523500,27.523500,27.523500,27.523500,733
2015-04-08,27.523500,27.523500,26.646700,27.523500,27.523500,3478
2015-04-09,27.523500,27.523500,27.523500,27.523500,27.523500,0
2015-04-10,27.451599,27.595301,27.322201,27.451599,27.451599,7653
2015-04-13,29.463800,29.492500,27.595301,29.463800,29.463800,24351
2015-04-14,28.745100,30.167999,28.644501,28.745100,28.745100,25814
2015-04-15,28.745100,29.133200,28.543900,28.745100,28.745100,6957
2015-04-16,28.745100,28.745100,28.745100,28.745100,28.745100,695
2015-04-17,27.724701,28.529499,27.724701,27.724701,27.724701,13219
2015-04-20,27.882799,27.882799,27.868401,27.882799,27.882799,4174
2015-04-21,27.451599,27.882799,27.451599,27.451599,27.451599,15306
2015-04-22,27.667200,27.667200,27.667200,27.667200,27.667200,1391
2015-04-23,27.667200,27.667200,27.667200,27.667200,27.667200,695
2015-04-24,26.733000,26.733000,26.503000,26.733000,26.733000,8279
2015-04-27,26.733000,26.733000,26.733000,26.733000,26.733000,0
2015-04-28,26.488600,27.652800,26.488600,26.488600,26.488600,23656
2015-04-29,26.488600,26.488600,26.488600,26.488600,26.488600,0
2015-04-30,26.718599,26.718599,26.718599,26.718599,26.718599,695
2015-05-04,25.870600,26.718599,25.741301,25.870600,25.870600,2790
2015-05-05,25.870600,25.870600,25.870600,25.870600,25.870600,0
2015-05-06,26.014299,26.014299,25.870600,26.014299,26.014299,2783
2015-05-07,25.755600,26.158100,25.755600,25.755600,25.755600,2094
2015-05-08,25.770000,26.014299,25.770000,25.770000,25.770000,4870
2015-05-11,25.583200,26.014299,25.396299,25.583200,25.583200,10540
2015-05-12,25.583200,25.583200,25.583200,25.583200,25.583200,0
2015-05-13,26.459900,28.457701,26.014299,26.459900,26.459900,16698
2015-05-14,26.143700,26.143700,26.143700,26.143700,26.143700,2087
2015-05-15,26.416800,26.445499,26.416800,26.416800,26.416800,2783
2015-05-18,26.158100,26.158100,26.158100,26.158100,26.158100,7653
2015-05-19,26.158100,26.158100,26.158100,26.158100,26.158100,0
2015-05-20,26.646700,27.437201,26.158100,26.646700,26.646700,27065
2015-05-21,26.733000,26.733000,26.646700,26.733000,26.733000,2783
2015-05-22,26.761700,26.761700,26.761700,26.761700,26.761700,2783
2015-05-25,26.761700,26.761700,26.761700,26.761700,26.761700,0
2015-05-26,26.790501,26.790501,26.790501,26.790501,26.790501,1391
2015-05-27,26.790501,26.790501,26.790501,26.790501,26.790501,0
2015-05-28,27.322201,27.322201,27.221600,27.322201,27.322201,16698
2015-05-29,28.170200,28.888800,27.796499,28.170200,28.170200,34092
2015-06-01,28.170200,28.170200,28.098400,28.170200,28.170200,9740
2015-06-02,29.348801,29.751200,28.141500,29.348801,29.348801,54620
2015-06-03,28.888800,29.420601,28.601400,28.888800,28.888800,96991
2015-06-04,28.745100,28.773899,28.745100,28.745100,28.745100,16698
2015-06-05,28.745100,28.960699,28.745100,28.745100,28.745100,30613
2015-06-08,28.371401,28.745100,28.371401,28.371401,28.371401,30613
2015-06-09,28.472000,28.472000,28.472000,28.472000,28.472000,3478
2015-06-10,27.580900,28.730801,27.580900,27.580900,27.580900,25047
2015-06-11,27.020399,27.020399,26.747299,27.020399,27.020399,13219
2015-06-12,26.747299,27.307899,26.747299,26.747299,26.747299,12523
2015-06-15,27.307899,27.724701,26.934200,27.307899,27.307899,21568
2015-06-16,27.307899,27.307899,27.307899,27.307899,27.307899,0
2015-06-17,27.307899,27.307899,27.307899,27.307899,27.307899,0
2015-06-18,27.164101,27.164101,26.747299,27.164101,27.164101,2783
2015-06-22,27.221600,27.739000,27.221600,27.221600,27.221600,40702
2015-06-23,27.020399,27.451599,27.020399,27.020399,27.020399,36173
2015-06-24,26.876699,27.307899,26.603600,26.876699,26.876699,18090
2015-06-25,26.776100,26.776100,26.776100,26.776100,26.776100,1391
2015-06-26,26.776100,26.776100,26.776100,26.776100,26.776100,0
2015-06-29,26.776100,26.776100,26.776100,26.776100,26.776100,0
2015-06-30,28.745100,28.745100,27.092300,28.745100,28.745100,19759
2015-07-01,27.753401,28.572701,27.753401,27.753401,27.753401,6261
2015-07-02,28.026501,28.313900,27.695900,28.026501,28.026501,4870
2015-07-03,27.882799,27.882799,27.624100,27.882799,27.882799,9045
2015-07-06,27.451599,27.451599,27.451599,27.451599,27.451599,6261
2015-07-07,27.307899,27.307899,27.307899,27.307899,27.307899,2087
2015-07-08,27.307899,27.307899,27.307899,27.307899,27.307899,2783
2015-07-09,27.207300,27.207300,27.207300,27.207300,27.207300,1391
2015-07-10,27.207300,27.207300,27.207300,27.207300,27.207300,0
2015-07-13,27.236000,27.437201,27.236000,27.236000,27.236000,2087
2015-07-14,27.408501,27.422800,27.408501,27.408501,27.408501,6957
2015-07-15,27.408501,27.408501,27.221600,27.408501,27.408501,10436
2015-07-16,26.804800,27.121000,26.632401,26.804800,26.804800,13915
2015-07-17,26.804800,26.804800,26.804800,26.804800,26.804800,0
2015-07-20,26.057501,26.517401,26.057501,26.057501,26.057501,3802
2015-07-21,27.106701,27.106701,27.106701,27.106701,27.106701,2991
2015-07-22,27.106701,27.106701,27.106701,27.106701,27.106701,0
2015-07-23,27.106701,27.106701,27.106701,27.106701,27.106701,0
2015-07-24,27.106701,27.106701,27.106701,27.106701,27.106701,0
2015-07-27,26.876699,27.135401,26.804800,26.876699,26.876699,26439
2015-07-28,26.229900,26.517401,26.229900,26.229900,26.229900,2783
2015-07-29,27.135401,27.149799,27.121000,27.135401,27.135401,5983
2015-07-30,26.991699,27.135401,25.885000,26.991699,26.991699,12523
2015-07-31,27.020399,27.307899,27.020399,27.020399,27.020399,20873
2015-08-03,27.983400,27.983400,27.135401,27.983400,27.983400,43833
2015-08-04,27.207300,28.026501,27.207300,27.207300,27.207300,2296
2015-08-05,27.739000,27.739000,27.322201,27.739000,27.739000,4870
2015-08-06,27.739000,27.739000,27.667200,27.739000,27.739000,15306
2015-08-07,27.336599,27.739000,27.336599,27.336599,27.336599,7514
2015-08-10,27.451599,27.997700,27.322201,27.451599,27.451599,6261
2015-08-11,27.739000,28.673300,27.523500,27.739000,27.739000,42441
2015-08-12,27.739000,27.739000,27.739000,27.739000,27.739000,0
2015-08-13,28.443300,28.443300,28.443300,28.443300,28.443300,713
2015-08-14,28.428900,28.443300,27.537800,28.428900,28.428900,8349
2015-08-17,27.523500,28.026501,27.523500,27.523500,27.523500,7653
2015-08-18,27.652800,27.739000,27.652800,27.652800,27.652800,13915
2015-08-19,27.609699,27.609699,27.609699,27.609699,27.609699,1391
2015-08-20,27.480301,27.739000,27.307899,27.480301,27.480301,13271
2015-08-21,26.733000,27.451599,26.733000,26.733000,26.733000,13915
2015-08-24,25.152000,27.164101,25.065701,25.152000,25.152000,22264
2015-08-25,25.152000,25.152000,25.137600,25.152000,25.152000,5566
2015-08-26,25.439400,25.439400,25.008301,25.439400,25.439400,7653
2015-08-27,25.439400,25.439400,25.439400,25.439400,25.439400,0
2015-08-28,25.152000,25.540001,24.792700,25.152000,25.152000,6331
2015-08-31,25.856199,25.870600,25.554399,25.856199,25.856199,13219
2015-09-01,25.583200,25.870600,25.295700,25.583200,25.583200,9771
2015-09-02,25.295700,25.712500,25.152000,25.295700,25.295700,6272
2015-09-03,25.640600,25.640600,25.640600,25.640600,25.640600,4174
2015-09-04,25.152000,25.152000,25.152000,25.152000,25.152000,3478
2015-09-07,25.152000,25.152000,25.152000,25.152000,25.152000,0
2015-09-08,25.152000,25.554399,25.152000,25.152000,25.152000,2783
2015-09-09,25.152000,25.152000,25.152000,25.152000,25.152000,0
2015-09-10,24.720800,24.720800,24.720800,24.720800,24.720800,13219
2015-09-11,24.720800,24.720800,24.720800,24.720800,24.720800,0
2015-09-14,24.720800,24.778299,24.720800,24.720800,24.720800,3521
2015-09-15,24.361500,24.692101,23.642900,24.361500,24.361500,5566
2015-09-16,24.361500,24.361500,24.361500,24.361500,24.361500,1391
2015-09-17,24.361500,24.390200,24.361500,24.361500,24.361500,13915
2015-09-18,24.519600,24.850201,24.505199,24.519600,24.519600,34440
2015-09-21,24.361500,24.806999,24.361500,24.361500,24.361500,50116
2015-09-22,24.073999,24.361500,24.073999,24.073999,24.073999,41547
2015-09-23,23.226101,24.073999,23.226101,23.226101,23.226101,36799
2015-09-24,22.780500,23.211700,22.708599,22.780500,22.780500,21012
2015-09-25,22.435600,22.996099,22.291800,22.435600,22.435600,30475
2015-09-29,22.435600,22.435600,22.435600,22.435600,22.435600,0
2015-09-30,22.636801,22.837999,21.487000,22.636801,22.636801,188172
2015-10-01,20.409000,20.768400,19.546700,19.762300,19.762300,11276347
2015-10-02,19.690399,19.977900,19.546700,19.834101,19.834101,2882575
2015-10-05,20.121599,20.480900,19.762300,20.409000,20.409000,4430664
2015-10-06,20.552799,20.552799,19.906000,19.977900,19.977900,2707937
2015-10-07,20.121599,20.265301,20.049700,20.049700,20.049700,1311526
2015-10-08,20.121599,20.193399,19.546700,19.618500,19.618500,2298128
2015-10-12,19.474800,19.474800,18.396900,18.684299,18.684299,1975987
2015-10-13,18.756201,19.834101,18.756201,19.115499,19.115499,2258469
2015-10-14,19.690399,20.409000,19.474800,20.193399,20.193399,3583912
2015-10-15,20.480900,21.271400,20.480900,20.983900,20.983900,5520936
2015-10-16,21.055799,23.068001,21.055799,23.068001,23.068001,7768969
2015-10-19,24.002199,25.152000,23.283600,25.152000,25.152000,7835067
2015-10-20,25.152000,26.589199,24.289600,25.583200,25.583200,5404742
2015-10-21,25.295700,25.870600,24.433399,24.936399,24.936399,3800296
2015-10-22,25.583200,26.517401,25.152000,25.295700,25.295700,3123312
2015-10-23,26.445499,27.307899,26.158100,26.301800,26.301800,5529981
2015-10-26,26.445499,26.804800,25.367599,25.798700,25.798700,2959110
2015-10-27,25.798700,26.373699,24.864500,25.583200,25.583200,2857528
2015-10-28,25.870600,26.014299,25.152000,25.367599,25.367599,1820830
2015-10-29,25.726900,25.870600,24.361500,24.361500,24.361500,2690543
2015-10-30,24.433399,25.726900,24.217800,25.152000,25.152000,2803258
2015-11-02,25.152000,25.798700,24.864500,25.295700,25.295700,1908497
2015-11-03,25.726900,25.798700,24.648899,24.792700,24.792700,1684459
2015-11-04,24.864500,25.152000,24.720800,24.720800,24.720800,1152195
2015-11-05,24.720800,25.295700,24.720800,25.152000,25.152000,1189766
2015-11-06,25.295700,25.295700,24.433399,24.577101,24.577101,1285087
2015-11-09,24.720800,25.080099,23.570999,23.642900,23.642900,1582877
2015-11-10,23.786600,25.152000,23.427299,25.008301,25.008301,1990598
2015-11-11,25.008301,25.152000,23.714701,23.858500,23.858500,1488948
2015-11-12,24.073999,24.361500,23.139799,24.073999,24.073999,1296915
2015-11-13,23.427299,24.145901,23.283600,23.570999,23.570999,1155674
2015-11-16,22.996099,23.570999,22.852400,23.355400,23.355400,914937
2015-11-17,23.786600,24.289600,23.570999,23.786600,23.786600,1098621
2015-11-18,23.858500,24.289600,23.642900,23.858500,23.858500,1121581
2015-11-19,24.289600,24.792700,24.145901,24.433399,24.433399,1710203
2015-11-20,24.289600,24.433399,23.642900,23.786600,23.786600,862059
2015-11-23,24.145901,25.655001,24.002199,24.864500,24.864500,2836654
2015-11-24,24.864500,25.152000,24.217800,24.361500,24.361500,1351185
2015-11-25,25.295700,25.295700,23.858500,24.936399,24.936399,1453463
2015-11-26,24.648899,25.080099,24.145901,24.289600,24.289600,1494514
2015-11-27,24.433399,25.008301,24.002199,24.505199,24.505199,1031131
2015-11-30,24.720800,25.798700,24.433399,25.152000,25.152000,2170802
2015-12-01,25.583200,27.667200,25.152000,27.379700,27.379700,6197920
2015-12-02,27.451599,28.026501,26.589199,27.523500,27.523500,5463883
2015-12-03,27.307899,28.026501,26.804800,27.164101,27.164101,2812303
2015-12-04,26.589199,29.032600,26.589199,28.673300,28.673300,4079300
2015-12-07,28.673300,28.745100,27.739000,28.313900,28.313900,3073912
2015-12-08,28.242100,28.745100,27.379700,27.810900,27.810900,2934758
2015-12-09,27.739000,28.170200,25.152000,25.511299,25.511299,3346654
2015-12-10,25.511299,26.517401,25.008301,26.445499,26.445499,1558525
2015-12-11,26.014299,26.301800,23.930300,24.145901,24.145901,1469466
2015-12-14,23.427299,24.720800,23.283600,23.930300,23.930300,1221076
2015-12-15,24.648899,25.798700,24.505199,25.655001,25.655001,1707420
2015-12-16,25.798700,25.870600,24.864500,25.152000,25.152000,1206465
2015-12-17,25.655001,26.517401,25.583200,25.798700,25.798700,1989206
2015-12-18,25.439400,26.158100,25.367599,25.439400,25.439400,939985
2015-12-21,26.373699,27.595301,26.158100,27.092300,27.092300,2589656
2015-12-22,27.164101,27.451599,26.301800,26.445499,26.445499,1475728
2015-12-23,26.086201,26.733000,26.014299,26.086201,26.086201,1159848
2015-12-24,27.020399,27.020399,25.008301,25.008301,25.008301,1765864
2015-12-25,25.008301,25.008301,25.008301,25.008301,25.008301,0
2015-12-28,25.726900,25.726900,24.792700,24.792700,24.792700,787611
2015-12-29,25.008301,25.080099,24.433399,24.577101,24.577101,740299
2015-12-30,24.792700,25.008301,24.217800,24.648899,24.648899,885019
2015-12-31,24.433399,24.936399,24.433399,24.648899,24.648899,416070
2016-01-04,24.792700,24.792700,24.002199,24.002199,24.002199,622714
2016-01-05,23.858500,24.433399,23.858500,23.930300,23.930300,884323
2016-01-06,24.145901,24.145901,23.283600,23.355400,23.355400,1077747
2016-01-07,23.355400,23.570999,21.127701,21.990000,21.990000,1477815
2016-01-08,20.840200,22.493099,20.840200,22.421200,22.421200,3851783
2016-01-11,22.061899,22.061899,21.271400,21.630699,21.630699,926070
2016-01-12,21.990000,22.061899,20.121599,20.121599,20.121599,1281608
2016-01-13,20.480900,20.840200,19.618500,20.337200,20.337200,1118798
2016-01-14,19.977900,20.552799,19.690399,20.049700,20.049700,771609
2016-01-15,20.480900,20.552799,20.121599,20.193399,20.193399,782741
2016-01-18,19.834101,21.558800,19.834101,21.343300,21.343300,962945
2016-01-19,21.415100,21.487000,20.983900,21.127701,21.127701,603232
2016-01-20,21.055799,21.415100,20.193399,20.193399,20.193399,753519
2016-01-21,20.265301,20.624599,19.834101,20.049700,20.049700,651936
2016-01-22,20.409000,20.696501,20.265301,20.552799,20.552799,982427
2016-01-25,20.840200,21.199499,20.768400,20.912100,20.912100,683246
2016-01-26,20.983900,20.983900,20.409000,20.409000,20.409000,553137
2016-01-27,20.840200,20.840200,20.121599,20.193399,20.193399,526698
2016-01-28,20.193399,20.337200,20.049700,20.121599,20.121599,536438
2016-01-29,20.265301,20.409000,20.193399,20.193399,20.193399,610190
2016-01-30,null,null,null,null,null,null
2016-02-01,20.912100,20.912100,20.121599,20.265301,20.265301,617843
2016-02-02,20.121599,20.337200,19.690399,19.906000,19.906000,1509125
2016-02-03,19.834101,19.834101,19.403000,19.762300,19.762300,1541826
2016-02-15,19.690399,20.337200,19.690399,20.265301,20.265301,963641
2016-02-16,20.552799,22.277500,20.552799,22.277500,22.277500,4445275
2016-02-17,24.505199,24.505199,24.505199,24.505199,24.505199,4680445
2016-02-18,25.439400,25.655001,24.864500,25.295700,25.295700,8091111
2016-02-19,25.080099,26.733000,25.008301,26.229900,26.229900,6539543
2016-02-22,25.942499,26.229900,24.864500,25.295700,25.295700,4157226
2016-02-23,25.870600,26.158100,25.367599,25.439400,25.439400,3039124
2016-02-24,25.223801,25.439400,24.145901,24.217800,24.217800,3377964
2016-02-25,24.433399,24.433399,23.427299,23.570999,23.570999,2981375
2016-02-26,23.930300,24.720800,23.211700,24.720800,24.720800,2950761
2016-03-01,24.433399,24.648899,23.930300,24.361500,24.361500,2258469
2016-03-02,24.577101,24.720800,24.145901,24.145901,24.145901,1818047
2016-03-03,24.145901,24.361500,23.642900,23.714701,23.714701,1653845
2016-03-04,23.858500,24.217800,23.714701,23.858500,23.858500,1151499
2016-03-07,24.073999,24.720800,23.786600,24.217800,24.217800,1690721
2016-03-08,24.002199,24.864500,24.002199,24.792700,24.792700,2348920
2016-03-09,24.792700,24.792700,23.786600,23.858500,23.858500,2206287
2016-03-10,23.858500,24.361500,23.642900,24.073999,24.073999,2441457
2016-03-11,24.073999,24.720800,24.073999,24.577101,24.577101,2935454
2016-03-14,25.152000,25.367599,24.648899,25.223801,25.223801,4568426
2016-03-15,25.223801,25.223801,24.145901,24.145901,24.145901,2609833
2016-03-16,24.505199,24.864500,24.145901,24.577101,24.577101,1972508
2016-03-17,24.864500,24.864500,24.002199,24.002199,24.002199,1746383
2016-03-18,24.002199,24.145901,23.786600,23.786600,23.786600,949030
2016-03-21,23.786600,23.858500,23.355400,23.499100,23.499100,1431895
2016-03-22,23.427299,24.002199,23.427299,23.642900,23.642900,1064528
2016-03-23,23.786600,24.217800,23.714701,23.714701,23.714701,923287
2016-03-24,23.642900,23.858500,23.427299,23.714701,23.714701,728471
2016-03-25,23.714701,23.714701,22.996099,23.068001,23.068001,1238470
2016-03-28,23.068001,23.068001,21.846300,21.990000,21.990000,1755428
2016-03-29,21.990000,22.421200,21.127701,21.415100,21.415100,1601662
2016-03-30,21.558800,21.846300,21.558800,21.846300,21.846300,784828
2016-03-31,21.990000,22.133699,21.702600,21.702600,21.702600,656807
2016-04-01,21.630699,21.630699,21.415100,21.415100,21.415100,583055
2016-04-06,21.271400,21.271400,20.912100,21.199499,21.199499,819617
2016-04-07,21.199499,21.487000,20.983900,21.055799,21.055799,596970
2016-04-08,21.558800,22.205601,21.558800,21.774401,21.774401,2098442
2016-04-11,21.702600,22.133699,21.415100,22.061899,22.061899,1109753
2016-04-12,21.918200,22.133699,21.271400,21.271400,21.271400,1366492
2016-04-13,21.558800,22.277500,21.415100,22.061899,22.061899,1347706
2016-04-14,21.990000,22.421200,21.774401,21.846300,21.846300,1088184
2016-04-15,21.702600,21.846300,21.343300,21.702600,21.702600,1084009
2016-04-18,21.846300,21.918200,21.271400,21.487000,21.487000,670722
2016-04-19,21.846300,21.918200,21.343300,21.415100,21.415100,894760
2016-04-20,21.415100,21.487000,20.912100,20.983900,20.983900,1052700
2016-04-21,21.127701,21.199499,20.696501,20.912100,20.912100,879453
2016-04-22,20.768400,20.840200,19.906000,20.121599,20.121599,1943286
2016-04-25,20.049700,20.696501,19.690399,20.121599,20.121599,990080
2016-04-26,20.480900,21.558800,20.480900,21.127701,21.127701,2274472
2016-04-27,21.055799,21.343300,20.840200,20.840200,20.840200,826574
2016-04-28,20.983900,21.055799,20.337200,20.337200,20.337200,930940
2016-04-29,20.265301,20.696501,20.121599,20.480900,20.480900,873887
2016-05-03,20.840200,20.983900,20.552799,20.696501,20.696501,749344
2016-05-04,20.696501,20.840200,20.121599,20.121599,20.121599,963641
2016-05-05,20.193399,20.768400,19.906000,20.696501,20.696501,1196724
2016-05-06,20.696501,20.912100,20.409000,20.768400,20.768400,1089576
2016-05-09,21.127701,21.271400,20.409000,20.409000,20.409000,2360052
2016-05-10,20.480900,20.768400,20.480900,20.624599,20.624599,579576
2016-05-11,20.624599,20.840200,20.265301,20.265301,20.265301,946943
2016-05-12,20.193399,20.552799,20.193399,20.193399,20.193399,436247
2016-05-13,20.337200,20.337200,19.762300,19.977900,19.977900,846752
2016-05-16,20.121599,20.552799,19.834101,20.409000,20.409000,766042
2016-05-17,20.552799,20.983900,20.409000,20.983900,20.983900,1814568
2016-05-18,20.840200,21.127701,20.696501,20.696501,20.696501,834228
2016-05-19,20.696501,21.055799,20.409000,20.409000,20.409000,929548
2016-05-20,20.624599,20.768400,20.480900,20.552799,20.552799,612277
2016-05-23,20.912100,21.271400,20.696501,20.983900,20.983900,1330312
2016-05-24,21.055799,22.277500,20.840200,21.990000,21.990000,4935097
2016-05-25,21.990000,22.205601,21.558800,21.918200,21.918200,2684281
2016-05-26,22.493099,22.924200,22.205601,22.277500,22.277500,4795248
2016-05-27,22.277500,22.277500,21.774401,21.990000,21.990000,1553654
2016-05-30,21.990000,22.061899,21.774401,21.846300,21.846300,1470162
2016-05-31,21.990000,22.349300,21.702600,21.774401,21.774401,2879792
2016-06-01,21.487000,21.487000,20.409000,20.696501,20.696501,4616435
2016-06-02,20.624599,20.624599,20.193399,20.265301,20.265301,2172890
2016-06-03,20.409000,20.480900,20.121599,20.337200,20.337200,1192550
2016-06-04,null,null,null,null,null,null
2016-06-06,19.621700,20.136101,19.548201,19.915701,19.915701,3614798
2016-06-07,19.989201,20.356600,19.915701,19.915701,19.915701,2146563
2016-06-08,19.915701,19.989201,19.768700,19.915701,19.915701,1594103
2016-06-13,19.768700,19.842199,19.474701,19.621700,19.621700,1161389
2016-06-14,19.695200,20.136101,19.695200,19.915701,19.915701,1470957
2016-06-15,19.842199,19.842199,19.621700,19.695200,19.695200,1862169
2016-06-16,19.474701,19.621700,19.107300,19.180799,19.180799,2607853
2016-06-17,19.254299,19.401199,19.107300,19.107300,19.107300,1641729
2016-06-20,19.180799,19.474701,19.180799,19.327801,19.327801,2175138
2016-06-21,19.254299,19.768700,19.254299,19.327801,19.327801,2369724
2016-06-22,19.254299,20.650600,19.180799,20.209600,20.209600,7368392
2016-06-23,19.989201,20.430099,19.842199,19.842199,19.842199,4765982
2016-06-24,20.062700,20.062700,19.107300,19.327801,19.327801,4019618
2016-06-27,19.327801,19.621700,19.254299,19.401199,19.401199,1621998
2016-06-28,19.180799,19.695200,19.180799,19.401199,19.401199,658596
2016-06-29,19.474701,19.695200,19.401199,19.474701,19.474701,1628802
2016-06-30,19.401199,20.136101,19.327801,19.548201,19.548201,13457692
2016-07-01,19.695200,19.842199,19.548201,19.621700,19.621700,3309313
2016-07-04,19.621700,19.621700,19.327801,19.401199,19.401199,2369043
2016-07-05,19.401199,19.621700,19.401199,19.474701,19.474701,1140297
2016-07-06,19.474701,19.474701,19.180799,19.180799,19.180799,1345769
2016-07-07,19.621700,20.062700,19.548201,19.842199,19.842199,8008619
2016-07-08,19.842199,19.842199,19.842199,19.842199,19.842199,0
2016-07-11,20.136101,20.136101,19.621700,19.621700,19.621700,3087513
2016-07-12,19.768700,20.062700,19.621700,19.768700,19.768700,2175138
2016-07-13,20.062700,20.062700,19.621700,19.695200,19.695200,2308490
2016-07-14,19.842199,19.842199,19.621700,19.768700,19.768700,1368901
2016-07-15,19.842199,19.915701,19.621700,19.621700,19.621700,2724876
2016-07-18,19.842199,19.989201,19.621700,19.695200,19.695200,2690858
2016-07-19,19.842199,19.842199,19.621700,19.695200,19.695200,1393395
2016-07-20,19.695200,19.695200,19.327801,19.401199,19.401199,2450007
2016-07-21,19.548201,19.621700,19.327801,19.474701,19.474701,2002324
2016-07-22,19.474701,19.768700,19.474701,19.474701,19.474701,2458852
2016-07-25,19.621700,19.621700,19.180799,19.254299,19.254299,2471098
2016-07-26,19.327801,19.401199,19.180799,19.254299,19.254299,1320595
2016-07-27,19.254299,19.474701,19.107300,19.107300,19.107300,2435039
2016-07-28,19.107300,19.107300,18.445900,18.592899,18.592899,4438044
2016-07-29,18.592899,18.813299,18.445900,18.519400,18.519400,1493409
2016-08-01,18.666300,18.886801,18.666300,18.666300,18.666300,1659419
2016-08-02,18.666300,18.666300,18.225401,18.298901,18.298901,3177321
2016-08-03,18.298901,18.298901,17.931499,18.004900,18.004900,2169015
2016-08-04,18.151899,18.225401,18.078400,18.078400,18.078400,1579816
2016-08-05,18.078400,18.225401,17.858000,17.931499,17.931499,1859447
2016-08-08,17.931499,18.004900,17.417000,17.417000,17.417000,3524309
2016-08-09,17.343500,17.417000,16.755600,16.829100,16.829100,3946138
2016-08-10,16.902599,17.123100,16.829100,16.829100,16.829100,2020014
2016-08-11,17.049601,17.049601,16.608601,16.829100,16.829100,1626761
2016-08-12,16.829100,16.976101,16.608601,16.829100,16.829100,1307668
2016-08-15,16.755600,16.755600,15.947200,16.094200,16.094200,3567853
2016-08-16,16.094200,17.196600,16.094200,16.976101,16.976101,3458994
2016-08-17,17.123100,17.123100,16.608601,16.682100,16.682100,1504975
2016-08-18,16.829100,17.123100,16.755600,16.976101,16.976101,2345230
2016-08-19,16.829100,16.976101,16.682100,16.755600,16.755600,1608391
2016-08-22,16.755600,16.755600,16.388201,16.461700,16.461700,1021233
2016-08-23,16.461700,16.535200,16.388201,16.461700,16.461700,674925
2016-08-24,16.535200,16.535200,16.388201,16.388201,16.388201,918497
2016-08-25,16.461700,16.902599,16.388201,16.902599,16.902599,1769638
2016-08-26,16.829100,16.829100,16.535200,16.682100,16.682100,924621
2016-08-29,16.976101,17.049601,16.682100,16.829100,16.829100,1657378
2016-08-30,16.829100,17.049601,16.682100,16.829100,16.829100,1757392
2016-08-31,16.902599,16.902599,16.608601,16.829100,16.829100,919178
2016-09-01,16.755600,16.902599,16.682100,16.902599,16.902599,1603628
2016-09-02,16.902599,17.196600,16.755600,16.829100,16.829100,3946818
2016-09-05,16.755600,16.829100,16.388201,16.388201,16.388201,1744465
2016-09-06,16.461700,16.535200,16.388201,16.461700,16.461700,742962
2016-09-07,16.461700,16.535200,16.388201,16.461700,16.461700,932105
2016-09-08,16.388201,16.682100,16.388201,16.535200,16.535200,840255
2016-09-09,16.682100,16.902599,16.608601,16.682100,16.682100,1777122
2016-09-10,null,null,null,null,null,null
2016-09-12,16.755600,17.049601,16.608601,16.755600,16.755600,1294741
2016-09-13,16.976101,16.976101,16.535200,16.608601,16.608601,1034160
2016-09-14,16.829100,17.196600,16.682100,16.755600,16.755600,3663104
2016-09-19,16.755600,16.755600,16.535200,16.535200,16.535200,1213777
2016-09-20,16.608601,16.682100,16.167700,16.314699,16.314699,1679830
2016-09-21,16.461700,16.829100,16.314699,16.608601,16.608601,1811821
2016-09-22,16.608601,16.682100,16.461700,16.608601,16.608601,727994
2016-09-23,16.608601,16.682100,16.461700,16.535200,16.535200,587838
2016-09-26,16.461700,16.535200,16.241199,16.314699,16.314699,844337
2016-09-27,16.314699,16.314699,16.314699,16.314699,16.314699,0
2016-09-28,16.314699,16.314699,16.314699,16.314699,16.314699,0
2016-09-29,16.535200,16.608601,16.314699,16.461700,16.461700,1121247
2016-09-30,16.388201,16.461700,16.241199,16.314699,16.314699,558582
2016-10-03,16.461700,16.461700,16.241199,16.241199,16.241199,643628
2016-10-04,16.388201,16.829100,16.388201,16.755600,16.755600,2754812
2016-10-05,16.755600,16.902599,16.608601,16.682100,16.682100,1058653
2016-10-06,16.829100,17.784500,16.829100,17.711000,17.711000,7614005
2016-10-07,17.784500,17.784500,17.343500,17.637501,17.637501,3974713
2016-10-11,18.004900,18.078400,16.902599,17.049601,17.049601,5459278
2016-10-12,17.196600,17.417000,16.976101,17.196600,17.196600,2040425
2016-10-13,17.417000,17.784500,17.343500,17.417000,17.417000,3226308
2016-10-14,17.270000,17.417000,16.755600,16.755600,16.755600,2097576
2016-10-17,16.829100,17.123100,16.755600,17.049601,17.049601,888561
2016-10-18,17.049601,17.049601,16.755600,16.829100,16.829100,1015110
2016-10-19,16.976101,17.049601,16.608601,16.682100,16.682100,1819305
2016-10-20,16.829100,17.049601,16.755600,16.755600,16.755600,1105599
2016-10-21,16.902599,16.976101,16.608601,16.755600,16.755600,1072941
2016-10-24,16.829100,16.902599,16.461700,16.535200,16.535200,1264124
2016-10-25,16.535200,16.608601,16.461700,16.461700,16.461700,955237
2016-10-26,16.535200,16.755600,16.535200,16.608601,16.608601,985854
2016-10-27,16.755600,16.755600,16.461700,16.535200,16.535200,676966
2016-10-28,16.535200,16.608601,16.314699,16.388201,16.388201,764054
2016-10-31,16.461700,16.535200,16.388201,16.461700,16.461700,560623
2016-11-01,16.388201,16.461700,16.314699,16.314699,16.314699,656555
2016-11-02,16.461700,16.535200,16.241199,16.241199,16.241199,761332
2016-11-03,16.314699,16.388201,15.947200,16.094200,16.094200,1619277
2016-11-04,16.094200,16.241199,16.020700,16.094200,16.094200,617094
2016-11-07,16.241199,16.241199,16.094200,16.167700,16.167700,699418
2016-11-08,16.314699,16.608601,16.094200,16.388201,16.388201,1230106
2016-11-09,16.461700,16.535200,14.918400,15.065400,15.065400,2707867
2016-11-10,15.432800,15.579800,15.212300,15.359300,15.359300,1435577
2016-11-11,15.138900,15.212300,14.168800,14.404000,14.404000,3022877
2016-11-14,14.404000,14.404000,13.698500,13.963000,13.963000,2194869
2016-11-15,13.830700,14.080600,13.742500,13.874800,13.874800,866109
2016-11-16,13.933600,14.110000,13.889500,13.963000,13.963000,772218
2016-11-17,13.918900,13.918900,12.934200,12.978300,12.978300,3788973
2016-11-18,13.257500,13.610300,13.257500,13.566200,13.566200,2245216
2016-11-21,13.742500,13.742500,13.595600,13.625000,13.625000,1019192
2016-11-22,14.257000,14.918400,14.139400,14.918400,14.918400,4837421
2016-11-23,14.844900,15.065400,14.624400,14.683200,14.683200,2570432
2016-11-24,14.697900,14.918400,14.433400,14.492100,14.492100,1319234
2016-11-25,14.492100,14.565600,14.183500,14.359900,14.359900,1000141
2016-11-28,14.345200,14.550900,14.330500,14.359900,14.359900,813720
2016-11-29,14.521500,14.683200,14.433400,14.683200,14.683200,923260
2016-11-30,14.771400,14.844900,14.477400,14.477400,14.477400,712345
2016-12-01,14.844900,15.212300,14.697900,14.991900,14.991900,2875237
2016-12-02,14.991900,15.065400,14.697900,14.844900,14.844900,1051849
2016-12-05,14.918400,14.918400,14.580300,14.609700,14.609700,1038922
2016-12-06,14.697900,15.359300,14.697900,14.918400,14.918400,3245358
2016-12-07,14.918400,14.918400,14.697900,14.697900,14.697900,820524
2016-12-08,15.065400,15.212300,14.844900,14.844900,14.844900,3099079
2016-12-09,14.918400,14.991900,14.771400,14.844900,14.844900,803515
2016-12-12,14.991900,15.065400,14.697900,14.844900,14.844900,818483
2016-12-13,14.844900,14.991900,14.771400,14.844900,14.844900,461970
2016-12-14,14.918400,15.065400,14.918400,14.991900,14.991900,852501
2016-12-15,14.844900,14.844900,14.653800,14.771400,14.771400,1464153
2016-12-16,14.771400,15.138900,14.771400,14.844900,14.844900,1481162
2016-12-19,14.991900,15.579800,14.991900,15.285800,15.285800,3865174
2016-12-20,15.506300,15.506300,15.065400,15.359300,15.359300,1579135
2016-12-21,15.579800,15.579800,15.212300,15.212300,15.212300,1094713
2016-12-22,15.212300,15.212300,14.844900,14.844900,14.844900,1162069
2016-12-23,14.918400,14.991900,14.771400,14.844900,14.844900,573550
2016-12-26,14.844900,15.138900,14.771400,14.918400,14.918400,1076343
2016-12-27,15.065400,15.065400,14.844900,14.844900,14.844900,662679
2016-12-28,14.918400,14.991900,14.844900,14.844900,14.844900,651793
2016-12-29,14.918400,14.991900,14.771400,14.844900,14.844900,578313
2016-12-30,14.991900,15.506300,14.991900,15.212300,15.212300,2839858
2017-01-03,15.212300,15.359300,15.065400,15.212300,15.212300,760652
2017-01-04,15.359300,16.241199,15.285800,15.726800,15.726800,5080312
2017-01-05,15.873700,15.947200,15.506300,15.579800,15.579800,1589341
2017-01-06,15.726800,15.726800,15.359300,15.506300,15.506300,1271609
2017-01-09,15.506300,15.653300,14.991900,14.991900,14.991900,1695478
2017-01-10,15.065400,15.138900,14.844900,14.991900,14.991900,793990
2017-01-11,15.065400,15.138900,14.844900,14.918400,14.918400,604847
2017-01-12,15.138900,15.359300,14.918400,14.918400,14.918400,1289978
2017-01-13,14.918400,15.065400,14.918400,14.991900,14.991900,496669
2017-01-16,14.991900,15.138900,14.918400,14.918400,14.918400,402097
2017-01-17,14.918400,15.065400,14.918400,14.918400,14.918400,535450
2017-01-18,14.918400,15.065400,14.844900,15.065400,15.065400,866789
2017-01-19,15.138900,15.653300,15.138900,15.359300,15.359300,3173239
2017-01-20,15.432800,15.579800,15.285800,15.432800,15.432800,1226704
2017-01-23,15.800300,15.800300,15.432800,15.506300,15.506300,1603628
2017-01-24,15.432800,15.506300,15.285800,15.506300,15.506300,849780
2017-02-02,15.579800,15.800300,15.359300,15.579800,15.579800,1600227
2017-02-03,15.653300,15.873700,15.506300,15.579800,15.579800,1351892
2017-02-06,15.726800,15.800300,15.506300,15.579800,15.579800,1156626
2017-02-07,15.653300,17.123100,15.432800,17.123100,17.123100,9559860
2017-02-08,17.637501,18.078400,17.049601,17.049601,17.049601,20272945
2017-02-09,16.976101,17.049601,16.388201,16.608601,16.608601,4866677
2017-02-10,17.196600,17.490499,16.608601,16.682100,16.682100,3985599
2017-02-13,16.976101,17.123100,16.608601,16.608601,16.608601,2032261
2017-02-14,16.829100,16.902599,16.314699,16.388201,16.388201,2036343
2017-02-15,16.535200,16.608601,16.314699,16.388201,16.388201,1594784
2017-02-16,16.608601,16.682100,16.388201,16.535200,16.535200,1452587
2017-02-17,16.682100,17.270000,16.535200,16.829100,16.829100,4484309
2017-02-18,null,null,null,null,null,null
2017-02-20,17.931499,17.931499,17.196600,17.196600,17.196600,6717279
2017-02-21,17.270000,17.490499,16.976101,17.196600,17.196600,2031580
2017-02-22,17.417000,17.417000,17.049601,17.049601,17.049601,1683232
2017-02-23,16.976101,17.270000,16.829100,16.829100,16.829100,1221942
2017-02-24,16.902599,16.976101,16.608601,16.755600,16.755600,1147101
2017-03-01,16.755600,16.829100,16.535200,16.535200,16.535200,937548
2017-03-02,16.755600,16.902599,16.388201,16.902599,16.902599,2443884
2017-03-03,17.270000,17.343500,16.755600,16.829100,16.829100,3559688
2017-03-06,16.829100,16.829100,16.535200,16.535200,16.535200,1337604
2017-03-07,16.461700,16.608601,16.241199,16.314699,16.314699,2237732
2017-03-08,16.094200,16.167700,15.653300,15.873700,15.873700,2568391
2017-03-09,15.873700,16.020700,15.653300,15.726800,15.726800,953196
2017-03-10,15.726800,15.800300,15.212300,15.285800,15.285800,1724054
2017-03-13,15.212300,15.432800,15.212300,15.359300,15.359300,668122
2017-03-14,15.432800,15.579800,15.359300,15.432800,15.432800,779702
2017-03-15,15.506300,15.579800,15.138900,15.212300,15.212300,1271609
2017-03-16,15.285800,15.432800,15.065400,15.138900,15.138900,1227385
2017-03-17,15.212300,15.432800,15.065400,15.359300,15.359300,1106279
2017-03-20,15.359300,15.506300,15.359300,15.432800,15.432800,1056612
2017-03-21,15.800300,16.094200,15.653300,15.653300,15.653300,2720113
2017-03-22,15.432800,15.653300,15.212300,15.506300,15.506300,977689
2017-03-23,15.653300,16.094200,15.579800,15.873700,15.873700,1942452
2017-03-24,15.947200,16.020700,15.653300,15.653300,15.653300,736158
2017-03-27,15.726800,16.535200,15.726800,15.947200,15.947200,3983558
2017-03-28,16.167700,16.388201,15.726800,16.167700,16.167700,2006407
2017-03-29,16.241199,16.241199,15.800300,16.020700,16.020700,1164791
2017-03-30,16.094200,16.241199,15.947200,15.947200,15.947200,1134174
2017-03-31,16.167700,16.167700,15.873700,15.947200,15.947200,1206974
2017-04-05,16.167700,16.241199,15.800300,15.873700,15.873700,1018511
2017-04-06,15.873700,16.167700,15.800300,16.020700,16.020700,1315832
2017-04-07,16.167700,16.608601,16.167700,16.314699,16.314699,3545401
2017-04-10,16.608601,16.608601,16.241199,16.461700,16.461700,1411764
2017-04-11,16.682100,17.123100,16.314699,16.314699,16.314699,3926407
2017-04-12,16.461700,16.461700,15.726800,15.873700,15.873700,2094855
2017-04-13,15.873700,16.020700,15.726800,15.726800,15.726800,1000141
2017-04-14,15.726800,15.726800,15.285800,15.285800,15.285800,1171594
2017-04-17,15.432800,15.506300,15.138900,15.138900,15.138900,882438
2017-04-18,15.359300,15.432800,15.212300,15.285800,15.285800,434075
2017-04-19,15.285800,15.285800,14.844900,14.918400,14.918400,1138256
2017-04-20,15.065400,15.285800,14.918400,15.285800,15.285800,957278
2017-04-21,15.579800,15.653300,15.432800,15.432800,15.432800,1997562
2017-04-24,15.432800,15.506300,15.212300,15.285800,15.285800,539532
2017-04-25,15.432800,15.579800,15.285800,15.285800,15.285800,592601
2017-04-26,15.432800,15.432800,15.212300,15.212300,15.212300,702820
2017-04-27,15.359300,16.682100,15.359300,16.682100,16.682100,6957449
2017-04-28,17.123100,17.270000,16.314699,16.608601,16.608601,15493355
2017-05-02,16.535200,16.682100,16.314699,16.461700,16.461700,2765698
2017-05-03,16.682100,16.976101,16.461700,16.976101,16.976101,4855791
2017-05-04,17.196600,17.931499,17.196600,17.490499,17.490499,17956970
2017-05-05,17.490499,17.490499,16.902599,17.049601,17.049601,4391779
2017-05-08,17.343500,17.637501,16.755600,16.755600,16.755600,6677138
2017-05-09,16.461700,16.535200,15.212300,15.579800,15.579800,5304154
2017-05-10,15.726800,15.800300,15.579800,15.653300,15.653300,1425372
2017-05-11,15.726800,15.726800,15.359300,15.432800,15.432800,1030078
2017-05-12,15.432800,15.873700,15.432800,15.579800,15.579800,1490687
2017-05-15,15.947200,16.241199,15.800300,15.873700,15.873700,3000425
2017-05-16,15.873700,16.167700,15.800300,15.873700,15.873700,944351
2017-05-17,16.020700,16.388201,16.020700,16.314699,16.314699,3507980
2017-05-18,16.020700,16.461700,15.873700,16.388201,16.388201,3075946
2017-05-19,16.976101,17.049601,16.535200,16.608601,16.608601,5470844
2017-05-22,16.461700,17.049601,16.461700,16.461700,16.461700,3489610
2017-05-23,16.608601,16.682100,15.947200,16.020700,16.020700,2625542
2017-05-24,16.020700,16.167700,15.800300,15.800300,15.800300,1398157
2017-05-25,15.947200,16.314699,15.726800,15.726800,15.726800,1656697
2017-05-26,15.800300,15.873700,15.506300,15.579800,15.579800,1370942
2017-05-31,15.800300,16.020700,15.653300,15.947200,15.947200,1645131
2017-06-01,15.947200,16.388201,15.947200,16.167700,16.167700,4862594
2017-06-02,16.241199,16.314699,15.947200,15.947200,15.947200,1551240
2017-06-03,null,null,null,null,null,null
2017-06-05,16.608601,17.049601,16.461700,16.535200,16.535200,5134061
2017-06-06,16.608601,16.608601,16.241199,16.314699,16.314699,1593423
2017-06-07,16.241199,16.461700,16.167700,16.167700,16.167700,1234188
2017-06-08,16.314699,16.388201,16.167700,16.241199,16.241199,977009
2017-06-09,16.388201,16.902599,16.094200,16.094200,16.094200,5617123
2017-06-12,16.020700,16.167700,15.947200,15.947200,15.947200,794670
2017-06-13,16.020700,16.241199,15.947200,15.947200,15.947200,1168873
2017-06-14,16.094200,16.094200,15.579800,15.653300,15.653300,1787328
2017-06-15,15.726800,16.020700,15.653300,15.947200,15.947200,1366860
2017-06-16,15.947200,16.314699,15.947200,15.947200,15.947200,3601871
2017-06-19,16.167700,16.167700,15.800300,15.873700,15.873700,1355294
2017-06-20,16.020700,16.094200,15.800300,15.800300,15.800300,1004224
2017-06-21,15.726800,15.873700,15.653300,15.726800,15.726800,1321956
2017-06-22,15.800300,15.873700,15.579800,15.653300,15.653300,1432176
2017-06-23,15.800300,15.947200,15.579800,15.579800,15.579800,1916598
2017-06-26,15.726800,15.726800,15.432800,15.506300,15.506300,1385910
2017-06-27,15.579800,15.653300,15.432800,15.432800,15.432800,1099475
2017-06-28,15.432800,15.506300,15.285800,15.285800,15.285800,1248476
2017-06-29,15.432800,15.579800,15.285800,15.285800,15.285800,795350
2017-06-30,15.285800,15.432800,15.285800,15.359300,15.359300,725272
2017-07-03,15.359300,15.432800,15.285800,15.285800,15.285800,553139
2017-07-04,15.432800,15.579800,15.359300,15.359300,15.359300,1105599
2017-07-05,15.359300,15.432800,15.285800,15.285800,15.285800,653834
2017-07-06,15.359300,15.432800,15.285800,15.359300,15.359300,407540
2017-07-07,15.432800,15.432800,15.138900,15.212300,15.212300,1017151
2017-07-10,15.285800,15.653300,15.285800,15.432800,15.432800,2618738
2017-07-11,15.506300,15.506300,15.138900,15.212300,15.212300,858625
2017-07-12,15.285800,15.285800,14.991900,15.065400,15.065400,1038242
2017-07-13,15.065400,15.506300,15.065400,15.138900,15.138900,2011850
2017-07-14,15.285800,15.285800,14.918400,14.991900,14.991900,1392714
2017-07-17,15.065400,15.138900,14.844900,14.918400,14.918400,1089950
2017-07-18,14.991900,15.065400,14.844900,14.918400,14.918400,475577
2017-07-19,14.991900,15.138900,14.918400,14.918400,14.918400,1238951
2017-07-20,14.991900,15.138900,14.918400,14.991900,14.991900,755209
2017-07-21,15.065400,15.212300,14.991900,15.065400,15.065400,886520
2017-07-24,15.065400,15.065400,14.844900,14.844900,14.844900,908972
2017-07-25,14.844900,14.991900,14.844900,14.991900,14.991900,589199
2017-07-26,15.065400,15.432800,14.991900,15.212300,15.212300,2252700
2017-07-27,15.359300,15.359300,15.065400,15.065400,15.065400,847058
2017-07-28,15.138900,15.359300,15.065400,15.138900,15.138900,1534911
2017-07-31,15.285800,15.285800,15.065400,15.138900,15.138900,818483
2017-08-01,15.138900,15.579800,15.138900,15.432800,15.432800,3600510
2017-08-02,15.579800,15.579800,15.212300,15.285800,15.285800,793990
2017-08-03,15.359300,15.432800,15.212300,15.359300,15.359300,693295
2017-08-04,15.506300,15.800300,15.359300,15.579800,15.579800,2622140
2017-08-07,15.653300,15.653300,15.285800,15.285800,15.285800,1472317
2017-08-08,15.359300,15.432800,15.285800,15.285800,15.285800,696017
2017-08-09,15.359300,15.432800,15.065400,15.138900,15.138900,929383
2017-08-10,15.138900,15.285800,14.844900,14.844900,14.844900,1334202
2017-08-11,14.697900,14.697900,14.418700,14.462700,14.462700,2277193
2017-08-14,14.477400,14.580300,13.242800,13.448600,13.448600,2127512
2017-08-15,13.463300,13.801300,13.463300,13.698500,13.698500,955237
2017-08-16,13.742500,14.462700,13.566200,14.183500,14.183500,2121389
2017-08-17,14.315800,14.315800,14.110000,14.139400,14.139400,930063
2017-08-18,13.992400,13.992400,13.713200,13.771900,13.771900,1031438
2017-08-21,13.860100,13.918900,13.727900,13.742500,13.742500,581947
2017-08-22,13.757200,13.860100,13.566200,13.610300,13.610300,1485348
2017-08-23,13.625000,13.786600,13.595600,13.595600,13.595600,1141604
2017-08-24,13.595600,13.698500,13.580900,13.625000,13.625000,668679
2017-08-25,13.639700,13.698500,13.610300,13.669100,13.669100,536165
2017-08-28,13.669100,13.669100,13.492700,13.507400,13.507400,768947
2017-08-29,13.507400,13.507400,13.272200,13.301600,13.301600,1164690
2017-08-30,13.375100,13.478000,13.360400,13.448600,13.448600,776644
2017-08-31,13.522100,13.713200,13.522100,13.698500,13.698500,1009075
2017-09-01,13.757200,13.786600,13.639700,13.757200,13.757200,1052250
2017-09-04,13.801300,13.816000,13.669100,13.669100,13.669100,910049
2017-09-05,13.698500,14.448000,13.698500,14.433400,14.433400,2270837
2017-09-06,14.477400,15.212300,14.404000,14.771400,14.771400,3957717
2017-09-07,14.918400,15.065400,14.550900,14.550900,14.550900,1883555
2017-09-08,14.771400,14.844900,14.418700,14.550900,14.550900,1194740
2017-09-11,14.697900,15.212300,14.580300,15.138900,15.138900,3476433
2017-09-12,15.285800,15.285800,14.844900,14.844900,14.844900,1257522
2017-09-13,14.918400,14.991900,14.639100,14.653800,14.653800,1361576
2017-09-14,14.771400,14.918400,14.697900,14.844900,14.844900,540426
2017-09-15,14.918400,14.918400,14.683200,14.697900,14.697900,619746
2017-09-18,14.844900,14.918400,14.771400,14.771400,14.771400,834433
2017-09-19,14.918400,14.991900,14.697900,14.771400,14.771400,737652
2017-09-20,14.771400,14.918400,14.697900,14.771400,14.771400,663359
2017-09-21,14.844900,14.844900,14.697900,14.697900,14.697900,613692
2017-09-22,14.771400,14.844900,14.580300,14.580300,14.580300,762012
2017-09-25,14.580300,14.771400,14.418700,14.683200,14.683200,979379
2017-09-26,14.697900,14.844900,14.359900,14.359900,14.359900,1123288
2017-09-27,14.286400,14.536200,14.286400,14.389300,14.389300,449725
2017-09-28,14.404000,14.918400,14.404000,14.771400,14.771400,1304494
2017-09-29,14.771400,14.771400,14.521500,14.536200,14.536200,652170
2017-10-02,14.683200,14.683200,14.477400,14.477400,14.477400,625939
2017-10-03,14.536200,14.771400,14.536200,14.595000,14.595000,891759
2017-10-05,14.624400,14.771400,14.595000,14.609700,14.609700,1199495
2017-10-06,14.771400,15.138900,14.771400,14.991900,14.991900,2867918
2017-10-11,14.991900,15.359300,14.844900,15.285800,15.285800,2692909
2017-10-12,15.359300,15.873700,15.285800,15.285800,15.285800,4950686
2017-10-13,15.285800,15.506300,15.065400,15.359300,15.359300,1620980
2017-10-16,15.873700,16.829100,15.873700,16.829100,16.829100,14271047
2017-10-17,18.445900,18.445900,17.490499,18.225401,18.225401,32074954
2017-10-18,17.490499,18.078400,16.902599,17.858000,17.858000,11160202
2017-10-19,18.445900,19.107300,17.931499,18.004900,18.004900,14706944
2017-10-20,17.931499,18.372400,17.343500,17.858000,17.858000,7174187
2017-10-23,18.372400,18.445900,17.858000,17.931499,17.931499,4581984
2017-10-24,17.711000,17.784500,17.270000,17.343500,17.343500,5593927
2017-10-25,17.343500,18.372400,17.343500,17.931499,17.931499,9775063
2017-10-26,18.225401,18.225401,17.563999,17.637501,17.637501,5373021
2017-10-27,17.784500,17.931499,17.196600,17.196600,17.196600,4895729
2017-10-30,17.423201,18.016300,17.200701,17.349001,17.349001,3031774
2017-10-31,17.571400,17.571400,16.830000,17.052500,17.052500,2786785
2017-11-01,16.978300,16.978300,16.385201,16.533501,16.533501,3955163
2017-11-02,16.681801,16.681801,16.385201,16.385201,16.385201,1979186
2017-11-03,16.459299,16.533501,16.088600,16.236900,16.236900,2056915
2017-11-06,16.533501,16.904200,16.385201,16.755899,16.755899,2138563
2017-11-07,17.126600,17.126600,16.681801,16.755899,16.755899,2782470
2017-11-08,16.755899,16.755899,16.385201,16.533501,16.533501,1880246
2017-11-09,16.978300,18.164600,16.830000,17.719700,17.719700,14895390
2017-11-10,17.571400,18.980101,17.497299,18.609400,18.609400,19078479
2017-11-13,19.054300,20.388800,18.683599,19.424999,19.424999,21192482
2017-11-14,19.276699,19.276699,18.090401,18.312901,18.312901,9817435
2017-11-15,18.238701,18.238701,17.571400,17.868000,17.868000,5018938
2017-11-16,17.719700,18.312901,17.645599,17.793900,17.793900,4094333
2017-11-17,17.942200,18.164600,17.423201,17.423201,17.423201,4883406
2017-11-20,17.497299,17.645599,16.830000,16.904200,16.904200,4274432
2017-11-21,17.052500,18.461100,16.978300,17.942200,17.942200,7694841
2017-11-22,17.942200,17.942200,17.274900,17.274900,17.274900,5855234
2017-11-23,17.349001,17.497299,16.978300,17.200701,17.200701,3320610
2017-11-24,17.349001,17.497299,17.200701,17.349001,17.349001,2224962
2017-11-27,16.755899,17.126600,16.607599,16.830000,16.830000,6777332
2017-11-28,16.755899,16.755899,16.311001,16.459299,16.459299,4469782
2017-11-29,16.755899,16.904200,16.607599,16.904200,16.904200,4523529
2017-11-30,16.755899,16.904200,16.533501,16.533501,16.533501,2887274
2017-12-01,16.533501,16.607599,16.236900,16.236900,16.236900,3763263
2017-12-04,16.311001,16.459299,16.088600,16.162800,16.162800,2073680
2017-12-05,16.162800,16.162800,15.569600,15.792100,15.792100,2940382
2017-12-06,15.643800,15.940300,15.569600,15.643800,15.643800,2204319
2017-12-07,15.792100,15.866200,15.569600,15.643800,15.643800,1658989
2017-12-08,15.866200,15.940300,15.643800,15.717900,15.717900,1419227
2017-12-11,15.866200,15.940300,15.717900,15.792100,15.792100,1239298
2017-12-12,15.866200,16.311001,15.792100,16.088600,16.088600,2633208
2017-12-13,16.014500,16.162800,15.792100,15.792100,15.792100,1592636
2017-12-14,15.940300,16.088600,15.792100,15.792100,15.792100,1387430
2017-12-15,15.940300,15.940300,15.717900,15.792100,15.792100,833622
2017-12-18,15.792100,15.940300,15.643800,15.717900,15.717900,1057996
2017-12-19,15.792100,15.792100,15.569600,15.569600,15.569600,822436
2017-12-20,15.717900,15.717900,15.050600,15.347200,15.347200,2723270
2017-12-21,15.273100,16.162800,15.273100,16.014500,16.014500,3418387
2017-12-22,15.940300,15.940300,15.495500,15.643800,15.643800,1757368
2017-12-25,15.569600,15.569600,15.347200,15.347200,15.347200,1172096
2017-12-26,15.495500,15.717900,15.273100,15.273100,15.273100,1483120
2017-12-27,15.273100,15.495500,15.273100,15.273100,15.273100,818839
2017-12-28,15.347200,15.421400,15.198900,15.273100,15.273100,1131774
2017-12-29,15.273100,15.347200,15.124800,15.198900,15.198900,1435479
2018-01-02,15.273100,15.347200,15.050600,15.198900,15.198900,803330
2018-01-03,15.347200,15.495500,15.198900,15.273100,15.273100,1477147
2018-01-04,15.347200,15.421400,15.124800,15.273100,15.273100,1477770
2018-01-05,15.273100,15.495500,15.273100,15.347200,15.347200,1227859
2018-01-08,15.347200,15.421400,15.124800,15.124800,15.124800,2681178
2018-01-09,15.273100,15.273100,14.902400,14.976500,14.976500,1628743
2018-01-10,14.902400,15.050600,14.828200,14.902400,14.902400,1216762
2018-01-11,14.902400,14.976500,14.754100,14.976500,14.976500,1698394
2018-01-12,15.050600,15.273100,14.976500,15.050600,15.050600,1154523
2018-01-15,15.198900,15.273100,14.902400,14.976500,14.976500,1150070
2018-01-16,15.050600,15.124800,14.976500,15.124800,15.124800,905274
2018-01-17,15.124800,15.124800,14.976500,15.124800,15.124800,890077
2018-01-18,15.124800,15.273100,14.976500,15.050600,15.050600,984909
2018-01-19,15.050600,15.050600,14.902400,14.902400,14.902400,1198534
2018-01-22,14.976500,15.421400,14.902400,15.421400,15.421400,2195951
2018-01-23,15.421400,15.421400,15.050600,15.050600,15.050600,1607932
2018-01-24,14.976500,15.050600,14.902400,14.976500,14.976500,1238418
2018-01-25,15.050600,15.124800,14.902400,14.902400,14.902400,1089273
2018-01-26,14.902400,14.976500,14.902400,14.902400,14.902400,913105
2018-01-29,14.902400,15.050600,14.813400,14.828200,14.828200,1252234
2018-01-30,14.828200,14.902400,14.768900,14.768900,14.768900,1164259
2018-01-31,14.754100,14.754100,14.413000,14.516800,14.516800,1671067
2018-02-01,14.531700,14.798600,14.531700,14.679900,14.679900,553798
2018-02-02,14.798600,14.798600,14.546500,14.546500,14.546500,402970
2018-02-05,13.908900,14.279600,13.908900,14.249900,14.249900,855974
2018-02-06,14.057200,14.086800,12.826400,12.945000,12.945000,3051530
2018-02-07,13.360200,13.389900,13.167500,13.197100,13.197100,1097508
2018-02-08,13.345400,13.345400,13.182300,13.197100,13.197100,738666
2018-02-09,12.900600,13.108200,12.455700,12.974700,12.974700,1630518
2018-02-12,13.063700,13.197100,12.930200,13.152600,13.152600,970357
2018-02-21,13.419500,13.923700,13.345400,13.864400,13.864400,1163585
2018-02-22,13.864400,14.086800,13.642000,13.805100,13.805100,793237
2018-02-23,14.086800,14.086800,13.805100,13.805100,13.805100,640788
2018-02-26,13.938500,13.983000,13.805100,13.805100,13.805100,714161
2018-02-27,13.805100,13.938500,13.627100,13.642000,13.642000,512610
2018-03-01,13.642000,13.642000,13.523300,13.612300,13.612300,615155
2018-03-02,13.597500,13.597500,13.508500,13.567800,13.567800,653172
2018-03-05,13.582700,13.686500,13.553000,13.567800,13.567800,644918
2018-03-06,13.582700,13.656800,13.538200,13.538200,13.538200,596324
2018-03-07,13.493700,13.538200,13.434400,13.434400,13.434400,626269
2018-03-08,13.434400,13.493700,13.345400,13.434400,13.434400,829178
2018-03-09,13.375100,13.434400,13.360200,13.389900,13.389900,757810
2018-03-12,13.508500,13.567800,13.375100,13.375100,13.375100,646506
2018-03-13,13.404700,13.938500,13.404700,13.819900,13.819900,1497595
2018-03-14,13.938500,14.976500,13.908900,14.709600,14.709600,3180862
2018-03-15,14.709600,14.709600,14.235100,14.427900,14.427900,1486475
2018-03-16,14.442700,14.605800,14.235100,14.383400,14.383400,847595
2018-03-19,14.383400,14.502000,14.086800,14.338900,14.338900,961892
2018-03-20,14.264800,14.264800,14.072000,14.072000,14.072000,802786
2018-03-21,14.086800,14.220300,13.953400,14.131300,14.131300,782098
2018-03-22,14.101600,14.531700,14.057200,14.057200,14.057200,1478240
2018-03-23,13.716100,13.716100,13.389900,13.538200,13.538200,1311730
2018-03-26,13.538200,13.538200,13.360200,13.478900,13.478900,888906
2018-03-27,13.523300,13.553000,13.419500,13.464000,13.464000,596473
2018-03-28,13.434400,13.478900,13.375100,13.464000,13.464000,429331
2018-03-29,13.493700,13.553000,13.464000,13.493700,13.493700,461536
2018-03-30,13.464000,13.493700,13.419500,13.419500,13.419500,479184
2018-04-02,13.464000,13.493700,13.375100,13.493700,13.493700,550211
2018-04-03,13.404700,13.493700,13.360200,13.493700,13.493700,677448
2018-04-09,13.508500,13.508500,13.375100,13.389900,13.389900,567560
2018-04-10,13.419500,13.493700,13.419500,13.419500,13.419500,575464
2018-04-11,13.449200,13.612300,13.449200,13.538200,13.538200,357130
2018-04-12,13.538200,13.805100,13.478900,13.805100,13.805100,1552045
2018-04-13,13.849600,13.908900,13.642000,13.716100,13.716100,845787
2018-04-16,13.656800,13.716100,13.493700,13.538200,13.538200,620795
2018-04-17,13.567800,13.567800,13.419500,13.419500,13.419500,822629
2018-04-18,13.419500,13.523300,13.419500,13.478900,13.478900,781141
2018-04-19,13.493700,14.057200,13.493700,13.716100,13.716100,890741
2018-04-20,13.716100,13.745800,13.582700,13.642000,13.642000,450995
2018-04-23,13.493700,13.745800,13.493700,13.553000,13.553000,402082
2018-04-24,13.553000,13.582700,13.419500,13.523300,13.523300,1005234
2018-04-25,13.419500,13.538200,13.419500,13.464000,13.464000,781384
2018-04-26,13.938500,14.665100,13.819900,14.086800,14.086800,4080184
2018-04-27,14.161000,14.220300,13.805100,13.938500,13.938500,1888590
2018-04-30,14.012700,14.175800,13.968200,13.997800,13.997800,1374482
2018-05-02,15.124800,15.347200,14.783700,15.347200,15.347200,6902261
2018-05-03,15.643800,16.755899,15.569600,16.681801,16.681801,19870340
2018-05-04,16.607599,16.607599,15.569600,15.940300,15.940300,7230417
2018-05-07,16.014500,16.162800,15.347200,15.569600,15.569600,4271034
2018-05-08,15.569600,16.236900,15.495500,15.643800,15.643800,3262044
2018-05-09,15.495500,15.643800,15.050600,15.421400,15.421400,3791246
2018-05-10,15.792100,16.311001,15.792100,16.162800,16.162800,8055700
2018-05-11,16.014500,16.236900,15.717900,15.866200,15.866200,2930459
2018-05-14,16.088600,16.978300,15.717900,16.385201,16.385201,6825856
2018-05-15,16.385201,16.385201,15.717900,15.792100,15.792100,3514260
2018-05-16,15.643800,15.940300,15.347200,15.421400,15.421400,2758434
2018-05-17,15.866200,15.866200,15.273100,15.273100,15.273100,1682373
2018-05-18,15.273100,15.495500,15.198900,15.347200,15.347200,1492699
2018-05-21,15.569600,15.569600,15.273100,15.273100,15.273100,1378134
2018-05-22,15.421400,15.495500,15.273100,15.347200,15.347200,1543266
2018-05-23,15.495500,15.495500,15.273100,15.347200,15.347200,1323320
2018-05-24,15.495500,15.866200,15.347200,15.643800,15.643800,1597629
2018-05-25,15.569600,15.717900,15.421400,15.421400,15.421400,1265363
2018-05-28,15.569600,15.717900,15.421400,15.569600,15.569600,1376201
2018-05-29,15.792100,15.866200,15.569600,15.569600,15.569600,1327347
2018-05-30,15.569600,15.569600,15.273100,15.421400,15.421400,1554935
2018-05-31,15.569600,15.569600,15.198900,15.198900,15.198900,1737606
2018-06-01,15.198900,15.569600,15.198900,15.347200,15.347200,1099723
2018-06-04,15.347200,15.421400,14.828200,15.050600,15.050600,2267590
2018-06-05,15.050600,15.050600,14.413000,14.561300,14.561300,3262786
2018-06-06,14.591000,14.828200,14.576100,14.754100,14.754100,1400352
2018-06-07,14.605800,14.605800,14.427900,14.472300,14.472300,1853635
2018-06-08,14.472300,14.472300,14.131300,14.175800,14.175800,1752387
2018-06-11,13.656800,14.086800,13.656800,13.760600,13.760600,1624890
2018-06-12,13.716100,14.264800,13.716100,14.027500,14.027500,1416120
2018-06-13,14.027500,14.042300,13.760600,13.805100,13.805100,1160659
2018-06-14,13.805100,13.908900,13.745800,13.805100,13.805100,721316
2018-06-15,13.760600,13.923700,13.760600,13.790200,13.790200,537870
2018-06-19,13.686500,13.819900,13.508500,13.523300,13.523300,1028359
2018-06-20,13.538200,13.716100,13.419500,13.627100,13.627100,707040
2018-06-21,13.627100,13.730900,13.493700,13.523300,13.523300,425239
2018-06-22,13.538200,13.538200,13.419500,13.419500,13.419500,773186
2018-06-25,13.419500,13.523300,13.360200,13.375100,13.375100,629407
2018-06-26,13.345400,13.375100,13.048800,13.167500,13.167500,1304526
2018-06-27,13.093300,13.523300,13.093300,13.108200,13.108200,647317
2018-06-28,13.123000,14.235100,13.063700,13.716100,13.716100,1822876
2018-06-29,13.656800,13.790200,13.345400,13.345400,13.345400,1123965
2018-07-02,13.345400,13.345400,12.989500,13.034000,13.034000,1175806
2018-07-03,13.048800,13.078500,12.233300,12.337100,12.337100,2197125
2018-07-04,12.277800,12.307400,11.862600,11.996000,11.996000,1051520
2018-07-05,11.996000,12.515000,11.996000,12.174000,12.174000,872658
2018-07-06,12.307400,12.307400,11.907100,12.188800,12.188800,640197
2018-07-09,12.099800,12.307400,12.010900,12.085000,12.085000,398400
2018-07-10,12.085000,12.277800,12.010900,12.025700,12.025700,593325
2018-07-11,11.907100,11.996000,11.788400,11.907100,11.907100,690586
2018-07-12,11.921900,12.010900,11.788400,11.892200,11.892200,773248
2018-07-13,11.936700,11.966400,11.862600,11.936700,11.936700,579883
2018-07-16,11.981200,12.307400,11.981200,12.218500,12.218500,671862
2018-07-17,12.233300,12.233300,12.070200,12.129500,12.129500,305665
2018-07-18,12.426100,12.426100,12.085000,12.159100,12.159100,538837
2018-07-19,12.188800,12.307400,12.070200,12.085000,12.085000,445054
2018-07-20,12.159100,12.159100,11.921900,11.951500,11.951500,565502
2018-07-23,11.951500,11.981200,11.907100,11.921900,11.921900,315460
2018-07-24,11.892200,12.174000,11.892200,12.114700,12.114700,409475
2018-07-25,12.025700,12.188800,12.025700,12.055300,12.055300,486603
2018-07-26,12.248100,13.197100,12.085000,13.048800,13.048800,2309999
2018-07-27,12.945000,12.945000,12.411200,12.529900,12.529900,1478271
2018-07-30,12.411200,12.544700,12.248100,12.262900,12.262900,651185
2018-07-31,12.262900,12.574300,12.262900,12.322300,12.322300,371631
2018-08-01,12.337100,12.426100,12.159100,12.218500,12.218500,454721
2018-08-02,12.307400,12.307400,12.085000,12.085000,12.085000,534156
2018-08-03,12.159100,12.159100,12.055300,12.055300,12.055300,353306
2018-08-06,12.040500,12.292600,12.025700,12.085000,12.085000,341389
2018-08-07,12.174000,12.188800,12.085000,12.099800,12.099800,228806
2018-08-08,12.099800,12.159100,12.040500,12.040500,12.040500,518036
2018-08-09,12.040500,12.085000,12.010900,12.010900,12.010900,284574
2018-08-10,12.085000,12.188800,11.981200,11.981200,11.981200,391694
2018-08-13,11.936700,11.936700,11.566000,11.714300,11.714300,912904
2018-08-14,11.714300,11.862600,11.669800,11.699500,11.699500,332487
2018-08-15,11.714300,11.714300,11.136000,11.313900,11.313900,850101
2018-08-16,10.987700,10.987700,10.379800,10.602200,10.602200,1353735
2018-08-17,10.676300,11.417700,10.676300,11.121200,11.121200,924284
2018-08-20,11.269500,11.269500,10.824600,10.839400,10.839400,365651
2018-08-21,10.824600,10.972900,10.542900,10.631800,10.631800,545451
2018-08-22,10.661500,10.883900,10.661500,10.661500,10.661500,627733
2018-08-23,10.750500,11.017400,10.661500,10.972900,10.972900,587597
2018-08-24,11.121200,11.121200,10.824600,10.869100,10.869100,265138
2018-08-27,10.883900,10.928400,10.750500,10.898700,10.898700,207713
2018-08-28,10.898700,10.913600,10.750500,10.750500,10.750500,290997
2018-08-29,10.913600,10.913600,10.720800,10.735600,10.735600,158809
2018-08-30,10.735600,11.076700,10.735600,10.972900,10.972900,499406
2018-08-31,10.972900,11.491900,10.824600,11.417700,11.417700,1393240
2018-09-03,11.195300,11.655000,11.195300,11.343600,11.343600,1019927
2018-09-04,11.284300,11.506700,11.284300,11.343600,11.343600,519975
2018-09-05,11.432600,11.506700,11.165700,11.165700,11.165700,265954
2018-09-06,11.121200,11.343600,10.972900,11.002500,11.002500,430372
2018-09-07,11.091500,11.106300,10.646700,10.691100,10.691100,602674
2018-09-10,10.528000,10.676300,10.157300,10.201800,10.201800,1031099
2018-09-11,10.379800,10.720800,10.261100,10.587400,10.587400,564698
2018-09-12,10.453900,10.661500,10.409400,10.483600,10.483600,319082
2018-09-13,10.528000,11.269500,10.528000,10.928400,10.928400,847383
2018-09-14,10.943200,11.195300,10.943200,11.091500,11.091500,343726
2018-09-17,11.091500,11.210100,10.987700,11.017400,11.017400,196451
2018-09-18,10.943200,11.180500,10.943200,10.958100,10.958100,363473
2018-09-19,11.002500,12.010900,11.002500,11.907100,11.907100,2352315
2018-09-20,12.604000,12.900600,12.307400,12.426100,12.426100,4875872
2018-09-21,12.262900,12.426100,12.159100,12.159100,12.159100,1618408
2018-09-25,12.040500,12.604000,12.040500,12.277800,12.277800,665552
2018-09-26,12.277800,12.337100,11.936700,12.010900,12.010900,888105
2018-09-27,12.010900,12.010900,11.788400,11.788400,11.788400,605874
2018-09-28,11.907100,12.040500,11.729100,11.832900,11.832900,487136
2018-10-01,11.832900,11.832900,11.580800,11.773600,11.773600,580109
2018-10-02,11.773600,11.773600,11.462200,11.491900,11.491900,576263
2018-10-03,11.506700,11.536400,11.417700,11.417700,11.417700,370956
2018-10-04,11.417700,11.744000,11.417700,11.477000,11.477000,238076
2018-10-05,11.417700,11.595700,10.839400,11.047000,11.047000,586931
2018-10-08,10.617000,10.958100,10.617000,10.676300,10.676300,793138
2018-10-09,10.824600,10.824600,10.528000,10.528000,10.528000,834052
2018-10-11,10.187000,10.350100,9.475240,9.475240,9.475240,1500614
2018-10-12,8.896940,9.430750,8.896940,9.430750,9.430750,876330
2018-10-15,9.430750,9.638350,9.267640,9.490060,9.490060,737214
2018-10-16,9.519720,9.934910,9.504890,9.712490,9.712490,1040396
2018-10-17,9.638350,9.638350,9.045220,9.193500,9.193500,1723010
2018-10-18,9.060050,9.252810,8.882110,8.896940,8.896940,1856431
2018-10-19,8.748650,8.867280,8.185180,8.377950,8.377950,1682793
2018-10-22,8.303810,8.377950,8.096210,8.303810,8.303810,1267562
2018-10-23,8.303810,8.303810,8.096210,8.111040,8.111040,1289087
2018-10-24,8.111040,8.111040,7.888620,7.962760,7.962760,1107284
2018-10-25,7.414110,7.577220,7.176860,7.251000,7.251000,2386189
2018-10-26,7.488250,7.517910,6.895120,7.043410,7.043410,1374605
2018-10-29,6.969260,7.295490,6.969260,7.073060,7.073060,589675
2018-10-30,7.073060,7.191690,6.969260,7.117550,7.117550,539708
2018-10-31,7.236170,7.384460,7.236170,7.369630,7.369630,507964
2018-11-01,7.399280,7.577220,7.354800,7.547570,7.547570,702868
2018-11-02,8.288980,8.288980,8.288980,8.288980,8.288980,892388
2018-11-05,8.896940,9.104530,8.748650,9.104530,9.104530,1781704
2018-11-06,9.786630,9.845940,9.149020,9.252810,9.252810,3802388
2018-11-07,9.074870,9.475240,8.911760,9.415920,9.415920,1455898
2018-11-08,9.534550,9.593860,9.193500,9.193500,9.193500,1053728
2018-11-09,9.193500,9.297300,8.985900,9.015560,9.015560,551034
2018-11-12,8.896940,9.134190,8.896940,8.941420,8.941420,641678
2018-11-13,8.570710,9.460410,8.541060,9.371440,9.371440,2137923
2018-11-14,9.371440,9.875600,9.341780,9.623520,9.623520,2881346
2018-11-15,9.386270,9.534550,9.237980,9.267640,9.267640,1158859
2018-11-16,9.341780,9.341780,8.911760,9.000730,9.000730,1329159
2018-11-19,9.104530,9.178670,9.000730,9.149020,9.149020,629938
2018-11-20,9.208330,9.208330,9.015560,9.074870,9.074870,570182
2018-11-21,9.045220,9.786630,9.030390,9.579030,9.579030,1958700
2018-11-22,9.579030,10.513200,9.430750,10.157300,10.157300,4058731
2018-11-23,10.483600,10.898700,10.172200,10.557700,10.557700,3969867
2018-11-26,10.379800,10.379800,9.964570,10.261100,10.261100,1758219
2018-11-27,10.231500,10.483600,10.157300,10.305600,10.305600,1713294
2018-11-28,10.305600,10.824600,10.261100,10.542900,10.542900,2826266
2018-11-29,10.572500,10.631800,10.379800,10.542900,10.542900,1856593
2018-11-30,10.542900,10.883900,10.409400,10.706000,10.706000,2314449
2018-12-03,10.854300,11.076700,10.765300,11.047000,11.047000,1866963
2018-12-04,10.824600,11.388100,10.824600,11.076700,11.076700,2132532
2018-12-05,10.394600,10.809800,10.394600,10.587400,10.587400,1774881
2018-12-06,10.557700,10.987700,10.364900,10.379800,10.379800,2755807
2018-12-07,10.883900,10.883900,10.557700,10.706000,10.706000,1446565
2018-12-10,10.617000,10.706000,10.335300,10.409400,10.409400,1136424
2018-12-11,10.824600,10.824600,10.439100,10.542900,10.542900,720705
2018-12-12,10.542900,10.706000,10.528000,10.706000,10.706000,1000798
2018-12-13,10.809800,10.809800,10.498400,10.528000,10.528000,951014
2018-12-14,10.661500,10.661500,10.172200,10.246300,10.246300,1208849
2018-12-17,10.038700,10.350100,9.801460,9.949740,9.949740,859339
2018-12-18,9.860770,9.860770,9.490060,9.519720,9.519720,951560
2018-12-19,9.727310,9.727310,9.252810,9.252810,9.252810,694199
2018-12-20,9.193500,9.326950,8.971080,9.045220,9.045220,847708
2018-12-21,8.911760,9.534550,8.896940,9.490060,9.490060,1001468
2018-12-24,9.297300,9.297300,9.134190,9.267640,9.267640,385336
2018-12-25,9.134190,9.134190,8.896940,9.015560,9.015560,569859
2018-12-26,9.045220,9.163840,8.941420,8.956250,8.956250,279295
2018-12-27,9.193500,9.845940,9.193500,9.831110,9.831110,3052440
2018-12-28,9.490060,9.638350,9.341780,9.638350,9.638350,1306052
2019-01-02,9.638350,9.638350,9.356610,9.386270,9.386270,585438
2019-01-03,9.712490,9.816290,9.638350,9.638350,9.638350,1072157
2019-01-04,9.638350,9.682830,9.415920,9.593860,9.593860,542455
2019-01-07,9.668000,9.786630,9.638350,9.668000,9.668000,472796
2019-01-08,9.756970,9.756970,9.504890,9.504890,9.504890,477091
2019-01-09,9.638350,9.668000,9.475240,9.504890,9.504890,552549
2019-01-10,9.534550,9.608690,9.460410,9.460410,9.460410,423808
2019-01-11,9.564210,9.623520,9.445580,9.623520,9.623520,540226
2019-01-14,9.608690,9.860770,9.519720,9.682830,9.682830,786703
2019-01-15,9.771800,9.831110,9.623520,9.638350,9.638350,481588
2019-01-16,9.712490,10.305600,9.697660,10.098000,10.098000,2239427
2019-01-17,10.246300,10.379800,10.009100,10.009100,10.009100,1439173
2019-01-18,10.098000,10.187000,9.934910,10.083200,10.083200,652616
2019-01-21,10.083200,10.127700,9.860770,9.875600,9.875600,587265
2019-01-22,10.009100,10.009100,9.727310,9.756970,9.756970,397949
2019-01-23,9.845940,9.875600,9.697660,9.756970,9.756970,448082
2019-01-24,9.801460,9.860770,9.756970,9.756970,9.756970,354299
2019-01-25,9.786630,9.816290,9.697660,9.712490,9.712490,519433
2019-01-28,9.712490,9.771800,9.638350,9.712490,9.712490,522973
2019-01-29,9.653170,9.653170,9.534550,9.638350,9.638350,371800
2019-01-30,9.638350,9.697660,9.579030,9.579030,9.579030,521492
2019-02-11,9.638350,9.697660,9.356610,9.415920,9.415920,751015
2019-02-12,9.356610,9.564210,9.356610,9.415920,9.415920,389415
2019-02-13,9.193500,9.193500,8.481740,8.689340,8.689340,5181363
2019-02-14,8.600370,9.030390,8.318630,8.822790,8.822790,2933200
2019-02-15,8.748650,8.793140,8.600370,8.630030,8.630030,1451106
2019-02-18,8.585540,8.837620,8.570710,8.615200,8.615200,791086
2019-02-19,8.615200,8.719000,8.407600,8.422430,8.422430,1614570
2019-02-20,8.452090,8.630030,8.437260,8.452090,8.452090,871120
2019-02-21,8.466920,8.481740,8.377950,8.452090,8.452090,722396
2019-02-22,8.422430,8.496570,8.348290,8.348290,8.348290,584525
2019-02-25,8.407600,8.466920,8.244490,8.392770,8.392770,1030107
2019-02-26,8.452090,8.555890,8.363120,8.407600,8.407600,840971
2019-02-27,8.496570,8.496570,8.407600,8.437260,8.437260,448176
2019-03-04,8.437260,8.570710,8.422430,8.526230,8.526230,691072
2019-03-05,8.822790,9.371440,8.793140,9.297300,9.297300,4620962
2019-03-06,9.045220,9.297300,9.045220,9.119360,9.119360,1880067
2019-03-07,9.193500,9.252810,8.911760,8.956250,8.956250,1304458
2019-03-08,8.985900,8.985900,8.793140,8.911760,8.911760,881537
2019-03-11,8.867280,9.089700,8.867280,8.911760,8.911760,535592
2019-03-12,8.956250,9.119360,8.896940,9.030390,9.030390,1106798
2019-03-13,9.045220,9.193500,8.956250,9.193500,9.193500,1693234
2019-03-14,9.312130,9.326950,9.119360,9.119360,9.119360,2080292
2019-03-15,9.030390,9.119360,9.015560,9.015560,9.015560,1036679
2019-03-18,9.030390,9.045220,8.822790,8.896940,8.896940,1171055
2019-03-19,8.882110,8.941420,8.704170,8.867280,8.867280,889368
2019-03-20,8.896940,8.941420,8.867280,8.896940,8.896940,428656
2019-03-21,8.837620,8.837620,8.704170,8.719000,8.719000,1020947
2019-03-22,8.778310,8.793140,8.689340,8.689340,8.689340,684702
2019-03-25,8.600370,8.600370,8.452090,8.481740,8.481740,762152
2019-03-26,8.541060,8.644850,8.541060,8.615200,8.615200,499177
2019-03-27,8.615200,8.674510,8.318630,8.496570,8.496570,768484
2019-03-28,8.496570,8.496570,8.333460,8.437260,8.437260,776789
2019-03-29,8.452090,8.837620,8.452090,8.807970,8.807970,1323257
2019-04-01,8.837620,8.911760,8.674510,8.748650,8.748650,1048335
2019-04-02,8.719000,8.778310,8.526230,8.615200,8.615200,1272486
2019-04-03,9.119360,9.119360,8.778310,8.822790,8.822790,2118963
2019-04-08,8.911760,8.956250,8.733820,8.763480,8.763480,650700
2019-04-09,8.822790,8.822790,8.763480,8.807970,8.807970,458201
2019-04-10,8.807970,8.896940,8.733820,8.896940,8.896940,883194
2019-04-11,8.926590,9.000730,8.867280,8.911760,8.911760,1348084
2019-04-12,8.956250,8.985900,8.867280,8.882110,8.882110,758940
2019-04-15,9.030390,9.371440,8.971080,9.341780,9.341780,2718361
2019-04-16,9.386270,9.460410,9.089700,9.089700,9.089700,1921562
2019-04-17,9.089700,9.149020,8.985900,9.149020,9.149020,1298796
2019-04-18,9.460410,9.460410,9.060050,9.104530,9.104530,1900161
2019-04-19,9.267640,9.979390,9.252810,9.831110,9.831110,4959213
2019-04-22,9.831110,10.053500,9.668000,9.756970,9.756970,2434763
2019-04-23,9.742140,9.742140,9.401090,9.579030,9.579030,1387572
2019-04-24,9.579030,9.638350,9.401090,9.519720,9.519720,834345
2019-04-25,9.564210,9.608690,9.490060,9.519720,9.519720,652127
2019-04-26,9.593860,9.934910,9.490060,9.845940,9.845940,1369131
2019-04-29,9.920080,9.920080,9.564210,9.653170,9.653170,1058745
2019-04-30,10.335300,10.350100,10.009100,10.112800,10.112800,4685050
2019-05-02,10.142500,10.142500,9.949740,10.083200,10.083200,1642065
2019-05-03,10.083200,10.083200,10.023900,10.038700,10.038700,878910
2019-05-06,10.009100,10.009100,9.564210,9.564210,9.564210,1829995
2019-05-07,9.756970,10.023900,9.638350,9.964570,9.964570,1931995
2019-05-08,9.638350,10.676300,9.593860,10.602200,10.602200,5301243
2019-05-09,10.676300,10.676300,10.246300,10.379800,10.379800,2758851
2019-05-10,10.394600,10.528000,9.934910,10.187000,10.187000,2343925
2019-05-13,9.860770,9.964570,9.490060,9.490060,9.490060,3736187
2019-05-14,9.386270,9.771800,9.193500,9.638350,9.638350,1676612
2019-05-15,9.653170,9.994220,9.653170,9.934910,9.934910,2106581
2019-05-16,9.934910,10.009100,9.653170,9.786630,9.786630,2253340
2019-05-17,9.920080,10.587400,9.920080,10.083200,10.083200,4748476
2019-05-20,10.053500,10.053500,9.860770,9.860770,9.860770,1173366
2019-05-21,9.979390,10.009100,9.771800,9.801460,9.801460,1072456
2019-05-22,9.786630,9.934910,9.668000,9.786630,9.786630,1030082
2019-05-23,9.786630,9.786630,9.564210,9.579030,9.579030,1028055
2019-05-24,9.519720,9.653170,9.445580,9.445580,9.445580,792562
2019-05-27,9.490060,9.519720,9.104530,9.104530,9.104530,1469367
2019-05-28,9.060050,9.178670,9.045220,9.074870,9.074870,711501
2019-05-29,9.060050,9.149020,9.000730,9.074870,9.074870,453001
2019-05-30,9.223160,9.223160,9.074870,9.178670,9.178670,494935
2019-05-31,9.193500,9.237980,9.134190,9.163840,9.163840,634420
2019-06-03,9.149020,9.149020,9.045220,9.074870,9.074870,341921
2019-06-04,9.074870,9.104530,8.882110,8.911760,8.911760,1312728
2019-06-05,8.985900,9.178670,8.985900,9.060050,9.060050,880279
2019-06-06,9.119360,9.178670,9.015560,9.015560,9.015560,443545
2019-06-10,9.030390,9.074870,8.911760,8.941420,8.941420,715477
2019-06-11,8.971080,9.045220,8.882110,8.896940,8.896940,1860333
2019-06-12,8.837620,8.882110,8.733820,8.733820,8.733820,1950055
2019-06-13,8.719000,8.719000,8.452090,8.541060,8.541060,1806645
2019-06-14,8.496570,8.896940,8.466920,8.748650,8.748650,1456994
2019-06-17,8.778310,8.867280,8.704170,8.704170,8.704170,761929
2019-06-18,8.704170,8.793140,8.600370,8.600370,8.600370,795814
2019-06-19,9.252810,9.267640,8.985900,9.119360,9.119360,2808841
2019-06-20,9.119360,9.119360,8.985900,9.074870,9.074870,2049330
2019-06-21,9.074870,9.074870,9.074870,9.074870,9.074870,0
2019-06-24,9.074870,9.074870,9.074870,9.074870,9.074870,0
2019-06-25,9.074870,9.074870,9.074870,9.074870,9.074870,0
2019-06-26,9.074870,9.074870,9.074870,9.074870,9.074870,0
2019-06-27,9.074870,9.074870,9.074870,9.074870,9.074870,0
2019-06-28,9.074870,9.074870,9.074870,9.074870,9.074870,0
2019-07-01,9.159220,9.276390,8.915100,9.061570,9.061570,1891055
2019-07-02,9.061570,9.061570,8.797920,8.836980,8.836980,1908578
2019-07-03,8.817460,8.817460,8.631930,8.641690,8.641690,1810264
2019-07-04,8.661220,8.710040,8.583100,8.641690,8.641690,1304029
2019-07-05,8.690510,8.690510,8.651460,8.651460,8.651460,616259
2019-07-08,8.651460,8.651460,8.446400,8.446400,8.446400,1465889
2019-07-09,8.592870,8.651460,8.563570,8.583100,8.583100,1071549
2019-07-10,8.592870,8.670990,8.553810,8.592870,8.592870,676725
2019-07-11,8.661220,8.670990,8.602630,8.602630,8.602630,880513
2019-07-12,8.592870,8.670990,8.553810,8.602630,8.602630,510271
2019-07-15,8.612400,8.661220,8.553810,8.602630,8.602630,546864
2019-07-16,8.602630,8.758870,8.592870,8.739340,8.739340,1351706
2019-07-17,8.739340,8.739340,8.641690,8.641690,8.641690,707458
2019-07-18,8.641690,8.641690,8.612400,8.612400,8.612400,679608
2019-07-19,8.680750,8.680750,8.592870,8.602630,8.602630,373536
2019-07-22,8.602630,8.661220,8.534280,8.573340,8.573340,757127
2019-07-23,8.651460,8.651460,8.475690,8.475690,8.475690,854680
2019-07-24,8.504990,8.514750,8.241340,8.260870,8.260870,1415452
2019-07-25,8.143700,8.387810,8.143700,8.299930,8.299930,593233
2019-07-26,8.329220,8.397580,8.280400,8.309690,8.309690,804891
2019-07-29,8.348750,8.924870,8.319460,8.788160,8.788160,2484919
2019-07-30,8.915100,8.915100,8.592870,8.710040,8.710040,1325915
2019-07-31,8.641690,8.700280,8.563570,8.612400,8.612400,734642
2019-08-01,8.631930,8.739340,8.592870,8.641690,8.641690,555341
2019-08-02,8.631930,8.631930,8.426870,8.524520,8.524520,759010
2019-08-05,8.524520,8.553810,8.299930,8.348750,8.348750,1048982
2019-08-06,8.592870,9.022510,8.456160,8.963920,8.963920,3764061
2019-08-07,9.032280,9.129920,8.690510,8.690510,8.690510,2692092
2019-08-08,8.690510,8.817460,8.553810,8.563570,8.563570,1648052
2019-08-12,8.563570,8.749100,8.544050,8.661220,8.661220,1541681
2019-08-13,8.661220,8.680750,8.524520,8.544050,8.544050,863151
2019-08-14,8.641690,8.641690,8.358520,8.397580,8.397580,1777344
2019-08-15,8.202280,8.231580,8.016760,8.075340,8.075340,1976869
2019-08-16,8.104640,8.104640,7.919110,7.987460,7.987460,1589882
2019-08-19,8.104640,8.192520,8.055810,8.192520,8.192520,2608155
2019-08-20,8.250000,8.380000,8.190000,8.240000,8.240000,2316891
2019-08-21,8.850000,8.880000,8.450000,8.520000,8.520000,7028456
2019-08-22,8.730000,8.780000,8.310000,8.310000,8.310000,2376431
2019-08-23,8.320000,8.330000,8.210000,8.210000,8.210000,1391584
2019-08-26,8.070000,8.100000,8.040000,8.080000,8.080000,1261967
2019-08-27,8.120000,8.120000,8.020000,8.050000,8.050000,732205
2019-08-28,8.060000,8.060000,7.820000,7.850000,7.850000,2465967
2019-08-29,7.820000,7.820000,7.560000,7.580000,7.580000,3554415
2019-08-30,7.690000,7.750000,7.600000,7.690000,7.690000,2220340
2019-09-02,7.750000,8.140000,7.750000,8.010000,8.010000,5480042
2019-09-03,8.050000,8.060000,7.900000,7.950000,7.950000,2457846
2019-09-04,7.950000,7.990000,7.920000,7.950000,7.950000,2238635
2019-09-05,7.950000,8.050000,7.920000,7.940000,7.940000,3218321
2019-09-06,7.940000,7.950000,7.780000,7.830000,7.830000,2309887
2019-09-10,7.800000,7.810000,7.710000,7.710000,7.710000,1309208
2019-09-11,7.770000,7.880000,7.740000,7.850000,7.850000,2498326
2019-09-12,7.900000,8.010000,7.860000,8.000000,8.000000,2644131
2019-09-16,8.030000,8.050000,7.950000,7.970000,7.970000,2245833
2019-09-17,7.960000,7.970000,7.850000,7.850000,7.850000,1694965
2019-09-18,7.510000,7.520000,7.440000,7.480000,7.480000,11727738
2019-09-19,7.470000,7.530000,7.400000,7.440000,7.440000,4062000
2019-09-20,7.470000,7.500000,7.420000,7.500000,7.500000,1687830
2019-09-23,7.510000,7.620000,7.480000,7.560000,7.560000,3533929
2019-09-24,7.580000,7.690000,7.580000,7.620000,7.620000,3510921
2019-09-25,7.620000,7.630000,7.530000,7.560000,7.560000,1602547
2019-09-26,7.570000,7.600000,7.510000,7.550000,7.550000,1582837
2019-09-27,7.550000,7.550000,7.430000,7.440000,7.440000,2531722
2019-10-01,7.500000,7.530000,7.440000,7.460000,7.460000,1036679
2019-10-02,7.460000,7.480000,7.420000,7.440000,7.440000,968546
2019-10-03,7.420000,7.450000,7.380000,7.420000,7.420000,1268826
2019-10-04,7.430000,7.520000,7.430000,7.440000,7.440000,1089246
2019-10-07,7.490000,7.500000,7.390000,7.420000,7.420000,1538274
2019-10-08,7.420000,7.480000,7.400000,7.440000,7.440000,980693
2019-10-09,7.430000,7.440000,7.380000,7.400000,7.400000,811852
2019-10-14,7.430000,7.460000,7.350000,7.380000,7.380000,1727969
2019-10-15,7.360000,7.410000,7.360000,7.410000,7.410000,1241923
2019-10-16,7.460000,7.720000,7.460000,7.620000,7.620000,8725733
2019-10-17,7.550000,7.590000,7.440000,7.480000,7.480000,3918023
2019-10-18,7.520000,7.540000,7.420000,7.430000,7.430000,2104086
2019-10-21,7.430000,7.510000,7.430000,7.510000,7.510000,1669921
2019-10-22,7.540000,7.650000,7.510000,7.590000,7.590000,3094059
2019-10-23,7.600000,7.600000,7.500000,7.510000,7.510000,1416642
2019-10-24,7.510000,7.570000,7.490000,7.540000,7.540000,1466595
2019-10-25,7.600000,7.730000,7.560000,7.560000,7.560000,3362233
2019-10-28,7.610000,7.630000,7.500000,7.530000,7.530000,1619027
2019-10-29,7.530000,7.590000,7.470000,7.500000,7.500000,1582899
2019-10-30,7.510000,7.650000,7.460000,7.620000,7.620000,2537603
2019-10-31,8.380000,8.380000,8.150000,8.380000,8.380000,21901899
2019-11-01,8.300000,8.480000,8.170000,8.270000,8.270000,12387538
2019-11-04,8.280000,8.280000,7.940000,7.960000,7.960000,8664917
2019-11-05,8.000000,8.000000,7.830000,7.830000,7.830000,4563461
2019-11-06,7.820000,7.960000,7.790000,7.850000,7.850000,2692379
2019-11-07,7.850000,7.950000,7.850000,7.920000,7.920000,2212152
2019-11-08,7.950000,8.150000,7.900000,7.980000,7.980000,3084002
2019-11-11,7.920000,7.930000,7.610000,7.610000,7.610000,3420790
2019-11-12,7.630000,7.720000,7.630000,7.690000,7.690000,991669
2019-11-13,7.700000,7.740000,7.650000,7.700000,7.700000,1061164
2019-11-14,7.620000,7.620000,7.400000,7.430000,7.430000,4380101
2019-11-15,7.490000,7.590000,7.470000,7.520000,7.520000,2541186
2019-11-18,7.530000,7.580000,7.450000,7.470000,7.470000,1438095
2019-11-19,7.480000,7.530000,7.410000,7.440000,7.440000,1161968
2019-11-20,7.420000,7.460000,7.400000,7.410000,7.410000,921521
2019-11-21,7.400000,7.480000,7.370000,7.470000,7.470000,1210631
2019-11-22,7.480000,7.520000,7.450000,7.470000,7.470000,951946
2019-11-25,7.520000,7.560000,7.480000,7.540000,7.540000,1027779
2019-11-26,7.580000,7.600000,7.490000,7.550000,7.550000,861319
2019-11-27,7.540000,7.550000,7.480000,7.490000,7.490000,1067977
2019-11-28,7.490000,7.490000,7.380000,7.400000,7.400000,2040896
2019-11-29,7.410000,7.410000,7.370000,7.380000,7.380000,1252059
2019-12-02,7.370000,7.410000,7.280000,7.290000,7.290000,1225308
2019-12-03,7.320000,7.390000,7.320000,7.380000,7.380000,610250
2019-12-04,7.370000,7.370000,7.310000,7.320000,7.320000,1013450
2019-12-05,7.360000,7.370000,7.320000,7.350000,7.350000,771575
2019-12-06,7.330000,7.370000,7.320000,7.320000,7.320000,728324
2019-12-09,7.330000,7.370000,7.310000,7.310000,7.310000,552095
2019-12-10,7.350000,7.450000,7.310000,7.430000,7.430000,1124757
2019-12-11,7.360000,7.400000,7.330000,7.340000,7.340000,1407790
2019-12-12,7.370000,7.390000,7.330000,7.340000,7.340000,646787
2019-12-13,7.350000,7.360000,7.280000,7.280000,7.280000,1116549
2019-12-16,7.280000,7.400000,7.280000,7.380000,7.380000,5903
2019-12-17,7.340000,7.380000,7.330000,7.330000,7.330000,507205
2019-12-18,7.330000,7.380000,7.330000,7.350000,7.350000,670623
2019-12-19,7.410000,7.530000,7.380000,7.430000,7.430000,2433897
2019-12-20,7.460000,7.600000,7.460000,7.540000,7.540000,2779369
2019-12-23,7.570000,7.570000,7.480000,7.480000,7.480000,1013055
2019-12-24,7.500000,7.520000,7.440000,7.470000,7.470000,433633
2019-12-25,7.510000,7.540000,7.470000,7.480000,7.480000,542826
2019-12-26,7.480000,7.510000,7.450000,7.490000,7.490000,904469
2019-12-27,7.510000,7.550000,7.430000,7.430000,7.430000,904070
2019-12-30,7.420000,7.760000,7.420000,7.630000,7.630000,3468614
2019-12-31,7.570000,7.660000,7.530000,7.600000,7.600000,1684565
2020-01-02,7.740000,7.940000,7.640000,7.820000,7.820000,3187793
2020-01-03,7.850000,7.880000,7.700000,7.710000,7.710000,2248035
2020-01-06,7.750000,7.750000,7.590000,7.620000,7.620000,1110672
2020-01-07,7.620000,7.660000,7.520000,7.530000,7.530000,1314468
2020-01-08,7.500000,7.640000,7.480000,7.530000,7.530000,1234349
2020-01-09,7.530000,7.580000,7.510000,7.520000,7.520000,606719
2020-01-10,7.590000,7.600000,7.530000,7.550000,7.550000,742433
2020-01-13,7.770000,7.800000,7.680000,7.690000,7.690000,2507936
2020-01-14,7.730000,7.730000,7.650000,7.720000,7.720000,1510036
2020-01-15,7.740000,7.780000,7.700000,7.760000,7.760000,1490450
2020-01-16,7.780000,7.940000,7.770000,7.890000,7.890000,3144312
2020-01-17,7.900000,7.910000,7.790000,7.800000,7.800000,1701425
2020-01-20,7.840000,7.900000,7.800000,7.880000,7.880000,1722971
2020-01-30,7.410000,7.520000,7.140000,7.260000,7.260000,4432523
2020-01-31,7.260000,7.360000,7.160000,7.270000,7.270000,1748246
2020-02-03,7.100000,7.100000,6.880000,7.080000,7.080000,2519587
2020-02-04,7.280000,7.280000,7.240000,7.240000,7.240000,1270248
2020-02-05,7.200000,7.250000,7.180000,7.200000,7.200000,830590
2020-02-06,7.280000,7.300000,7.230000,7.250000,7.250000,1150227
2020-02-07,7.250000,7.280000,7.150000,7.280000,7.280000,1534887
2020-02-10,7.240000,7.530000,7.180000,7.440000,7.440000,3636980
2020-02-11,7.350000,7.440000,7.350000,7.370000,7.370000,1248546
2020-02-12,7.400000,7.450000,7.360000,7.400000,7.400000,1039626
2020-02-13,7.400000,7.650000,7.400000,7.440000,7.440000,2640392
2020-02-14,7.460000,7.630000,7.450000,7.540000,7.540000,1354960
2020-02-17,7.540000,7.820000,7.460000,7.800000,7.800000,4051915
2020-02-18,7.820000,7.870000,7.730000,7.730000,7.730000,2161020
2020-02-19,7.750000,7.820000,7.650000,7.680000,7.680000,1203817
2020-02-20,7.730000,7.760000,7.640000,7.660000,7.660000,1350916
2020-02-21,7.700000,7.700000,7.510000,7.510000,7.510000,1327905
2020-02-24,7.480000,7.480000,7.360000,7.370000,7.370000,1624903
2020-02-25,7.260000,7.340000,7.200000,7.300000,7.300000,1429065
2020-02-26,7.250000,7.310000,7.210000,7.250000,7.250000,945031
2020-02-27,7.260000,7.280000,7.050000,7.090000,7.090000,2297796
2020-03-02,6.910000,7.030000,6.850000,6.910000,6.910000,1540662
2020-03-03,7.030000,7.110000,7.000000,7.000000,7.000000,1193742
2020-03-04,6.960000,7.000000,6.920000,6.960000,6.960000,680684
2020-03-05,7.020000,7.050000,6.970000,6.990000,6.990000,990675
2020-03-06,6.990000,7.040000,6.950000,6.950000,6.950000,1073721
2020-03-09,6.910000,6.910000,6.550000,6.550000,6.550000,2664130
2020-03-10,6.460000,6.460000,6.150000,6.350000,6.350000,2340429
2020-03-11,6.360000,6.550000,6.340000,6.340000,6.340000,998459
2020-03-12,6.150000,6.200000,5.770000,5.800000,5.800000,2986075
2020-03-13,5.220000,5.350000,5.220000,5.310000,5.310000,4040771
2020-03-16,5.450000,5.450000,5.010000,5.010000,5.010000,1664077
2020-03-17,4.680000,4.970000,4.630000,4.670000,4.670000,1149276
2020-03-18,4.740000,4.850000,4.680000,4.680000,4.680000,1448863
2020-03-19,4.640000,4.640000,4.220000,4.240000,4.240000,2469172
2020-03-20,4.450000,4.580000,4.410000,4.450000,4.450000,1648061
2020-03-23,4.270000,4.330000,4.200000,4.200000,4.200000,1302546
2020-03-24,4.270000,4.400000,4.270000,4.390000,4.390000,914217
2020-03-25,4.600000,4.730000,4.530000,4.630000,4.630000,1141851
2020-03-26,4.900000,5.090000,4.800000,5.090000,5.090000,3466630
2020-03-27,5.300000,5.440000,5.110000,5.150000,5.150000,3534266
2020-03-30,4.770000,5.030000,4.770000,4.990000,4.990000,989846
2020-03-31,5.040000,5.050000,4.870000,4.880000,4.880000,1442789
2020-04-01,4.850000,5.160000,4.800000,5.020000,5.020000,1244829