Date,Open,High,Low,Close,Adj Close,Volume
2015-01-26,155.000000,175.000000,155.000000,160.000000,126.581245,9504000
2015-01-27,160.000000,164.500000,159.000000,163.500000,129.350220,3541000
2015-01-28,162.000000,166.500000,162.000000,166.000000,131.328049,1861000
2015-01-29,166.000000,166.500000,163.000000,166.000000,131.328049,1161000
2015-01-30,168.500000,169.000000,165.000000,165.000000,130.536911,1451000
2015-02-02,165.000000,165.500000,156.500000,158.500000,125.394547,1740000
2015-02-03,159.500000,168.000000,158.500000,166.000000,131.328049,1925000
2015-02-04,168.500000,171.500000,164.000000,168.500000,133.305862,2463000
2015-02-05,170.000000,180.000000,168.500000,177.000000,140.030502,2532000
2015-02-06,177.000000,180.000000,175.000000,176.500000,139.634949,1350000
2015-02-09,176.000000,179.000000,174.000000,174.500000,138.052658,1041000
2015-02-10,175.000000,176.500000,171.000000,171.000000,135.283707,833000
2015-02-11,173.000000,175.000000,171.500000,173.000000,136.865967,618000
2015-02-12,174.000000,174.000000,170.500000,171.000000,135.283707,463000
2015-02-13,171.000000,172.500000,168.500000,170.000000,134.492569,823000
2015-02-24,174.500000,175.000000,171.000000,173.000000,136.865967,544000
2015-02-25,173.500000,180.500000,172.000000,180.000000,142.403915,1052000
2015-02-26,180.000000,185.000000,179.000000,182.000000,143.986176,1182000
2015-03-02,184.000000,184.000000,179.000000,179.500000,142.008331,569000
2015-03-03,179.500000,183.000000,177.000000,179.500000,142.008331,732000
2015-03-04,178.000000,181.000000,178.000000,179.500000,142.008331,297000
2015-03-05,179.000000,187.000000,178.000000,187.000000,147.941833,843000
2015-03-06,186.000000,186.000000,183.000000,183.000000,144.777298,509000
2015-03-09,183.000000,188.000000,182.500000,183.500000,145.172882,769000
2015-03-10,183.500000,185.000000,180.000000,181.000000,143.195038,600000
2015-03-11,180.000000,181.000000,177.500000,180.000000,142.403915,472000
2015-03-12,178.000000,182.500000,176.000000,177.500000,140.426086,609000
2015-03-13,178.500000,180.500000,176.000000,177.500000,140.426086,465000
2015-03-16,178.000000,179.500000,174.000000,178.000000,140.821640,552000
2015-03-17,178.000000,184.000000,178.000000,180.000000,142.403915,802000
2015-03-18,180.000000,181.500000,178.000000,179.000000,141.612778,320000
2015-03-19,182.500000,183.000000,179.500000,181.500000,143.590607,466000
2015-03-20,181.500000,183.000000,179.000000,180.000000,142.403915,454000
2015-03-23,180.000000,180.000000,176.000000,176.000000,139.239380,519000
2015-03-24,175.000000,178.500000,175.000000,175.500000,138.843796,339000
2015-03-25,176.500000,176.500000,169.000000,169.500000,134.097015,659000
2015-03-26,167.000000,172.500000,166.500000,172.000000,136.074844,347000
2015-03-27,176.000000,176.000000,172.000000,174.000000,137.657135,423000
2015-03-30,174.500000,175.500000,168.000000,170.000000,134.492569,337000
2015-03-31,171.500000,173.000000,171.000000,172.000000,136.074844,172000
2015-04-01,172.000000,172.000000,169.500000,171.000000,135.283707,185000
2015-04-02,173.000000,174.000000,170.000000,173.500000,137.261536,234000
2015-04-07,174.000000,175.000000,172.500000,175.000000,138.448242,199000
2015-04-08,176.000000,176.500000,172.500000,174.000000,137.657135,356000
2015-04-09,174.000000,176.000000,170.500000,170.500000,134.888138,489000
2015-04-10,172.000000,173.000000,169.000000,170.000000,134.492569,261000
2015-04-13,170.500000,173.000000,170.500000,173.000000,136.865967,216000
2015-04-14,174.000000,174.000000,171.000000,173.500000,137.261536,242000
2015-04-15,174.000000,174.500000,170.000000,172.000000,136.074844,292000
2015-04-16,172.000000,172.500000,170.500000,172.000000,136.074844,141000
2015-04-17,172.000000,181.000000,172.000000,177.000000,140.030502,917000
2015-04-20,174.500000,176.000000,172.500000,173.000000,136.865967,453000
2015-04-21,173.500000,175.000000,169.500000,170.000000,134.492569,392000
2015-04-22,170.000000,172.000000,166.000000,170.000000,134.492569,654000
2015-04-23,171.000000,174.000000,170.500000,173.000000,136.865967,596000
2015-04-24,174.500000,175.000000,170.500000,171.000000,135.283707,803000
2015-04-27,159.500000,166.000000,159.500000,162.000000,128.163513,1581000
2015-04-28,162.000000,164.000000,160.000000,161.000000,127.372391,756000
2015-04-29,161.500000,161.500000,159.500000,160.500000,126.976814,558000
2015-04-30,161.500000,162.500000,160.500000,161.500000,127.767952,314000
2015-05-04,162.000000,163.000000,162.000000,162.500000,128.559097,245000
2015-05-05,163.000000,166.000000,163.000000,165.000000,130.536911,408000
2015-05-06,164.500000,166.500000,163.500000,165.000000,130.536911,279000
2015-05-07,165.000000,166.000000,162.500000,164.000000,129.745789,354000
2015-05-08,166.000000,166.000000,162.500000,163.500000,129.350220,391000
2015-05-11,164.500000,164.500000,159.500000,161.000000,127.372391,439000
2015-05-12,161.000000,163.000000,160.000000,161.000000,127.372391,234000
2015-05-13,163.000000,165.500000,161.000000,165.500000,130.932480,384000
2015-05-14,165.000000,165.500000,163.000000,163.500000,129.350220,172000
2015-05-15,163.500000,163.500000,159.000000,160.000000,126.581245,559000
2015-05-18,160.000000,162.000000,159.000000,162.000000,128.163513,225000
2015-05-19,165.000000,167.500000,165.000000,166.500000,131.723618,862000
2015-05-20,165.000000,168.000000,164.500000,166.500000,131.723618,513000
2015-05-21,166.000000,167.000000,164.500000,165.000000,130.536911,203000
2015-05-22,166.000000,166.500000,162.500000,163.000000,128.954636,478000
2015-05-25,163.000000,164.000000,162.000000,163.000000,128.954636,213000
2015-05-26,164.500000,168.000000,163.500000,166.000000,131.328049,557000
2015-05-27,165.000000,166.000000,164.000000,164.500000,130.141342,277000
2015-05-28,166.000000,176.000000,165.000000,176.000000,139.239380,2155000
2015-05-29,178.500000,184.000000,178.500000,179.500000,142.008331,1771000
2015-06-01,176.500000,180.000000,172.000000,177.500000,140.426086,714000
2015-06-02,176.500000,181.500000,176.500000,178.000000,140.821640,752000
2015-06-03,180.000000,181.000000,174.500000,176.000000,139.239380,544000
2015-06-04,176.000000,176.000000,166.000000,168.500000,133.305862,790000
2015-06-05,166.000000,170.500000,165.000000,167.000000,132.119186,418000
2015-06-08,167.000000,167.500000,163.500000,165.500000,130.932480,490000
2015-06-09,164.000000,165.500000,151.500000,165.000000,130.536911,1027000
2015-06-10,157.000000,162.000000,157.000000,161.500000,127.767952,524000
2015-06-11,163.000000,163.000000,158.000000,160.500000,126.976814,287000
2015-06-12,160.500000,162.000000,158.000000,158.000000,124.998985,171000
2015-06-15,158.500000,159.500000,157.000000,158.500000,125.394547,171000
2015-06-16,158.000000,158.000000,155.000000,158.000000,124.998985,329000
2015-06-17,158.000000,158.000000,155.500000,157.000000,124.207840,243000
2015-06-18,158.000000,160.000000,156.000000,160.000000,126.581245,237000
2015-06-22,161.000000,161.000000,158.000000,158.500000,125.394547,225000
2015-06-23,161.000000,166.500000,160.000000,164.500000,130.141342,591000
2015-06-24,168.000000,176.500000,167.000000,173.000000,136.865967,1191000
2015-06-25,173.500000,181.000000,172.500000,177.000000,140.030502,1174000
2015-06-26,177.000000,180.000000,175.000000,177.000000,140.030502,963000
2015-06-29,173.000000,174.000000,167.000000,171.500000,135.679291,635000
2015-06-30,170.000000,173.000000,168.500000,173.000000,136.865967,442000
2015-07-01,173.000000,179.000000,171.500000,176.000000,139.239380,777000
2015-07-02,178.000000,179.500000,175.500000,176.000000,139.239380,595000
2015-07-03,176.500000,177.500000,173.000000,175.000000,138.448242,488000
2015-07-06,173.000000,176.000000,172.000000,174.000000,137.657135,353000
2015-07-07,175.500000,178.000000,172.500000,175.000000,138.448242,449000
2015-07-08,174.500000,174.500000,166.000000,169.000000,133.701462,736000
2015-07-09,163.000000,168.000000,155.500000,168.000000,132.910294,1275000
2015-07-10,168.000000,168.000000,168.000000,168.000000,139.121063,0
2015-07-13,164.000000,165.500000,161.500000,162.000000,140.421280,618000
2015-07-14,162.000000,164.500000,162.000000,162.000000,140.421280,306000
2015-07-15,163.000000,164.500000,158.500000,160.000000,138.687683,394000
2015-07-16,161.000000,163.000000,159.500000,160.000000,138.687683,278000
2015-07-17,161.000000,161.000000,159.500000,160.000000,138.687683,149000
2015-07-20,162.000000,162.000000,156.500000,157.000000,136.087280,236000
2015-07-21,158.000000,162.000000,156.000000,161.000000,139.554459,373000
2015-07-22,159.000000,164.000000,158.000000,160.000000,138.687683,423000
2015-07-23,160.000000,163.000000,158.000000,161.000000,139.554459,322000
2015-07-24,161.000000,163.000000,155.000000,155.500000,134.787079,415000
2015-07-27,155.000000,155.000000,140.000000,140.000000,121.351715,830000
2015-07-28,136.000000,138.000000,126.000000,132.000000,114.417336,1262000
2015-07-29,130.500000,132.000000,119.000000,121.000000,104.882561,1419000
2015-07-30,121.500000,127.000000,120.500000,124.000000,107.482948,892000
2015-07-31,126.500000,127.500000,113.500000,119.000000,103.148964,981000
2015-08-03,121.000000,121.000000,113.500000,115.500000,100.115173,571000
2015-08-04,116.000000,118.500000,111.000000,114.500000,99.248375,436000
2015-08-05,115.500000,117.500000,113.500000,114.500000,99.248375,269000
2015-08-06,115.500000,116.000000,107.500000,109.000000,94.480972,497000
2015-08-07,109.000000,110.000000,105.500000,107.000000,92.747383,424000
2015-08-10,105.500000,117.000000,105.000000,115.000000,99.681770,677000
2015-08-11,112.500000,114.500000,107.000000,107.000000,92.747383,679000
2015-08-12,106.000000,110.500000,105.500000,109.500000,94.914375,344000
2015-08-13,110.000000,111.500000,108.000000,110.000000,95.347786,220000
2015-08-14,111.000000,115.500000,110.000000,113.000000,97.948174,358000
2015-08-17,112.500000,114.500000,109.000000,109.000000,94.480972,176000
2015-08-18,110.000000,111.500000,108.500000,108.500000,94.047585,135000
2015-08-19,109.000000,109.000000,103.000000,103.500000,89.713593,421000
2015-08-20,101.500000,105.500000,100.500000,101.000000,87.546600,291000
2015-08-21,99.099998,99.300003,91.300003,91.500000,79.312019,567000
2015-08-24,84.000000,86.000000,82.400002,82.400002,71.424164,566000
2015-08-25,80.000000,88.000000,78.599998,87.500000,75.844818,433000
2015-08-26,86.000000,87.300003,83.300003,86.800003,75.238068,309000
2015-08-27,89.699997,92.699997,89.000000,91.099998,78.965302,441000
2015-08-28,93.000000,95.900002,93.000000,93.500000,81.045616,408000
2015-08-31,96.000000,102.500000,95.800003,102.500000,88.846794,573000
2015-09-01,109.500000,110.500000,102.000000,102.000000,88.413399,1329000
2015-09-02,100.000000,105.000000,98.199997,104.000000,90.146996,616000
2015-09-03,104.000000,112.000000,103.000000,111.000000,96.214584,959000
2015-09-04,111.000000,112.500000,105.000000,105.000000,91.013786,654000
2015-09-07,102.000000,103.000000,99.500000,99.599998,86.333076,641000
2015-09-08,99.300003,103.000000,99.300003,100.000000,86.679794,596000
2015-09-09,102.000000,107.000000,102.000000,105.000000,91.013786,772000
2015-09-10,104.000000,115.000000,103.500000,112.500000,97.514771,1166000
2015-09-11,113.000000,115.500000,111.000000,112.500000,97.514771,677000
2015-09-14,112.500000,114.000000,108.500000,109.000000,94.480972,627000
2015-09-15,110.000000,110.500000,105.000000,105.000000,91.013786,469000
2015-09-16,108.000000,115.500000,106.500000,115.500000,100.115173,1680000
2015-09-17,120.000000,127.000000,120.000000,126.500000,109.649940,2401000
2015-09-18,126.500000,132.000000,124.000000,125.500000,108.783150,1521000
2015-09-21,122.500000,123.500000,119.000000,120.500000,104.449158,986000
2015-09-22,122.000000,122.500000,118.000000,122.000000,105.749359,770000
2015-09-23,122.000000,122.000000,117.000000,118.000000,102.282166,532000
2015-09-24,119.500000,119.500000,108.500000,111.500000,96.647980,625000
2015-09-25,111.500000,115.000000,109.500000,113.000000,97.948174,379000
2015-09-29,113.000000,113.000000,113.000000,113.000000,97.948174,0
2015-09-30,111.000000,114.000000,110.000000,111.000000,96.214584,292000
2015-10-01,114.000000,116.500000,113.500000,114.500000,99.248375,438000
2015-10-02,114.500000,114.500000,112.000000,112.500000,97.514771,297000
2015-10-05,113.500000,115.500000,112.500000,112.500000,97.514771,294000
2015-10-06,114.500000,119.500000,114.000000,114.500000,99.248375,787000
2015-10-07,114.500000,119.500000,113.000000,119.500000,103.582359,570000
2015-10-08,121.000000,121.500000,113.000000,116.000000,100.548561,768000
2015-10-12,117.000000,117.500000,113.500000,114.000000,98.814972,320000
2015-10-13,114.500000,115.000000,112.500000,113.500000,98.381569,134000
2015-10-14,115.000000,117.000000,114.500000,115.000000,99.681770,321000
2015-10-15,118.000000,118.000000,107.000000,111.500000,96.647980,813000
2015-10-16,111.500000,112.500000,106.000000,109.500000,94.914375,717000
2015-10-19,109.500000,110.000000,104.000000,105.500000,91.447189,401000
2015-10-20,106.500000,107.000000,104.000000,105.500000,91.447189,235000
2015-10-21,106.500000,106.500000,105.500000,105.500000,91.447189,150000
2015-10-22,106.500000,106.500000,105.000000,105.000000,91.013786,122000
2015-10-23,107.000000,110.000000,106.500000,107.000000,92.747383,477000
2015-10-26,108.500000,109.000000,107.000000,109.000000,94.480972,291000
2015-10-27,109.000000,109.000000,106.000000,106.000000,91.880585,235000
2015-10-28,106.500000,107.500000,105.000000,106.000000,91.880585,161000
2015-10-29,107.500000,107.500000,104.000000,105.500000,91.447189,198000
2015-10-30,105.000000,105.500000,103.000000,105.000000,91.013786,394000
2015-11-02,104.000000,105.500000,104.000000,105.000000,91.013786,139000
2015-11-03,106.000000,115.500000,106.000000,115.500000,100.115173,1512000
2015-11-04,117.500000,118.000000,114.000000,117.500000,101.848763,1382000
2015-11-05,118.000000,128.000000,115.500000,124.000000,107.482948,2266000
2015-11-06,123.500000,127.000000,121.500000,121.500000,105.315956,883000
2015-11-09,123.000000,131.000000,123.000000,125.000000,108.349747,1872000
2015-11-10,126.000000,126.000000,123.500000,125.500000,108.783150,618000
2015-11-11,127.000000,127.000000,119.500000,120.500000,104.449158,697000
2015-11-12,121.500000,124.000000,115.500000,118.500000,102.715561,595000
2015-11-13,116.000000,120.000000,115.500000,116.000000,100.548561,344000
2015-11-16,114.000000,119.000000,113.000000,119.000000,103.148964,440000
2015-11-17,121.000000,123.500000,121.000000,121.500000,105.315956,500000
2015-11-18,121.500000,121.500000,117.500000,117.500000,101.848763,305000
2015-11-19,119.000000,129.000000,119.000000,129.000000,111.816948,1870000
2015-11-20,135.000000,137.000000,132.000000,133.000000,115.284134,2601000
2015-11-23,133.500000,136.000000,131.000000,132.000000,114.417336,733000
2015-11-24,131.000000,132.000000,126.000000,126.000000,109.216553,779000
2015-11-25,127.000000,132.000000,126.000000,131.500000,113.983940,994000
2015-11-26,134.000000,135.000000,127.000000,127.000000,110.083344,1388000
2015-11-27,129.000000,130.000000,126.000000,127.500000,110.516739,433000
2015-11-30,129.500000,138.500000,127.500000,136.000000,117.884529,2164000
2015-12-01,135.000000,141.000000,132.500000,141.000000,122.218506,1856000
2015-12-02,151.000000,153.500000,143.000000,146.000000,126.552513,3809000
2015-12-03,144.000000,150.000000,143.000000,147.500000,127.852707,1152000
2015-12-04,144.500000,151.500000,143.500000,150.000000,130.019699,1445000
2015-12-07,153.000000,161.500000,149.000000,153.500000,133.053482,2764000
2015-12-08,154.500000,158.000000,152.500000,153.500000,133.053482,1954000
2015-12-09,154.500000,156.000000,143.500000,144.000000,124.818916,1843000
2015-12-10,143.500000,147.000000,140.500000,146.000000,126.552513,1075000
2015-12-11,146.000000,146.000000,132.500000,133.500000,115.717529,1228000
2015-12-14,129.000000,135.500000,128.000000,132.500000,114.850739,693000
2015-12-15,135.500000,138.500000,133.500000,134.000000,116.150932,566000
2015-12-16,136.000000,136.000000,129.000000,129.500000,112.250343,811000
2015-12-17,130.500000,138.500000,130.500000,138.000000,119.618118,1441000
2015-12-18,137.000000,137.000000,133.500000,133.500000,115.717529,831000
2015-12-21,131.000000,135.000000,130.000000,133.000000,115.284134,382000
2015-12-22,135.000000,136.000000,130.000000,130.500000,113.117142,622000
2015-12-23,132.000000,132.000000,123.000000,126.000000,109.216553,913000
2015-12-24,129.000000,130.000000,125.500000,125.500000,108.783150,865000
2015-12-25,126.500000,128.000000,125.000000,127.500000,110.516739,348000
2015-12-28,128.500000,129.000000,126.000000,126.000000,109.216553,168000
2015-12-29,126.000000,128.500000,124.500000,125.500000,108.783150,250000
2015-12-30,126.500000,127.000000,123.500000,123.500000,107.049553,200000
2015-12-31,124.000000,125.500000,123.500000,123.500000,107.049553,153000
2016-01-04,123.500000,123.500000,111.500000,111.500000,96.647980,1299000
2016-01-05,111.500000,114.000000,110.500000,111.000000,96.214584,737000
2016-01-06,111.500000,112.000000,102.000000,104.000000,90.146996,1511000
2016-01-07,103.000000,107.000000,101.000000,102.000000,88.413399,800000
2016-01-08,102.500000,106.500000,102.500000,106.500000,92.313988,525000
2016-01-11,103.500000,104.000000,101.000000,101.000000,87.546600,442000
2016-01-12,102.000000,105.000000,96.199997,96.199997,83.385963,536000
2016-01-13,97.500000,99.500000,96.599998,97.500000,84.512810,518000
2016-01-14,94.199997,95.500000,93.000000,94.099998,81.565697,501000
2016-01-15,96.300003,97.599998,92.699997,92.800003,80.438850,553000
2016-01-18,90.000000,97.800003,90.000000,97.800003,84.772842,547000
2016-01-19,98.800003,106.000000,97.000000,104.500000,90.580391,1085000
2016-01-20,104.000000,106.500000,98.000000,98.300003,85.206238,846000
2016-01-21,99.500000,101.500000,98.300003,98.400002,85.292923,444000
2016-01-22,102.000000,103.000000,99.500000,99.699997,86.419754,451000
2016-01-25,102.000000,103.500000,101.000000,102.500000,88.846794,482000
2016-01-26,101.500000,102.000000,100.000000,100.500000,87.113205,169000
2016-01-27,102.500000,102.500000,99.000000,99.099998,85.899673,296000
2016-01-28,98.000000,101.500000,97.800003,99.800003,86.506439,290000
2016-01-29,101.000000,106.000000,100.500000,104.000000,90.146996,937000
2016-01-30,null,null,null,null,null,null
2016-02-01,107.000000,107.000000,103.000000,103.500000,89.713593,431000
2016-02-02,103.500000,104.000000,102.000000,102.500000,88.846794,234000
2016-02-03,101.500000,101.500000,100.000000,100.000000,86.679794,293000
2016-02-15,94.500000,94.500000,91.000000,91.800003,79.572060,864000
2016-02-16,92.199997,94.599998,92.199997,93.400002,80.958939,402000
2016-02-17,94.199997,100.500000,93.599998,96.699997,83.819366,640000
2016-02-18,97.199997,102.000000,97.199997,100.000000,86.679794,648000
2016-02-19,100.000000,103.500000,99.900002,100.500000,87.113205,330000
2016-02-22,100.000000,104.500000,100.000000,101.500000,87.979996,703000
2016-02-23,103.500000,104.000000,101.500000,101.500000,87.979996,371000
2016-02-24,99.500000,101.000000,98.699997,99.300003,86.073044,272000
2016-02-25,100.000000,106.000000,100.000000,103.500000,89.713593,1090000
2016-02-26,103.500000,103.500000,100.500000,101.500000,87.979996,527000
2016-03-01,102.000000,105.500000,102.000000,104.500000,90.580391,641000
2016-03-02,106.500000,110.000000,105.500000,106.000000,91.880585,1233000
2016-03-03,106.000000,109.000000,105.000000,105.000000,91.013786,771000
2016-03-04,106.000000,109.500000,106.000000,109.000000,94.480972,675000
2016-03-07,110.000000,112.000000,107.000000,107.000000,92.747383,800000
2016-03-08,108.000000,108.000000,105.000000,107.500000,93.180786,424000
2016-03-09,106.500000,108.000000,104.500000,105.000000,91.013786,418000
2016-03-10,105.000000,107.000000,105.000000,105.000000,91.013786,293000
2016-03-11,106.500000,107.500000,105.000000,105.500000,91.447189,443000
2016-03-14,107.000000,107.000000,105.500000,106.000000,91.880585,294000
2016-03-15,107.000000,112.000000,106.000000,106.500000,92.313988,1336000
2016-03-16,107.000000,111.000000,107.000000,109.000000,94.480972,760000
2016-03-17,110.000000,114.000000,109.500000,110.000000,95.347786,1356000
2016-03-18,110.500000,111.000000,107.000000,107.000000,92.747383,701000
2016-03-21,107.500000,109.000000,105.500000,108.500000,94.047585,327000
2016-03-22,108.500000,108.500000,103.500000,104.500000,90.580391,588000
2016-03-23,104.500000,108.000000,103.500000,104.500000,90.580391,444000
2016-03-24,104.500000,105.500000,103.000000,103.000000,89.280197,348000
2016-03-25,104.000000,105.000000,102.500000,102.500000,88.846794,283000
2016-03-28,104.000000,106.000000,103.000000,103.500000,89.713593,347000
2016-03-29,103.500000,105.000000,101.500000,102.000000,88.413399,322000
2016-03-30,104.000000,105.500000,103.500000,105.500000,91.447189,330000
2016-03-31,107.000000,107.000000,104.000000,104.000000,90.146996,277000
2016-04-01,104.000000,104.500000,103.000000,104.000000,90.146996,136000
2016-04-06,102.500000,102.500000,100.000000,101.000000,87.546600,294000
2016-04-07,102.000000,102.000000,98.199997,99.300003,86.073044,248000
2016-04-08,98.099998,101.000000,98.099998,100.000000,86.679794,184000
2016-04-11,99.199997,99.199997,97.300003,97.400002,84.426117,284000
2016-04-12,97.199997,98.199997,94.000000,94.500000,81.912407,262000
2016-04-13,95.800003,95.800003,93.699997,95.800003,83.039253,246000
2016-04-14,96.000000,96.800003,95.500000,95.699997,82.952568,142000
2016-04-15,95.699997,95.699997,93.400002,94.000000,81.479019,186000
2016-04-18,94.800003,94.800003,92.000000,92.500000,80.178818,174000
2016-04-19,93.000000,93.900002,92.800003,93.099998,80.698898,146000
2016-04-20,94.000000,94.000000,92.099998,93.199997,80.785576,176000
2016-04-21,93.199997,93.199997,92.000000,92.000000,79.745415,205000
2016-04-22,92.099998,92.199997,87.000000,88.599998,76.798302,475000
2016-04-25,88.400002,89.900002,87.699997,89.000000,77.145020,145000
2016-04-26,90.400002,93.500000,89.000000,93.400002,80.958939,342000
2016-04-27,92.500000,93.900002,91.000000,91.000000,78.878616,354000
2016-04-28,89.800003,91.000000,89.300003,89.599998,77.665100,130000
2016-04-29,88.500000,89.099998,87.400002,88.000000,76.278221,125000
2016-05-03,87.099998,88.800003,87.099998,87.800003,76.104866,81000
2016-05-04,87.500000,89.000000,85.599998,86.199997,74.717987,117000
2016-05-05,85.699997,86.800003,83.000000,85.099998,73.764511,251000
2016-05-06,85.199997,85.300003,83.199997,83.900002,72.724350,136000
2016-05-09,84.500000,84.699997,81.099998,81.099998,70.297318,182000
2016-05-10,80.300003,83.500000,80.300003,82.500000,71.510841,150000
2016-05-11,85.800003,86.599998,84.500000,85.699997,74.284584,418000
2016-05-12,86.000000,86.900002,82.800003,83.000000,71.944237,186000
2016-05-13,83.199997,84.599998,82.599998,83.500000,72.377640,134000
2016-05-16,83.500000,86.199997,82.500000,85.000000,73.677826,110000
2016-05-17,86.400002,87.800003,85.199997,86.599998,75.064705,256000
2016-05-18,85.800003,86.300003,85.000000,85.300003,73.937874,119000
2016-05-19,86.800003,86.800003,84.400002,84.400002,73.157753,85000
2016-05-20,84.699997,85.699997,83.800003,84.099998,72.897713,94000
2016-05-23,84.500000,88.900002,84.400002,87.500000,75.844818,278000
2016-05-24,86.500000,88.599998,86.500000,87.800003,76.104866,140000
2016-05-25,89.000000,93.300003,88.500000,91.400002,79.225342,463000
2016-05-26,91.400002,92.800003,89.300003,89.900002,77.925140,376000
2016-05-27,89.500000,90.400002,88.599998,89.800003,77.838455,216000
2016-05-30,90.500000,91.400002,90.099998,90.699997,78.618584,329000
2016-05-31,90.699997,91.000000,89.800003,90.400002,78.358536,181000
2016-06-01,90.900002,91.599998,90.699997,91.199997,79.051979,170000
2016-06-02,91.800003,93.500000,91.099998,91.400002,79.225342,288000
2016-06-03,91.500000,92.500000,89.900002,90.099998,78.098495,152000
2016-06-04,null,null,null,null,null,null
2016-06-06,91.500000,91.500000,89.699997,90.400002,78.358536,98000
2016-06-07,91.400002,91.400002,90.099998,90.300003,78.271851,153000
2016-06-08,90.500000,91.900002,90.199997,91.199997,79.051979,239000
2016-06-13,92.500000,92.500000,89.500000,90.099998,78.098495,203000
2016-06-14,90.000000,91.300003,89.800003,90.699997,78.618584,101000
2016-06-15,91.699997,91.699997,89.699997,90.500000,78.445229,187000
2016-06-16,90.699997,90.699997,89.599998,90.599998,78.531906,177000
2016-06-17,90.599998,92.000000,89.900002,90.199997,78.185173,223000
2016-06-20,91.000000,92.800003,91.000000,92.800003,80.438850,302000
2016-06-21,93.099998,96.900002,93.099998,96.800003,83.906044,651000
2016-06-22,97.599998,97.699997,96.099998,96.300003,83.472649,258000
2016-06-23,96.500000,96.800003,94.500000,95.000000,82.345810,282000
2016-06-24,95.000000,95.199997,91.000000,92.199997,79.918777,361000
2016-06-27,92.199997,96.000000,92.199997,96.000000,83.212608,610000
2016-06-28,90.400002,90.500000,88.300003,89.599998,82.842773,29000
2016-06-29,90.000000,90.400002,88.800003,89.099998,82.380486,322000
2016-06-30,90.500000,90.500000,88.300003,88.400002,81.733276,238000
2016-07-01,88.400002,89.400002,87.900002,88.199997,81.548355,159000
2016-07-04,88.300003,90.500000,88.199997,89.800003,83.027695,249000
2016-07-05,89.800003,89.900002,88.800003,88.800003,82.103111,152000
2016-07-06,88.400002,88.900002,86.900002,86.900002,80.346397,199000
2016-07-07,86.500000,87.900002,86.500000,86.800003,80.253944,106000
2016-07-08,86.800003,86.800003,86.800003,86.800003,80.253944,0
2016-07-11,87.900002,89.400002,87.900002,89.000000,82.288025,235000
2016-07-12,89.500000,90.099998,89.000000,89.099998,82.380486,146000
2016-07-13,89.500000,90.000000,88.900002,89.500000,82.750313,194000
2016-07-14,89.500000,92.699997,89.300003,92.099998,85.154236,340000
2016-07-15,92.500000,94.800003,92.500000,93.599998,86.541107,427000
2016-07-18,94.800003,95.199997,93.800003,94.900002,87.743073,340000
2016-07-19,95.199997,95.500000,93.500000,94.699997,87.558151,254000
2016-07-20,94.699997,95.199997,93.699997,94.699997,87.558151,266000
2016-07-21,95.300003,99.199997,95.000000,97.300003,89.962074,1198000
2016-07-22,97.500000,99.500000,97.199997,98.000000,90.609283,567000
2016-07-25,99.699997,99.699997,95.699997,95.699997,88.482735,401000
2016-07-26,96.500000,98.199997,96.199997,97.699997,90.331902,356000
2016-07-27,99.000000,102.500000,98.300003,99.500000,91.996162,913000
2016-07-28,99.500000,102.500000,98.000000,98.099998,90.701744,423000
2016-07-29,99.400002,99.500000,97.800003,97.900002,90.516830,263000
2016-08-01,99.500000,100.500000,99.300003,100.000000,92.458458,348000
2016-08-02,101.000000,101.000000,98.800003,99.400002,91.903702,230000
2016-08-03,98.000000,100.000000,98.000000,98.599998,91.164032,223000
2016-08-04,99.900002,105.000000,99.500000,103.500000,95.694504,1104000
2016-08-05,106.000000,108.500000,106.000000,107.500000,99.392838,1653000
2016-08-08,108.000000,118.000000,107.500000,118.000000,109.100975,3298000
2016-08-09,120.000000,122.000000,115.500000,119.000000,110.025566,2136000
2016-08-10,119.000000,130.500000,119.000000,130.500000,120.658279,3073000
2016-08-11,132.500000,137.500000,128.000000,135.500000,125.281204,4126000
2016-08-12,138.500000,141.500000,135.000000,135.000000,124.818916,2837000
2016-08-15,137.500000,138.000000,132.000000,137.500000,127.130371,1702000
2016-08-16,140.000000,151.000000,139.000000,151.000000,139.612259,4024000
2016-08-17,152.000000,157.000000,149.000000,151.500000,140.074554,3230000
2016-08-18,151.500000,162.000000,150.500000,158.500000,146.546661,3221000
2016-08-19,161.000000,162.000000,153.000000,156.500000,144.697479,2743000
2016-08-22,157.000000,159.500000,150.500000,151.000000,139.612259,2150000
2016-08-23,153.500000,158.000000,149.500000,157.500000,145.622055,2491000
2016-08-24,155.000000,155.000000,148.000000,150.500000,139.149979,4377000
2016-08-25,148.000000,152.000000,148.000000,150.000000,138.687683,1598000
2016-08-26,152.500000,157.500000,152.000000,153.500000,141.923721,2775000
2016-08-29,154.000000,154.500000,150.500000,153.000000,141.461441,1024000
2016-08-30,153.500000,157.500000,153.000000,154.000000,142.386017,1498000
2016-08-31,154.000000,156.000000,153.500000,154.500000,142.848328,1012000
2016-09-01,157.000000,157.000000,151.500000,151.500000,140.074554,1178000
2016-09-02,150.000000,150.500000,142.500000,144.000000,133.140167,2059000
2016-09-05,144.000000,147.500000,140.500000,146.000000,134.989334,1135000
2016-09-06,146.500000,161.000000,145.000000,161.000000,148.858093,4058000
2016-09-07,165.000000,167.000000,158.000000,160.000000,147.933533,4264000
2016-09-08,161.500000,162.500000,159.000000,162.000000,149.782700,1131000
2016-09-09,163.500000,173.500000,162.000000,166.500000,153.943329,5154000
2016-09-10,null,null,null,null,null,null
2016-09-12,165.500000,165.500000,154.500000,156.000000,144.235184,3098000
2016-09-13,158.000000,158.500000,151.000000,153.500000,141.923721,1700000
2016-09-14,152.000000,157.000000,151.500000,156.000000,144.235184,1337000
2016-09-19,161.000000,162.500000,155.500000,160.000000,147.933533,1731000
2016-09-20,157.000000,158.000000,154.000000,156.000000,144.235184,1100000
2016-09-21,154.500000,157.500000,153.000000,154.500000,142.848328,878000
2016-09-22,154.000000,155.000000,146.500000,148.500000,137.300797,2193000
2016-09-23,150.000000,151.500000,148.500000,150.000000,138.687683,872000
2016-09-26,143.500000,146.000000,135.500000,136.500000,126.205795,4706000
2016-09-27,136.500000,136.500000,136.500000,136.500000,126.205795,0
2016-09-28,136.500000,136.500000,136.500000,136.500000,126.205795,0
2016-09-29,138.000000,138.500000,134.500000,137.500000,127.130371,1511000
2016-09-30,137.000000,141.500000,136.000000,139.500000,128.979553,1749000
2016-10-03,139.500000,140.000000,130.000000,132.500000,122.507454,2688000
2016-10-04,133.500000,137.000000,131.000000,133.500000,123.432030,2511000
2016-10-05,134.000000,136.000000,132.000000,132.000000,122.045151,1235000
2016-10-06,132.500000,132.500000,119.500000,123.000000,113.723900,5884000
2016-10-07,125.500000,126.000000,122.500000,124.500000,115.110771,2476000
2016-10-11,121.000000,121.500000,112.500000,112.500000,104.015762,3342000
2016-10-12,110.000000,114.000000,109.000000,113.000000,104.478050,2722000
2016-10-13,114.500000,119.500000,114.000000,117.000000,108.176392,3234000
2016-10-14,116.000000,117.500000,111.000000,111.000000,102.628883,2444000
2016-10-17,111.000000,114.000000,105.500000,114.000000,105.402641,2330000
2016-10-18,114.000000,116.000000,112.500000,113.000000,104.478050,1508000
2016-10-19,114.500000,116.500000,112.500000,112.500000,104.015762,1946000
2016-10-20,113.500000,117.500000,112.000000,117.000000,108.176392,1863000
2016-10-21,116.000000,117.500000,114.000000,114.000000,105.402641,1288000
2016-10-24,114.000000,118.000000,113.000000,117.000000,108.176392,961000
2016-10-25,117.500000,117.500000,115.000000,115.500000,106.789513,948000
2016-10-26,115.000000,118.500000,114.000000,115.500000,106.789513,1470000
2016-10-27,116.000000,116.500000,115.000000,116.500000,107.714096,640000
2016-10-28,115.500000,116.000000,112.000000,112.000000,103.553467,996000
2016-10-31,112.000000,112.500000,107.000000,111.500000,103.091179,984000
2016-11-01,112.000000,113.500000,110.500000,112.000000,103.553467,688000
2016-11-02,112.000000,113.000000,108.500000,108.500000,100.317421,740000
2016-11-03,108.500000,109.000000,102.500000,104.500000,96.619080,1510000
2016-11-04,104.500000,106.500000,103.000000,106.500000,98.468254,892000
2016-11-07,106.500000,111.000000,106.000000,108.500000,100.317421,898000
2016-11-08,100.500000,101.000000,97.699997,97.699997,90.331902,1824000
2016-11-09,93.500000,96.400002,89.000000,89.599998,82.842773,3141000
2016-11-10,93.800003,95.800003,92.099998,94.800003,87.650612,1671000
2016-11-11,93.500000,97.000000,90.500000,95.800003,88.575195,1579000
2016-11-14,97.000000,98.500000,94.300003,96.199997,88.945038,1007000
2016-11-15,95.800003,96.099998,93.800003,93.800003,86.726028,805000
2016-11-16,94.300003,97.500000,94.300003,95.300003,88.112907,927000
2016-11-17,94.500000,94.500000,92.800003,94.300003,87.188332,857000
2016-11-18,93.000000,95.500000,93.000000,95.000000,87.835533,742000
2016-11-21,94.099998,95.900002,93.199997,93.400002,86.356201,773000
2016-11-22,94.500000,102.500000,94.500000,102.500000,94.769913,3050000
2016-11-23,104.000000,105.000000,99.500000,99.500000,91.996162,3258000
2016-11-24,100.000000,100.000000,97.199997,97.400002,90.054535,1006000
2016-11-25,97.500000,100.500000,97.099998,98.000000,90.609283,1560000
2016-11-28,97.800003,98.400002,93.599998,94.000000,86.910950,2013000
2016-11-29,94.500000,96.699997,94.099998,95.099998,87.927986,870000
2016-11-30,95.800003,97.599998,94.599998,95.000000,87.835533,1214000
2016-12-01,95.500000,95.800003,93.000000,94.800003,87.650612,837000
2016-12-02,93.500000,95.099998,93.500000,93.800003,86.726028,671000
2016-12-05,94.699997,97.199997,94.000000,95.800003,88.575195,1209000
2016-12-06,97.199997,97.199997,95.300003,95.800003,88.575195,741000
2016-12-07,96.199997,105.000000,96.199997,105.000000,97.081383,5676000
2016-12-08,106.500000,106.500000,101.500000,101.500000,93.845337,3953000
2016-12-09,102.000000,103.500000,99.800003,100.000000,92.458458,1910000
2016-12-12,98.099998,98.699997,96.800003,96.800003,89.499786,2148000
2016-12-13,96.800003,99.800003,96.800003,98.500000,91.071571,1530000
2016-12-14,99.900002,103.000000,99.599998,99.599998,92.088623,1385000
2016-12-15,99.599998,101.000000,99.300003,99.900002,92.365997,648000
2016-12-16,102.000000,104.000000,100.500000,102.500000,94.769913,2354000
2016-12-19,103.000000,103.500000,100.000000,100.000000,92.458458,759000
2016-12-20,101.500000,103.000000,100.500000,101.000000,93.383041,1105000
2016-12-21,102.000000,103.500000,99.699997,100.000000,92.458458,1054000
2016-12-22,100.000000,100.500000,98.400002,98.400002,90.979118,643000
2016-12-23,98.400002,99.699997,98.400002,98.599998,91.164032,338000
2016-12-26,100.000000,100.000000,98.599998,99.000000,91.533875,255000
2016-12-27,99.000000,99.000000,97.199997,97.500000,90.146996,460000
2016-12-28,98.300003,98.800003,97.900002,98.000000,90.609283,319000
2016-12-29,98.000000,99.500000,98.000000,99.199997,91.718781,390000
2016-12-30,99.500000,102.000000,99.400002,101.500000,93.845337,1238000
2017-01-03,102.000000,103.000000,100.000000,100.500000,92.920738,872000
2017-01-04,101.000000,101.000000,99.599998,99.599998,92.088623,574000
2017-01-05,99.800003,102.500000,99.800003,100.500000,92.920738,1363000
2017-01-06,101.000000,102.000000,100.500000,101.500000,93.845337,809000
2017-01-09,99.699997,100.000000,96.099998,96.599998,89.314865,1978000
2017-01-10,95.500000,97.300003,95.500000,97.099998,89.777161,534000
2017-01-11,97.099998,97.300003,94.500000,94.500000,87.373238,1196000
2017-01-12,94.500000,95.800003,94.500000,94.900002,87.743073,514000
2017-01-13,95.000000,95.000000,93.599998,94.300003,87.188332,422000
2017-01-16,93.699997,93.699997,91.500000,92.000000,85.061775,663000
2017-01-17,92.000000,94.199997,92.000000,94.099998,87.003403,353000
2017-01-18,93.599998,94.000000,92.900002,93.199997,86.171272,365000
2017-01-19,93.199997,94.800003,93.199997,93.400002,86.356201,422000
2017-01-20,93.099998,94.000000,92.699997,93.000000,85.986359,300000
2017-01-23,93.199997,95.500000,93.099998,95.099998,87.927986,651000
2017-01-24,94.699997,94.699997,92.500000,93.400002,86.356201,516000
2017-02-02,94.400002,94.900002,93.000000,93.800003,86.726028,401000
2017-02-03,94.099998,95.000000,93.599998,94.800003,87.650612,465000
2017-02-06,95.400002,104.000000,95.400002,104.000000,96.156792,5172000
2017-02-07,104.000000,105.000000,101.500000,104.000000,96.156792,2754000
2017-02-08,105.000000,113.000000,103.000000,110.000000,101.704300,5286000
2017-02-09,112.500000,115.000000,110.500000,111.500000,103.091179,4237000
2017-02-10,112.000000,112.500000,106.000000,106.500000,98.468254,2967000
2017-02-13,108.000000,116.000000,105.000000,114.500000,105.864922,5633000
2017-02-14,115.500000,116.000000,110.500000,111.500000,103.091179,2454000
2017-02-15,112.000000,119.500000,112.000000,116.000000,107.251808,4458000
2017-02-16,116.500000,117.500000,113.500000,114.000000,105.402641,1773000
2017-02-17,114.000000,117.000000,111.500000,112.000000,103.553467,2504000
2017-02-18,null,null,null,null,null,null
2017-02-20,114.500000,115.500000,112.000000,112.000000,103.553467,1157000
2017-02-21,113.500000,114.000000,109.500000,112.000000,103.553467,1154000
2017-02-22,113.000000,119.500000,112.500000,119.500000,110.487854,4504000
2017-02-23,121.500000,127.000000,115.500000,115.500000,106.789513,7860000
2017-02-24,116.000000,118.000000,115.500000,117.000000,108.176392,1650000
2017-03-01,117.000000,118.500000,114.000000,114.000000,105.402641,1623000
2017-03-02,116.000000,118.000000,114.000000,115.000000,106.327225,981000
2017-03-03,115.500000,115.500000,113.000000,114.000000,105.402641,763000
2017-03-06,115.000000,115.000000,112.500000,114.000000,105.402641,436000
2017-03-07,114.000000,118.000000,113.500000,116.000000,107.251808,1704000
2017-03-08,115.500000,117.000000,115.000000,115.500000,106.789513,595000
2017-03-09,116.000000,116.500000,112.000000,112.500000,104.015762,1090000
2017-03-10,113.000000,114.000000,107.500000,109.000000,100.779716,1827000
2017-03-13,109.500000,112.500000,107.000000,109.500000,101.242004,1040000
2017-03-14,110.500000,114.500000,110.500000,113.000000,104.478050,999000
2017-03-15,113.000000,114.000000,111.000000,112.500000,104.015762,580000
2017-03-16,113.500000,114.000000,111.500000,111.500000,103.091179,561000
2017-03-17,112.000000,113.500000,111.500000,112.500000,104.015762,446000
2017-03-20,113.000000,114.000000,111.500000,112.500000,104.015762,526000
2017-03-21,113.000000,113.000000,109.500000,109.500000,101.242004,745000
2017-03-22,108.000000,111.000000,107.000000,110.500000,102.166588,669000
2017-03-23,111.000000,116.000000,110.000000,114.500000,105.864922,2507000
2017-03-24,114.000000,114.500000,111.500000,111.500000,103.091179,938000
2017-03-27,111.000000,112.000000,108.500000,108.500000,100.317421,653000
2017-03-28,109.500000,111.000000,101.500000,106.000000,98.005959,1679000
2017-03-29,106.500000,107.000000,105.000000,105.000000,97.081383,520000
2017-03-30,105.000000,106.000000,103.000000,103.500000,95.694504,828000
2017-03-31,104.500000,104.500000,102.500000,103.000000,95.232208,710000
2017-04-05,102.000000,105.000000,102.000000,103.500000,95.694504,652000
2017-04-06,104.000000,106.500000,103.500000,105.000000,97.081383,466000
2017-04-07,105.000000,105.500000,101.500000,103.000000,95.232208,576000
2017-04-10,103.000000,104.500000,103.000000,104.000000,96.156792,368000
2017-04-11,105.000000,105.500000,101.000000,101.000000,93.383041,870000
2017-04-12,101.500000,101.500000,97.500000,98.000000,90.609283,927000
2017-04-13,98.199997,100.500000,98.199997,99.000000,91.533875,496000
2017-04-14,98.099998,98.599998,97.000000,97.099998,89.777161,377000
2017-04-17,98.699997,98.800003,96.500000,97.599998,90.239449,297000
2017-04-18,99.000000,99.099998,97.500000,97.599998,90.239449,297000
2017-04-19,98.000000,98.599998,97.500000,98.300003,90.886658,208000
2017-04-20,98.000000,100.500000,98.000000,98.599998,91.164032,630000
2017-04-21,99.099998,99.900002,98.599998,98.800003,91.348953,260000
2017-04-24,99.199997,99.400002,97.400002,97.400002,90.054535,179000
2017-04-25,98.300003,99.800003,97.500000,99.099998,91.626328,492000
2017-04-26,99.599998,100.500000,98.099998,98.199997,90.794205,555000
2017-04-27,98.400002,99.599998,98.000000,98.199997,90.794205,352000
2017-04-28,98.300003,107.500000,98.300003,104.000000,96.156792,2778000
2017-05-02,107.000000,111.000000,106.000000,109.500000,101.242004,2748000
2017-05-03,110.500000,110.500000,106.000000,107.000000,98.930542,1040000
2017-05-04,108.500000,108.500000,104.000000,104.000000,96.156792,1038000
2017-05-05,105.500000,110.500000,104.500000,106.500000,98.468254,2087000
2017-05-08,102.500000,103.500000,97.500000,97.500000,90.146996,2798000
2017-05-09,97.400002,99.900002,96.900002,98.099998,90.701744,1407000
2017-05-10,98.199997,99.500000,98.199997,99.000000,91.533875,418000
2017-05-11,99.500000,99.900002,98.400002,98.400002,90.979118,445000
2017-05-12,98.400002,104.500000,98.400002,103.000000,95.232208,2010000
2017-05-15,103.500000,106.000000,103.000000,105.500000,97.543663,915000
2017-05-16,105.500000,105.500000,102.500000,103.000000,95.232208,621000
2017-05-17,103.500000,107.500000,103.000000,104.000000,96.156792,1071000
2017-05-18,103.000000,106.500000,101.500000,104.500000,96.619080,1330000
2017-05-19,105.000000,111.000000,104.500000,109.000000,100.779716,4327000
2017-05-22,110.000000,118.500000,109.000000,115.500000,106.789513,6749000
2017-05-23,116.000000,117.500000,113.500000,114.000000,105.402641,2963000
2017-05-24,115.000000,118.500000,114.000000,114.500000,105.864922,3689000
2017-05-25,115.500000,116.000000,112.000000,112.000000,103.553467,1873000
2017-05-26,114.000000,116.500000,112.500000,113.000000,104.478050,3329000
2017-05-31,113.500000,115.000000,109.500000,110.000000,101.704300,1302000
2017-06-01,112.000000,117.500000,112.000000,117.000000,108.176392,3898000
2017-06-02,116.500000,118.000000,115.500000,116.500000,107.714096,1974000
2017-06-03,null,null,null,null,null,null
2017-06-05,118.500000,119.500000,116.000000,116.500000,107.714096,1255000
2017-06-06,116.500000,119.000000,114.500000,114.500000,105.864922,1767000
2017-06-07,115.000000,115.500000,112.500000,113.500000,104.940346,1205000
2017-06-08,114.000000,115.000000,113.000000,114.000000,105.402641,686000
2017-06-09,115.000000,115.000000,112.500000,113.000000,104.478050,813000
2017-06-12,110.000000,113.000000,109.500000,111.000000,102.628883,1001000
2017-06-13,112.000000,113.000000,110.500000,110.500000,102.166588,568000
2017-06-14,111.500000,111.500000,103.500000,105.000000,97.081383,1820000
2017-06-15,105.500000,107.500000,104.000000,105.500000,97.543663,687000
2017-06-16,105.000000,108.000000,104.000000,107.000000,98.930542,481000
2017-06-19,108.000000,112.000000,107.500000,111.000000,102.628883,1183000
2017-06-20,112.000000,112.000000,109.500000,110.500000,102.166588,726000
2017-06-21,110.000000,112.000000,109.000000,111.000000,102.628883,559000
2017-06-22,111.500000,112.500000,108.500000,109.000000,100.779716,544000
2017-06-23,109.500000,111.000000,109.000000,109.500000,101.242004,380000
2017-06-26,109.500000,113.000000,109.500000,111.000000,102.628883,841000
2017-06-27,111.500000,112.000000,110.000000,110.000000,101.704300,500000
2017-06-28,109.500000,112.000000,109.500000,110.000000,101.704300,433000
2017-06-29,111.000000,111.000000,109.500000,109.500000,101.242004,362000
2017-06-30,109.000000,110.500000,109.000000,110.000000,101.704300,273000
2017-07-03,111.500000,111.500000,110.500000,111.500000,103.091179,489000
2017-07-04,111.500000,111.500000,107.500000,108.000000,99.855125,891000
2017-07-05,109.000000,109.500000,107.500000,109.000000,100.779716,498000
2017-07-06,110.000000,110.000000,108.000000,108.500000,100.317421,917000
2017-07-07,103.000000,103.000000,99.699997,99.900002,97.203789,1435000
2017-07-10,99.900002,99.900002,94.199997,94.699997,92.144127,1689000
2017-07-11,94.900002,97.000000,94.800003,95.199997,92.630630,718000
2017-07-12,96.000000,96.699997,95.699997,96.099998,93.506348,484000
2017-07-13,96.599998,96.900002,96.099998,96.500000,93.895546,295000
2017-07-14,96.800003,96.800003,96.099998,96.500000,93.895546,314000
2017-07-17,96.900002,98.199997,96.900002,97.800003,95.160469,546000
2017-07-18,98.199997,98.699997,97.800003,97.800003,95.160469,466000
2017-07-19,98.400002,103.500000,98.199997,101.500000,98.760605,1063000
2017-07-20,101.500000,102.500000,100.000000,100.500000,97.787590,489000
2017-07-21,101.000000,101.000000,99.099998,99.599998,96.911880,346000
2017-07-24,99.900002,102.000000,99.500000,102.000000,99.247108,557000
2017-07-25,102.000000,102.000000,100.000000,100.500000,97.787590,352000
2017-07-26,101.000000,101.500000,99.500000,99.500000,96.814583,431000
2017-07-27,100.500000,103.000000,100.500000,100.500000,97.787590,814000
2017-07-28,101.000000,101.500000,99.599998,99.699997,97.009186,396000
2017-07-31,100.000000,100.000000,98.900002,99.000000,96.328079,241000
2017-08-01,99.099998,103.000000,99.099998,102.000000,99.247108,997000
2017-08-02,102.000000,102.500000,100.500000,101.500000,98.760605,364000
2017-08-03,101.500000,101.500000,100.000000,100.000000,97.301094,346000
2017-08-04,100.000000,105.000000,100.000000,103.000000,100.220123,1520000
2017-08-07,103.500000,105.000000,103.000000,103.500000,100.706627,806000
2017-08-08,104.000000,104.500000,101.000000,101.500000,98.760605,651000
2017-08-09,102.000000,102.000000,100.000000,100.500000,97.787590,404000
2017-08-10,100.500000,101.000000,96.099998,97.000000,94.382050,1087000
2017-08-11,94.199997,98.900002,94.000000,97.900002,95.257767,1115000
2017-08-14,96.599998,97.300003,93.500000,93.500000,90.976517,1014000
2017-08-15,94.900002,95.000000,90.199997,91.599998,89.127792,1022000
2017-08-16,91.699997,96.900002,91.300003,95.300003,92.727936,1089000
2017-08-17,94.900002,95.599998,94.099998,95.199997,92.630630,490000
2017-08-18,93.199997,95.199997,93.000000,95.000000,92.436028,393000
2017-08-21,95.000000,95.400002,94.500000,94.599998,92.046829,225000
2017-08-22,95.000000,98.599998,95.000000,98.099998,95.452370,961000
2017-08-23,99.199997,99.300003,97.099998,98.500000,95.841568,541000
2017-08-24,98.099998,107.500000,97.599998,104.000000,101.193130,2836319
2017-08-25,106.500000,108.000000,104.500000,106.500000,103.625656,2510816
2017-08-28,107.000000,116.500000,107.000000,113.500000,110.436737,5745880
2017-08-29,115.000000,116.500000,111.000000,111.500000,108.490715,3211599
2017-08-30,115.000000,117.000000,113.500000,114.500000,111.409744,3514278
2017-08-31,115.500000,116.000000,109.000000,110.500000,107.517700,3075100
2017-09-01,110.500000,112.000000,109.500000,110.500000,107.517700,990768
2017-09-04,110.000000,110.000000,106.500000,108.500000,105.571678,1230972
2017-09-05,108.500000,111.000000,108.000000,108.000000,105.085175,696117
2017-09-06,107.000000,109.000000,106.000000,106.000000,103.139153,997200
2017-09-07,107.000000,109.500000,106.000000,107.500000,104.598663,1355330
2017-09-08,107.500000,108.000000,104.000000,104.500000,101.679634,1370500
2017-09-11,104.500000,105.500000,103.500000,104.000000,101.193130,763318
2017-09-12,105.000000,108.000000,104.500000,106.000000,103.139153,999000
2017-09-13,105.500000,106.000000,103.500000,104.000000,101.193130,739220
2017-09-14,103.500000,104.000000,99.599998,101.000000,98.274101,1170400
2017-09-15,101.000000,102.000000,98.699997,98.699997,96.036171,1450600
2017-09-18,98.800003,101.000000,97.599998,99.500000,96.814583,1309365
2017-09-19,100.000000,105.000000,100.000000,104.500000,101.679634,2656273
2017-09-20,104.500000,106.000000,103.500000,105.000000,102.166145,1383094
2017-09-21,104.500000,105.000000,102.500000,104.000000,101.193130,980100
2017-09-22,104.000000,108.000000,104.000000,105.500000,102.652641,1583100
2017-09-25,104.500000,105.500000,99.000000,100.000000,97.301094,1212000
2017-09-26,100.000000,103.000000,97.099998,99.000000,96.328079,958005
2017-09-27,99.599998,101.000000,99.599998,99.699997,97.009186,380050
2017-09-28,101.500000,103.000000,100.500000,101.000000,98.274101,611073
2017-09-29,102.500000,102.500000,99.000000,99.400002,96.717285,373635
2017-10-02,110.000000,112.500000,107.500000,110.500000,107.517700,2724470
2017-10-03,112.000000,113.000000,108.000000,108.000000,105.085175,1426278
2017-10-05,110.000000,114.500000,109.500000,112.500000,109.463730,2568450
2017-10-06,111.500000,113.000000,108.000000,109.000000,106.058189,1764505
2017-10-11,109.000000,111.000000,106.000000,111.000000,108.004204,1055518
2017-10-12,111.000000,114.000000,109.000000,112.000000,108.977219,1613498
2017-10-13,112.000000,116.000000,111.000000,111.000000,108.004204,2370428
2017-10-16,111.500000,112.000000,108.000000,109.000000,106.058189,1242000
2017-10-17,109.000000,109.000000,105.000000,105.000000,102.166145,1391100
2017-10-18,106.000000,110.000000,106.000000,108.500000,105.571678,1417300
2017-10-19,109.500000,110.500000,108.500000,109.000000,106.058189,713179
2017-10-20,109.000000,119.500000,107.500000,119.500000,116.274803,5969574
2017-10-23,123.000000,131.000000,123.000000,131.000000,127.464432,11494519
2017-10-24,131.000000,140.500000,128.500000,138.000000,134.275497,10681121
2017-10-25,139.000000,140.500000,133.500000,138.500000,134.762009,6012824
2017-10-26,139.500000,145.000000,136.000000,136.000000,132.329468,7257797
2017-10-27,136.500000,139.500000,126.000000,128.500000,125.031898,5582950
2017-10-30,132.500000,134.500000,128.500000,130.000000,126.491417,2854300
2017-10-31,132.500000,143.000000,128.500000,142.000000,138.167557,7672109
2017-11-01,139.500000,140.500000,133.000000,133.000000,129.410446,4249307
2017-11-02,132.500000,136.000000,131.500000,131.500000,127.950928,2366080
2017-11-03,132.500000,135.000000,123.500000,124.500000,121.139854,3545600
2017-11-06,125.500000,128.000000,123.500000,123.500000,120.166840,1544717
2017-11-07,126.000000,130.000000,123.500000,128.000000,124.545395,1843131
2017-11-08,128.000000,133.500000,125.000000,129.000000,125.518402,2441417
2017-11-09,124.000000,134.000000,121.500000,131.500000,127.950928,4613335
2017-11-10,132.500000,136.000000,127.500000,136.000000,132.329468,1906725
2017-11-13,135.500000,144.000000,132.000000,135.000000,131.356476,5866778
2017-11-14,136.000000,137.500000,132.500000,132.500000,128.923950,2514400
2017-11-15,130.000000,131.500000,128.500000,129.000000,125.518402,1487004
2017-11-16,129.000000,131.500000,126.000000,126.000000,122.599373,1307250
2017-11-17,128.000000,129.500000,126.500000,127.500000,124.058884,1025201
2017-11-20,127.500000,130.000000,126.000000,127.500000,124.058884,1017225
2017-11-21,128.000000,129.500000,127.000000,127.500000,124.058884,891910
2017-11-22,128.000000,136.500000,127.500000,136.500000,132.815994,2947513
2017-11-23,135.500000,139.500000,132.500000,133.500000,129.896942,2978317
2017-11-24,135.000000,139.000000,133.500000,134.000000,130.383453,1872600
2017-11-27,133.500000,139.500000,133.500000,139.500000,135.735016,2018229
2017-11-28,140.000000,152.500000,130.000000,130.000000,126.491417,9910907
2017-11-29,131.000000,132.500000,122.500000,125.000000,121.626358,6369342
2017-11-30,123.000000,128.000000,119.500000,125.000000,121.626358,3886384
2017-12-01,127.500000,128.000000,120.000000,123.000000,119.680336,2384510
2017-12-04,122.000000,124.000000,114.500000,114.500000,111.409744,1861375
2017-12-05,112.000000,114.500000,106.000000,109.000000,106.058189,3101372
2017-12-06,109.000000,112.000000,106.500000,110.500000,107.517700,1750102
2017-12-07,111.000000,114.000000,109.000000,111.500000,108.490715,1438601
2017-12-08,111.500000,113.500000,110.500000,113.000000,109.950226,944336
2017-12-11,114.000000,119.000000,113.500000,115.000000,111.896248,1321160
2017-12-12,115.500000,117.000000,111.000000,111.500000,108.490715,619190
2017-12-13,111.000000,113.000000,110.500000,111.000000,108.004204,481239
2017-12-14,112.000000,117.000000,111.500000,112.500000,109.463730,1175132
2017-12-15,112.500000,112.500000,109.000000,111.500000,108.490715,503197
2017-12-18,112.500000,120.000000,112.000000,120.000000,116.761299,2396520
2017-12-19,123.000000,128.500000,122.500000,125.500000,122.112862,4399151
2017-12-20,126.500000,134.500000,126.000000,129.000000,125.518402,5204503
2017-12-21,129.000000,132.000000,127.000000,127.000000,123.572388,1429902
2017-12-22,128.000000,134.000000,128.000000,133.000000,129.410446,3346242
2017-12-25,132.000000,137.000000,132.000000,137.000000,133.302490,2736791
2017-12-26,138.000000,141.500000,134.000000,139.000000,135.248505,4963218
2017-12-27,140.000000,140.000000,133.500000,136.500000,132.815994,2053290
2017-12-28,137.500000,141.500000,135.000000,140.500000,136.708038,2613945
2017-12-29,140.000000,140.500000,137.000000,140.000000,136.221527,1468503
2018-01-02,139.000000,140.500000,137.000000,139.000000,135.248505,1254136
2018-01-03,139.500000,152.500000,139.500000,152.500000,148.384155,6067224
2018-01-04,153.000000,158.500000,151.000000,154.000000,149.843674,4522742
2018-01-05,153.000000,156.000000,148.500000,154.500000,150.330185,2019042
2018-01-08,154.500000,154.500000,141.000000,146.500000,142.546097,4674774
2018-01-09,146.000000,152.000000,143.500000,151.500000,147.411133,2308100
2018-01-10,151.000000,151.500000,141.000000,141.000000,137.194534,2313509
2018-01-11,141.000000,141.500000,136.500000,139.000000,135.248505,2375800
2018-01-12,141.000000,145.000000,141.000000,145.000000,141.086578,1620251
2018-01-15,145.000000,145.000000,139.000000,144.500000,140.600067,1161249
2018-01-16,143.500000,150.500000,142.500000,144.500000,140.600067,1693000
2018-01-17,144.500000,148.000000,140.500000,147.000000,143.032593,1415300
2018-01-18,149.000000,149.500000,145.500000,146.000000,142.059601,1268325
2018-01-19,146.000000,146.500000,141.000000,142.000000,138.167557,1012269
2018-01-22,142.000000,144.000000,139.000000,144.000000,140.113571,1130068
2018-01-23,144.500000,158.000000,144.500000,158.000000,153.735718,5604806
2018-01-24,158.000000,161.000000,150.500000,152.000000,147.897659,5156550
2018-01-25,152.000000,154.000000,149.500000,150.500000,146.438141,1981159
2018-01-26,151.500000,153.000000,144.500000,146.000000,142.059601,1616500
2018-01-29,146.000000,147.500000,143.500000,144.500000,140.600067,1033110
2018-01-30,147.000000,158.000000,147.000000,151.000000,146.924637,3884177
2018-01-31,150.000000,154.000000,148.000000,151.500000,147.411133,1695556
2018-02-01,151.500000,161.500000,151.500000,155.000000,150.816681,4399200
2018-02-02,155.000000,156.500000,152.500000,154.000000,149.843674,1644130
2018-02-05,145.000000,149.000000,139.000000,144.000000,140.113571,2138396
2018-02-06,134.000000,137.500000,130.000000,135.000000,131.356476,4049354
2018-02-07,138.000000,144.000000,136.000000,137.500000,133.788986,2590280
2018-02-08,137.500000,139.000000,124.000000,124.000000,120.653343,3297201
2018-02-09,114.000000,125.000000,112.000000,125.000000,121.626358,3559201
2018-02-12,127.000000,128.000000,119.500000,125.000000,121.626358,1518149
2018-02-21,127.000000,133.000000,126.500000,129.500000,126.004906,1459565
2018-02-22,129.500000,134.000000,128.500000,133.000000,129.410446,936380
2018-02-23,133.000000,135.000000,131.000000,132.000000,128.437424,795000
2018-02-26,132.500000,137.000000,132.500000,133.500000,129.896942,881045
2018-02-27,135.500000,136.500000,133.500000,134.000000,130.383453,414001
2018-03-01,133.000000,134.000000,131.000000,131.500000,127.950928,302037
2018-03-02,131.000000,132.000000,130.500000,132.000000,128.437424,295100
2018-03-05,133.500000,133.500000,129.000000,132.000000,128.437424,410052
2018-03-06,133.000000,144.000000,131.000000,140.000000,136.221527,1891251
2018-03-07,138.000000,142.500000,134.500000,134.500000,130.869965,1255430
2018-03-08,136.500000,142.000000,136.500000,141.000000,137.194534,1447050
2018-03-09,142.500000,145.000000,140.500000,143.000000,139.140549,1525040
2018-03-12,145.000000,147.000000,139.500000,140.000000,136.221527,1348390
2018-03-13,141.500000,143.500000,141.000000,141.000000,137.194534,613250
2018-03-14,143.000000,144.500000,140.500000,142.500000,138.654053,616100
2018-03-15,144.500000,155.500000,144.000000,151.500000,147.411133,5384439
2018-03-16,150.500000,152.000000,145.500000,147.000000,143.032593,1718500
2018-03-19,146.000000,147.000000,140.500000,141.000000,137.194534,1593050
2018-03-20,141.500000,145.000000,139.000000,144.500000,140.600067,935001
2018-03-21,143.500000,150.500000,143.500000,146.000000,142.059601,1593210
2018-03-22,146.000000,149.000000,141.000000,141.500000,137.681030,1046137
2018-03-23,133.000000,139.000000,133.000000,139.000000,135.248505,1067050
2018-03-26,139.000000,142.000000,136.000000,142.000000,138.167557,1078000
2018-03-27,143.000000,153.000000,142.500000,147.500000,143.519104,2716110
2018-03-28,146.500000,150.500000,145.000000,150.000000,145.951630,1928100
2018-03-29,151.000000,153.500000,147.000000,148.000000,144.005615,1438210
2018-03-30,149.000000,150.000000,146.000000,146.000000,142.059601,926100
2018-04-02,150.000000,151.500000,146.500000,147.000000,143.032593,993100
2018-04-03,144.500000,150.000000,144.500000,150.000000,145.951630,856031
2018-04-09,148.500000,151.500000,147.000000,150.000000,145.951630,1076000
2018-04-10,151.500000,165.000000,150.500000,165.000000,160.546783,6003649
2018-04-11,165.000000,165.000000,155.500000,157.500000,153.249222,4158460
2018-04-12,157.500000,161.000000,155.500000,160.500000,156.168243,1272000
2018-04-13,161.500000,171.000000,160.500000,167.500000,162.979324,4592331
2018-04-16,172.000000,172.000000,165.000000,165.000000,160.546783,1156281
2018-04-17,166.000000,166.000000,159.000000,163.000000,158.600769,911200
2018-04-18,165.500000,171.000000,163.000000,163.500000,159.087280,1568912
2018-04-19,161.500000,166.500000,160.500000,160.500000,156.168243,721441
2018-04-20,159.000000,161.000000,156.000000,157.000000,152.762695,773100
2018-04-23,157.000000,158.000000,148.000000,148.500000,144.492111,1739113
2018-04-24,147.000000,149.500000,139.000000,149.500000,145.465118,1567350
2018-04-25,146.500000,150.000000,143.000000,149.500000,145.465118,914100
2018-04-26,152.500000,153.500000,140.500000,145.000000,141.086578,1118450
2018-04-27,145.500000,151.000000,144.000000,149.000000,144.978622,628100
2018-04-30,148.000000,149.000000,143.500000,146.000000,142.059601,804300
2018-05-02,146.000000,149.500000,145.500000,147.500000,143.519104,480000
2018-05-03,146.000000,149.500000,133.500000,138.000000,134.275497,1986636
2018-05-04,137.500000,141.000000,135.000000,138.000000,134.275497,654070
2018-05-07,141.000000,141.000000,136.500000,138.000000,134.275497,357000
2018-05-08,138.000000,151.000000,137.500000,149.500000,145.465118,1704201
2018-05-09,147.500000,148.500000,142.000000,145.000000,141.086578,1310088
2018-05-10,146.500000,149.000000,141.000000,141.500000,137.681030,947100
2018-05-11,134.000000,145.500000,134.000000,142.500000,138.654053,1972701
2018-05-14,138.000000,152.000000,138.000000,150.000000,145.951630,1887385
2018-05-15,150.000000,152.500000,146.000000,150.500000,146.438141,1019438
2018-05-16,150.000000,151.000000,148.000000,148.500000,144.492111,343130
2018-05-17,151.000000,155.000000,148.500000,148.500000,144.492111,812060
2018-05-18,150.500000,163.000000,146.500000,160.000000,155.681747,2672900
2018-05-21,160.000000,171.500000,157.000000,162.500000,158.114258,3835033
2018-05-22,165.500000,172.500000,164.000000,167.000000,162.492813,3276020
2018-05-23,167.000000,172.000000,162.000000,172.000000,167.357864,1641259
2018-05-24,174.000000,176.000000,166.500000,170.500000,165.898346,1860740
2018-05-25,170.000000,172.000000,167.500000,167.500000,162.979324,705920
2018-05-28,169.500000,170.000000,164.500000,164.500000,160.060287,854139
2018-05-29,166.000000,170.000000,163.500000,165.500000,161.033310,814942
2018-05-30,161.000000,162.500000,158.500000,161.500000,157.141266,942193
2018-05-31,163.000000,165.000000,159.000000,159.000000,154.708725,445132
2018-06-01,159.500000,165.000000,159.500000,164.000000,159.573792,379000
2018-06-04,166.000000,169.500000,166.000000,168.500000,163.952332,655013
2018-06-05,169.500000,170.500000,163.500000,164.000000,159.573792,495015
2018-06-06,164.000000,166.500000,163.000000,163.000000,158.600769,502041
2018-06-07,163.000000,165.500000,160.000000,161.000000,156.654739,797260
2018-06-08,162.000000,163.000000,156.000000,160.000000,155.681747,919660
2018-06-11,161.000000,163.000000,160.000000,162.500000,158.114258,484300
2018-06-12,162.500000,165.000000,158.500000,160.000000,155.681747,506129
2018-06-13,160.000000,161.000000,156.000000,158.000000,153.735718,362531
2018-06-14,160.000000,169.500000,158.500000,167.000000,162.492813,1938851
2018-06-15,165.000000,166.000000,161.500000,166.000000,161.519806,924005
2018-06-19,169.000000,173.500000,165.000000,165.000000,160.546783,1725150
2018-06-20,163.500000,163.500000,155.000000,160.500000,156.168243,1432020
2018-06-21,159.500000,160.500000,155.000000,155.500000,151.303192,610000
2018-06-22,155.000000,155.000000,145.000000,150.000000,145.951630,1242100
2018-06-25,150.000000,150.000000,147.500000,150.000000,145.951630,277035
2018-06-26,147.000000,151.000000,145.000000,150.000000,145.951630,498100
2018-06-27,150.000000,156.500000,150.000000,150.000000,145.951630,617100
2018-06-28,149.500000,153.000000,149.000000,150.500000,146.438141,257100
2018-06-29,152.000000,157.000000,151.500000,154.500000,150.330185,509249
2018-07-02,156.000000,156.500000,151.500000,151.500000,147.411133,310000
2018-07-03,154.000000,154.500000,150.500000,150.500000,146.438141,286100
2018-07-04,151.000000,151.500000,145.000000,151.000000,146.924637,491220
2018-07-05,154.500000,154.500000,145.000000,149.000000,144.978622,568100
2018-07-06,151.500000,159.000000,151.500000,155.000000,150.816681,1209087
2018-07-09,159.000000,159.000000,151.500000,153.000000,148.870667,498100
2018-07-10,156.000000,156.000000,152.000000,152.500000,148.384155,371003
2018-07-11,151.500000,158.500000,151.000000,156.500000,152.276199,695100
2018-07-12,156.500000,156.500000,151.000000,151.000000,146.924637,595000
2018-07-13,152.500000,154.500000,148.000000,150.000000,145.951630,600100
2018-07-16,150.000000,150.500000,148.000000,149.500000,145.465118,316000
2018-07-17,147.500000,152.000000,147.500000,149.000000,145.895966,367200
2018-07-18,149.000000,150.500000,145.000000,145.000000,141.979294,530100
2018-07-19,146.000000,146.500000,140.000000,143.500000,140.510544,670000
2018-07-20,145.000000,145.500000,140.000000,142.000000,139.041794,474000
2018-07-23,140.000000,142.000000,137.000000,140.000000,137.083450,384000
2018-07-24,141.000000,141.000000,136.500000,138.000000,135.125122,224090
2018-07-25,138.500000,147.000000,138.500000,140.500000,137.573044,912200
2018-07-26,141.000000,146.000000,141.000000,144.000000,141.000122,547005
2018-07-27,144.000000,147.500000,143.000000,145.500000,142.468872,526006
2018-07-30,146.000000,149.000000,144.500000,144.500000,141.489700,344100
2018-07-31,145.000000,147.000000,143.500000,144.500000,141.489700,196100
2018-08-01,145.500000,147.500000,142.000000,143.500000,140.510544,265100
2018-08-02,144.500000,145.000000,140.500000,144.000000,141.000122,249170
2018-08-03,145.000000,145.500000,139.000000,140.500000,137.573044,503051
2018-08-06,141.500000,143.000000,139.500000,139.500000,136.593872,409031
2018-08-07,142.000000,142.500000,137.500000,138.500000,135.614700,478169
2018-08-08,139.500000,144.500000,138.000000,138.000000,135.125122,1134200
2018-08-09,138.000000,140.000000,124.500000,124.500000,121.906357,2503110
2018-08-10,121.500000,124.500000,119.500000,121.500000,118.968857,1278191
2018-08-13,122.500000,122.500000,109.500000,109.500000,107.218842,1320064
2018-08-14,108.000000,108.500000,98.599998,99.599998,97.525085,3992010
2018-08-15,101.000000,103.500000,99.099998,99.699997,97.623001,1517798
2018-08-16,102.000000,105.500000,100.500000,101.500000,99.385506,1857300
2018-08-17,103.000000,104.000000,100.500000,103.500000,101.343842,1228000
2018-08-20,103.000000,105.000000,99.800003,102.000000,99.875084,764002
2018-08-21,103.000000,109.500000,101.500000,109.500000,107.218842,1609110
2018-08-22,108.500000,120.000000,107.000000,117.500000,115.052185,2412326
2018-08-23,116.000000,123.500000,115.000000,123.000000,120.437607,1756345
2018-08-24,122.000000,124.000000,113.500000,120.000000,117.500099,2247226
2018-08-27,122.000000,122.500000,117.500000,118.000000,115.541771,1570210
2018-08-28,120.000000,123.500000,118.500000,122.500000,119.948021,1238209
2018-08-29,120.500000,125.500000,117.000000,124.000000,121.416771,1599550
2018-08-30,123.500000,128.000000,119.000000,119.500000,117.010521,1507150
2018-08-31,119.000000,122.000000,117.500000,119.500000,117.010521,1157270
2018-09-03,120.500000,122.000000,117.500000,118.000000,115.541771,617069
2018-09-04,119.000000,125.500000,118.500000,124.000000,121.416771,1374310
2018-09-05,120.500000,121.500000,118.500000,120.000000,117.500099,1168179
2018-09-06,118.500000,122.500000,117.500000,121.500000,118.968857,731217
2018-09-07,121.000000,121.000000,115.000000,115.000000,112.604263,1002010
2018-09-10,115.000000,115.000000,103.500000,103.500000,101.343842,1687350
2018-09-11,103.500000,103.500000,93.199997,93.199997,91.258408,3947517
2018-09-12,93.199997,93.199997,84.000000,85.400002,83.620911,3457602
2018-09-13,89.099998,90.099998,84.099998,84.199997,82.445900,2356507
2018-09-14,85.300003,89.800003,84.699997,89.500000,87.635490,1656878
2018-09-17,87.800003,91.699997,86.099998,90.300003,88.418831,1177117
2018-09-18,88.699997,89.500000,86.599998,88.000000,86.166740,805150
2018-09-19,89.000000,90.800003,87.900002,88.099998,86.264656,587000
2018-09-20,88.199997,89.400002,83.599998,86.800003,84.991745,1517000
2018-09-21,86.800003,90.300003,86.800003,88.699997,86.852158,722000
2018-09-25,88.699997,93.199997,88.699997,92.000000,90.083412,823040
2018-09-26,91.099998,92.599998,90.500000,90.599998,88.712578,394003
2018-09-27,90.900002,92.800003,90.000000,92.800003,90.866753,527128
2018-09-28,93.599998,102.000000,92.400002,97.099998,95.077164,2937201
2018-10-01,96.199997,98.900002,95.699997,97.500000,95.468834,959282
2018-10-02,99.900002,99.900002,96.599998,96.599998,94.587578,750500
2018-10-03,97.400002,97.400002,92.400002,92.500000,90.572998,720298
2018-10-04,91.099998,93.800003,90.800003,91.599998,89.691742,504000
2018-10-05,90.599998,90.699997,82.699997,85.000000,83.229240,1506130
2018-10-08,83.300003,86.699997,76.500000,76.500000,74.906319,3001163
2018-10-09,77.300003,78.300003,73.699997,76.599998,75.004234,1658250
2018-10-11,70.000000,70.599998,69.000000,69.000000,67.562561,1328153
2018-10-12,67.300003,70.500000,65.300003,67.500000,66.093811,2237351
2018-10-15,66.000000,71.000000,64.000000,68.199997,66.779221,1284350
2018-10-16,69.599998,70.500000,66.699997,67.000000,65.604225,1327021
2018-10-17,68.699997,70.400002,65.900002,66.599998,65.212555,1269500
2018-10-18,67.000000,67.599998,65.300003,67.400002,65.995895,712100
2018-10-19,66.099998,66.300003,61.400002,61.799999,60.512550,1646153
2018-10-22,61.700001,65.099998,60.099998,64.500000,63.156303,1896003
2018-10-23,63.200001,65.300003,58.099998,58.099998,56.889633,2632708
2018-10-24,57.900002,60.000000,56.400002,57.599998,56.400047,2486114
2018-10-25,54.700001,54.700001,51.900002,52.500000,51.406296,2878024
2018-10-26,55.700001,57.700001,55.099998,57.700001,56.497967,2967007
2018-10-29,57.700001,58.700001,53.799999,54.299999,53.168797,3701309
2018-10-30,53.599998,57.000000,53.599998,55.900002,54.735466,1562400
2018-10-31,56.900002,61.099998,56.599998,60.000000,58.750050,1845500
2018-11-01,60.000000,63.299999,59.099998,61.599998,60.316719,1158747
2018-11-02,62.500000,64.000000,60.599998,63.000000,61.687553,1447281
2018-11-05,68.500000,69.300003,67.099998,69.300003,67.856316,4710161
2018-11-06,69.599998,69.800003,62.400002,62.400002,61.100056,4175450
2018-11-07,61.500000,63.299999,59.799999,62.500000,61.197971,2532800
2018-11-08,64.400002,64.400002,60.200001,60.200001,58.945885,1685200
2018-11-09,60.400002,61.099998,56.599998,58.400002,57.183384,1995200
2018-11-12,57.400002,59.700001,56.099998,56.700001,55.518799,1830002
2018-11-13,53.900002,57.700001,52.500000,57.700001,56.497967,2212821
2018-11-14,58.799999,59.099998,55.200001,57.599998,56.400047,2300300
2018-11-15,59.000000,63.299999,57.799999,63.299999,61.981304,2944177
2018-11-16,65.000000,66.000000,60.900002,61.000000,59.729218,12306832
2018-11-19,61.000000,64.500000,59.000000,64.400002,63.058392,5454301
2018-11-20,62.700001,64.400002,61.799999,62.299999,61.002136,2521300
2018-11-21,61.599998,63.500000,61.000000,62.099998,60.806301,2680600
2018-11-22,62.299999,65.599998,60.599998,60.599998,59.337551,5841222
2018-11-23,61.000000,61.799999,59.400002,59.599998,58.358383,1645100
2018-11-26,60.500000,61.299999,59.599998,60.400002,59.141720,833620
2018-11-27,61.299999,64.500000,60.599998,64.099998,62.764637,3236472
2018-11-28,67.500000,70.500000,66.300003,70.500000,69.031311,6701234
2018-11-29,71.000000,72.900002,69.699997,70.300003,68.835480,9646483
2018-11-30,71.000000,73.500000,70.800003,71.400002,69.912560,3383000
2018-12-03,74.599998,78.199997,73.699997,78.199997,76.570900,4619889
2018-12-04,78.199997,78.500000,76.000000,76.500000,74.906319,3000821
2018-12-05,72.500000,75.900002,71.599998,73.099998,71.577141,2491802
2018-12-06,73.099998,74.599998,66.500000,68.500000,67.072975,3028200
2018-12-07,70.500000,74.000000,70.000000,73.199997,71.675056,2840680
2018-12-10,70.900002,72.400002,68.599998,69.500000,68.052139,1804202
2018-12-11,70.300003,73.800003,70.300003,72.400002,70.891731,2705832
2018-12-12,73.400002,76.900002,73.400002,76.199997,74.612564,3188861
2018-12-13,76.699997,82.400002,75.000000,78.400002,76.766739,7460509
2018-12-14,78.400002,80.599998,77.500000,79.300003,77.647987,3766350
2018-12-17,80.099998,81.500000,78.300003,79.500000,77.843819,2582180
2018-12-18,79.300003,80.400002,74.199997,76.400002,74.808403,2666414
2018-12-19,77.900002,79.699997,76.800003,77.099998,75.493813,2542103
2018-12-20,76.000000,78.000000,74.099998,75.500000,73.927147,1834600
2018-12-21,76.400002,78.300003,74.599998,76.599998,75.004234,2503200
2018-12-24,77.000000,79.800003,76.599998,78.699997,77.060478,3300293
2018-12-25,76.599998,77.699997,75.500000,77.699997,76.081314,2073000
2018-12-26,79.599998,82.800003,75.599998,75.599998,74.025063,5021554
2018-12-27,78.599998,80.599998,77.199997,80.500000,78.822983,3239750
2018-12-28,81.000000,81.800003,78.500000,79.000000,77.354233,2511329
2019-01-02,80.400002,80.500000,78.099998,80.500000,78.822983,1595206
2019-01-03,81.000000,84.400002,80.900002,80.900002,79.214653,6781544
2019-01-04,79.199997,79.800003,76.199997,79.699997,78.039650,3444100
2019-01-07,81.300003,82.300003,78.900002,79.400002,77.745903,2065400
2019-01-08,80.000000,80.900002,78.699997,80.000000,78.333405,1062252
2019-01-09,82.199997,85.599998,80.599998,80.800003,79.116737,4355105
2019-01-10,80.800003,82.199997,80.300003,81.199997,79.508400,1078170
2019-01-11,81.800003,82.400002,80.699997,80.699997,79.018814,760200
2019-01-14,80.500000,81.400002,78.199997,78.900002,77.256317,1347277
2019-01-15,78.500000,80.099998,78.500000,78.500000,76.864647,950116
2019-01-16,79.000000,80.500000,78.800003,79.699997,78.039650,794100
2019-01-17,80.099998,81.300003,79.000000,79.099998,77.452148,1009000
2019-01-18,79.400002,80.900002,79.099998,79.599998,77.941734,741096
2019-01-21,80.000000,81.400002,79.900002,81.300003,79.606323,1270200
2019-01-22,80.900002,82.000000,79.900002,81.300003,79.606323,912140
2019-01-23,81.300003,82.099998,80.599998,81.000000,79.312569,894054
2019-01-24,82.800003,85.099998,82.099998,82.599998,80.879234,4244661
2019-01-25,83.500000,85.000000,82.000000,85.000000,83.229240,1597503
2019-01-28,86.500000,87.500000,83.800003,83.900002,82.152153,2422525
2019-01-29,83.099998,84.500000,83.000000,84.300003,82.543823,636100
2019-01-30,85.099998,85.199997,83.500000,83.500000,81.760490,701082
2019-02-11,84.500000,86.000000,83.099998,86.000000,84.208405,862260
2019-02-12,88.800003,90.800003,87.000000,87.500000,85.677155,3111112
2019-02-13,88.500000,89.400002,86.400002,87.199997,85.383408,1429448
2019-02-14,88.000000,89.000000,87.000000,87.300003,85.481331,1151100
2019-02-15,87.900002,88.300003,85.000000,85.599998,83.816742,1054123
2019-02-18,86.500000,86.599998,84.500000,85.000000,83.229240,1025600
2019-02-19,85.599998,87.000000,85.400002,85.900002,84.110489,796134
2019-02-20,87.000000,88.699997,86.300003,88.400002,86.558411,1302414
2019-02-21,89.099998,90.099998,87.599998,88.199997,86.362572,1644200
2019-02-22,87.699997,88.599998,86.199997,86.599998,84.795906,1078020
2019-02-25,87.199997,90.500000,86.199997,90.000000,88.125076,2259146
2019-02-26,92.800003,94.500000,90.400002,91.000000,89.104248,3837360
2019-02-27,90.800003,91.300003,89.099998,90.800003,88.908417,842258
2019-03-04,91.199997,91.400002,89.900002,90.000000,88.125076,790205
2019-03-05,89.500000,90.599998,89.300003,90.000000,88.125076,504052
2019-03-06,90.599998,98.199997,90.000000,95.900002,93.902168,3948696
2019-03-07,96.599998,99.599998,95.400002,97.500000,95.468834,4267660
2019-03-08,97.000000,97.000000,95.099998,96.000000,94.000084,1090701
2019-03-11,94.000000,99.800003,94.000000,98.599998,96.545914,1716453
2019-03-12,99.500000,102.500000,98.000000,98.099998,96.056335,2459615
2019-03-13,98.699997,101.500000,98.300003,98.699997,96.643829,1109103
2019-03-14,100.000000,108.000000,100.000000,106.000000,103.791756,5605967
2019-03-15,107.000000,111.500000,105.000000,109.000000,106.729263,4342199
2019-03-18,109.500000,112.500000,108.500000,112.500000,110.156349,2589142
2019-03-19,115.500000,120.500000,112.000000,115.500000,113.093849,5466425
2019-03-20,116.000000,116.000000,111.000000,111.500000,109.177177,2242335
2019-03-21,112.000000,114.000000,111.500000,113.500000,111.135513,1502768
2019-03-22,114.500000,115.000000,111.000000,115.000000,112.604263,1052348
2019-03-25,114.000000,114.000000,108.500000,110.000000,107.708427,2309927
2019-03-26,111.500000,115.500000,111.500000,112.000000,109.666763,2573700
2019-03-27,113.000000,116.000000,112.500000,113.500000,111.135513,1691530
2019-03-28,114.000000,114.500000,110.500000,112.000000,109.666763,918295
2019-03-29,113.000000,117.000000,111.000000,117.000000,114.562599,2149233
2019-04-01,119.500000,121.500000,115.500000,115.500000,113.093849,3196807
2019-04-02,116.500000,126.500000,115.000000,121.000000,118.479271,4712374
2019-04-03,121.500000,125.500000,119.000000,125.500000,122.885521,3265548
2019-04-08,133.000000,138.000000,128.500000,138.000000,135.125122,9546730
2019-04-09,138.500000,140.000000,135.000000,140.000000,137.083450,3697639
2019-04-10,139.000000,139.000000,134.000000,137.500000,134.635529,2693371
2019-04-11,140.000000,141.000000,129.000000,129.000000,126.312607,5399621
2019-04-12,130.000000,133.000000,129.000000,129.000000,126.312607,2404530
2019-04-15,132.500000,132.500000,128.000000,129.500000,126.802193,1585361
2019-04-16,131.000000,135.000000,128.000000,135.000000,132.187622,2864440
2019-04-17,135.500000,136.000000,129.500000,130.000000,127.291779,2609557
2019-04-18,131.500000,136.000000,129.500000,131.000000,128.270950,3200061
2019-04-19,134.000000,134.000000,127.000000,127.500000,124.843857,1864516
2019-04-22,128.000000,131.000000,127.500000,130.000000,127.291779,1036500
2019-04-23,132.000000,132.000000,126.500000,128.500000,125.823029,840200
2019-04-24,129.500000,130.000000,126.000000,128.500000,125.823029,767100
2019-04-25,129.000000,133.500000,127.500000,129.000000,126.312607,1974191
2019-04-26,128.000000,128.000000,116.500000,116.500000,114.073013,4734320
2019-04-29,113.000000,114.000000,108.000000,110.000000,107.708427,4007764
2019-04-30,111.000000,114.000000,109.000000,113.500000,111.135513,1572224
2019-05-02,112.000000,117.000000,111.500000,116.500000,114.073013,1130201
2019-05-03,117.000000,121.000000,115.500000,120.500000,117.989685,1769220
2019-05-06,116.000000,116.000000,109.000000,112.000000,109.666763,2037095
2019-05-07,113.500000,116.000000,112.500000,114.000000,111.625099,816217
2019-05-08,110.000000,118.000000,109.000000,118.000000,115.541771,831214
2019-05-09,118.000000,120.000000,107.000000,108.000000,105.750092,2943314
2019-05-10,108.500000,112.000000,103.000000,106.000000,103.791756,2580187
2019-05-13,100.500000,102.000000,95.400002,95.400002,93.412582,4263685
2019-05-14,91.000000,94.900002,90.900002,93.300003,91.356331,1997596
2019-05-15,95.099998,99.699997,95.000000,96.599998,94.587578,2520154
2019-05-16,96.400002,98.900002,94.000000,95.000000,93.020912,1308240
2019-05-17,95.800003,97.400002,89.599998,90.800003,88.908417,1637187
2019-05-20,91.300003,94.300003,90.199997,94.099998,92.139664,1504153
2019-05-21,93.099998,96.699997,92.500000,96.099998,94.098000,891050
2019-05-22,96.199997,97.199997,91.599998,91.900002,89.985497,1302020
2019-05-23,89.300003,90.599998,86.599998,89.099998,87.243828,1883040
2019-05-24,89.599998,92.599998,89.000000,89.300003,87.439659,719256
2019-05-27,90.000000,90.400002,87.199997,90.099998,88.222992,717000
2019-05-28,90.099998,91.699997,89.500000,91.699997,89.789658,482660
2019-05-29,89.599998,92.000000,89.599998,90.500000,88.614662,488260
2019-05-30,90.800003,93.900002,90.800003,93.400002,91.454247,1151154
2019-05-31,92.500000,95.599998,92.500000,94.500000,92.531334,925183
2019-06-03,94.000000,94.000000,88.199997,88.500000,86.656326,1846100
2019-06-04,88.199997,90.400002,88.099998,88.599998,86.754242,825410
2019-06-05,90.599998,90.900002,87.500000,87.699997,85.872986,829623
2019-06-06,88.599998,90.099998,88.199997,89.800003,87.929245,790700
2019-06-10,92.800003,97.000000,91.599998,96.300003,94.293839,2451224
2019-06-11,97.199997,100.000000,95.199997,97.199997,95.175079,2033110
2019-06-12,98.000000,99.000000,96.300003,96.300003,94.293839,805240
2019-06-13,96.300003,97.199997,95.300003,96.699997,94.685493,618050
2019-06-14,98.199997,99.199997,95.000000,95.000000,93.020912,1404250
2019-06-17,95.000000,96.400002,95.000000,96.199997,94.195915,421102
2019-06-18,97.000000,97.000000,95.199997,95.900002,93.902168,320281
2019-06-19,97.699997,98.500000,96.900002,97.199997,95.175079,967481
2019-06-20,98.000000,104.000000,97.500000,103.500000,101.343842,2425221
2019-06-21,104.500000,105.000000,100.500000,101.500000,99.385506,1869150
2019-06-24,102.000000,107.500000,101.000000,105.000000,102.812592,2249431
2019-06-25,106.000000,107.000000,102.000000,103.500000,101.343842,1906110
2019-06-26,103.000000,105.000000,102.500000,104.000000,101.833420,617200
2019-06-27,105.000000,106.500000,104.500000,105.000000,102.812592,1016391
2019-06-28,106.000000,106.000000,102.000000,103.000000,100.854256,961300
2019-07-01,107.000000,107.500000,104.500000,105.500000,103.302170,1702304
2019-07-02,105.500000,107.500000,104.500000,106.000000,103.791756,929056
2019-07-03,106.500000,107.500000,101.000000,101.500000,99.385506,1380000
2019-07-04,101.500000,103.000000,99.199997,100.500000,98.406334,1729339
2019-07-05,101.000000,102.000000,100.000000,102.000000,99.875084,473795
2019-07-08,99.000000,107.500000,98.699997,105.000000,102.812592,2937400
2019-07-09,104.000000,105.000000,103.500000,104.000000,101.833420,561100
2019-07-10,105.500000,107.000000,105.000000,106.000000,103.791756,768260
2019-07-11,107.500000,108.500000,105.500000,107.000000,104.770927,1176098
2019-07-12,109.500000,116.000000,109.000000,111.500000,109.177177,4069288
2019-07-15,113.000000,113.000000,110.500000,111.000000,108.687592,1124100
2019-07-16,112.000000,112.500000,110.500000,112.000000,109.666763,577012
2019-07-17,113.000000,113.000000,110.000000,112.000000,109.666763,1101337
2019-07-18,110.000000,110.500000,106.000000,106.000000,106.000000,1038133
2019-07-19,108.000000,108.000000,106.500000,106.500000,106.500000,422500
2019-07-22,107.000000,112.500000,106.500000,111.000000,111.000000,1335721
2019-07-23,112.000000,114.500000,110.000000,110.500000,110.500000,1617230
2019-07-24,112.000000,115.000000,110.500000,114.500000,114.500000,1199250
2019-07-25,119.000000,120.000000,115.000000,115.000000,115.000000,3681607
2019-07-26,115.000000,116.500000,114.500000,115.000000,115.000000,701075
2019-07-29,115.000000,116.000000,111.500000,112.500000,112.500000,1124100
2019-07-30,114.000000,114.000000,108.000000,109.000000,109.000000,875500
2019-07-31,109.000000,111.500000,108.000000,111.000000,111.000000,481200
2019-08-01,109.500000,111.500000,108.500000,109.500000,109.500000,434050
2019-08-02,108.000000,108.000000,102.000000,105.000000,105.000000,1465319
2019-08-05,103.000000,104.000000,99.900002,100.500000,100.500000,1080005
2019-08-06,95.500000,101.500000,94.900002,101.000000,101.000000,1534064
2019-08-07,102.000000,102.500000,100.000000,100.000000,100.000000,832100
2019-08-08,100.500000,102.500000,100.500000,102.500000,102.500000,522150
2019-08-12,102.500000,104.000000,102.000000,102.500000,102.500000,567000
2019-08-13,104.000000,108.000000,104.000000,104.000000,104.000000,2551180
2019-08-14,106.000000,107.000000,104.000000,104.500000,104.500000,814210
2019-08-15,101.000000,104.000000,101.000000,103.000000,103.000000,532000
2019-08-16,103.500000,107.000000,103.000000,105.500000,105.500000,786070
2019-08-19,107.000000,108.500000,105.500000,108.000000,108.000000,928140
2019-08-20,109.000000,109.000000,106.000000,108.500000,108.500000,656348
2019-08-21,112.000000,116.500000,110.000000,110.500000,110.500000,4878557
2019-08-22,112.000000,114.000000,110.000000,110.000000,110.000000,1942100
2019-08-23,111.500000,113.500000,110.000000,110.500000,110.500000,1389201
2019-08-26,106.500000,108.500000,104.000000,104.000000,104.000000,1309001
2019-08-27,106.000000,107.500000,105.500000,106.500000,106.500000,734105
2019-08-28,107.000000,108.000000,105.000000,105.000000,105.000000,871000
2019-08-29,106.500000,115.000000,106.500000,114.500000,114.500000,4585605
2019-08-30,113.500000,115.000000,111.000000,112.500000,112.500000,2579706
2019-09-02,113.000000,119.500000,112.500000,117.500000,117.500000,5089996
2019-09-03,118.500000,120.500000,117.000000,118.500000,118.500000,6085310
2019-09-04,119.000000,121.000000,117.000000,121.000000,121.000000,2657088
2019-09-05,122.500000,124.000000,119.500000,121.000000,121.000000,3986250
2019-09-06,121.000000,122.000000,119.000000,122.000000,122.000000,2112324
2019-09-10,115.000000,116.000000,113.500000,114.000000,114.000000,1130150
2019-09-11,114.500000,115.500000,114.000000,115.000000,115.000000,538100
2019-09-12,116.500000,116.500000,114.000000,115.000000,115.000000,662130
2019-09-16,115.000000,115.500000,110.000000,112.000000,112.000000,1107237
2019-09-17,114.000000,117.000000,112.500000,115.500000,115.500000,2100646
2019-09-18,116.500000,120.500000,116.500000,119.500000,119.500000,4452306
2019-09-19,121.500000,127.500000,121.500000,125.000000,125.000000,9206971
2019-09-20,126.000000,126.500000,123.000000,123.500000,123.500000,2806400
2019-09-23,124.500000,129.000000,124.000000,126.500000,126.500000,5866566
2019-09-24,126.500000,128.500000,124.500000,125.500000,125.500000,2743480
2019-09-25,124.500000,127.500000,123.500000,125.500000,125.500000,1912410
2019-09-26,126.500000,127.000000,124.500000,125.000000,125.000000,1326374
2019-09-27,126.500000,134.500000,117.500000,117.500000,117.500000,10911240
2019-10-01,117.500000,120.500000,116.500000,119.000000,119.000000,2423500
2019-10-02,118.000000,122.000000,116.000000,121.500000,121.500000,1548030
2019-10-03,119.000000,124.500000,118.000000,124.000000,124.000000,1419290
2019-10-04,125.000000,132.000000,123.000000,130.000000,130.000000,5019332
2019-10-07,133.500000,140.000000,130.000000,136.000000,136.000000,9942780
2019-10-08,135.000000,143.000000,134.500000,142.000000,142.000000,9646662
2019-10-09,141.500000,148.000000,138.000000,148.000000,148.000000,8771290
2019-10-14,153.000000,153.500000,147.000000,151.000000,151.000000,4922332
2019-10-15,150.000000,153.000000,147.000000,148.000000,148.000000,2951006
2019-10-16,150.500000,156.000000,148.000000,156.000000,156.000000,4731177
2019-10-17,156.000000,156.000000,146.000000,156.000000,156.000000,7025083
2019-10-18,155.000000,159.500000,153.000000,157.000000,157.000000,5053594
2019-10-21,156.500000,161.000000,152.500000,159.500000,159.500000,4511146
2019-10-22,159.500000,162.000000,156.000000,156.000000,156.000000,3189409
2019-10-23,156.000000,158.500000,152.500000,156.000000,156.000000,3343058
2019-10-24,156.500000,171.500000,155.500000,171.000000,171.000000,8924049
2019-10-25,173.500000,180.500000,173.000000,175.500000,175.500000,7971994
2019-10-28,175.000000,182.500000,172.500000,174.000000,174.000000,4172067
2019-10-29,176.000000,178.500000,166.500000,169.500000,169.500000,3158828
2019-10-30,172.000000,175.500000,170.000000,175.500000,175.500000,2084767
2019-10-31,177.000000,178.500000,167.500000,170.000000,170.000000,4134830
2019-11-01,171.000000,176.000000,169.500000,175.000000,175.000000,2042586
2019-11-04,177.000000,177.000000,172.500000,172.500000,172.500000,1468153
2019-11-05,173.000000,175.000000,166.500000,170.500000,170.500000,2470330
2019-11-06,170.500000,171.500000,167.500000,167.500000,167.500000,1515315
2019-11-07,167.500000,171.500000,164.000000,169.500000,169.500000,2255492
2019-11-08,171.000000,171.500000,154.500000,157.000000,157.000000,4095450
2019-11-11,157.500000,163.500000,151.000000,156.000000,156.000000,3993525
2019-11-12,158.500000,162.500000,150.500000,161.000000,161.000000,6278685
2019-11-13,159.000000,161.500000,153.000000,156.000000,156.000000,4408810
2019-11-14,154.000000,156.000000,149.000000,149.000000,149.000000,3870698
2019-11-15,151.000000,153.500000,145.500000,145.500000,145.500000,5469735
2019-11-18,147.000000,151.000000,146.000000,147.000000,147.000000,3966200
2019-11-19,147.500000,148.500000,142.500000,143.500000,143.500000,2594560
2019-11-20,143.500000,145.000000,140.500000,144.000000,144.000000,1911500
2019-11-21,142.500000,146.500000,140.000000,145.500000,145.500000,3123100
2019-11-22,145.500000,145.500000,141.500000,141.500000,141.500000,1619080
2019-11-25,142.500000,146.500000,142.500000,142.500000,142.500000,2163058
2019-11-26,144.500000,147.500000,144.000000,147.000000,147.000000,2963281
2019-11-27,150.500000,157.500000,148.000000,148.000000,148.000000,16090307
2019-11-28,148.000000,148.500000,143.000000,143.500000,143.500000,3650050
2019-11-29,143.500000,145.000000,132.000000,132.000000,132.000000,7058294
2019-12-02,130.500000,134.500000,126.500000,131.500000,131.500000,5385189
2019-12-03,130.500000,133.000000,129.500000,132.500000,132.500000,1672500
2019-12-04,131.500000,132.000000,127.500000,131.000000,131.000000,2247690
2019-12-05,132.000000,134.500000,131.500000,133.000000,133.000000,1967430
2019-12-06,134.000000,137.500000,132.500000,135.000000,135.000000,2338100
2019-12-09,135.000000,135.500000,132.000000,134.000000,134.000000,1238900
2019-12-10,134.500000,136.000000,132.500000,133.500000,133.500000,1482420
2019-12-11,134.000000,139.000000,133.000000,139.000000,139.000000,3662869
2019-12-12,139.000000,140.500000,137.500000,138.500000,138.500000,2788108
2019-12-13,139.500000,141.000000,134.500000,134.500000,134.500000,2301800
2019-12-16,134.000000,137.000000,134.000000,136.000000,136.000000,3100
2019-12-17,137.000000,140.500000,135.000000,139.500000,139.500000,2223728
2019-12-18,139.000000,139.000000,136.500000,136.500000,136.500000,1244409
2019-12-19,136.500000,137.500000,134.000000,134.500000,134.500000,960200
2019-12-20,135.000000,136.500000,133.500000,135.000000,135.000000,803230
2019-12-23,135.000000,135.500000,133.500000,133.500000,133.500000,434102
2019-12-24,133.500000,134.500000,129.000000,129.000000,129.000000,1341630
2019-12-25,128.500000,134.000000,128.000000,134.000000,134.000000,1445300
2019-12-26,133.500000,147.000000,133.500000,147.000000,147.000000,7273189
2019-12-27,148.500000,153.500000,146.000000,152.000000,152.000000,11660440
2019-12-30,154.000000,160.000000,151.500000,156.000000,156.000000,9704188
2019-12-31,158.000000,165.500000,157.500000,162.000000,162.000000,13472398
2020-01-02,162.000000,163.500000,158.000000,162.500000,162.500000,5117977
2020-01-03,166.000000,167.000000,155.500000,156.500000,156.500000,5414646
2020-01-06,157.500000,162.500000,156.000000,158.500000,158.500000,4995588
2020-01-07,162.000000,164.000000,150.000000,150.500000,150.500000,6389307
2020-01-08,147.000000,154.000000,147.000000,151.000000,151.000000,4045660
2020-01-09,153.000000,163.500000,152.000000,161.000000,161.000000,7724149
2020-01-10,161.000000,165.500000,158.500000,162.000000,162.000000,7623703
2020-01-13,164.500000,172.000000,162.000000,167.000000,167.000000,8784504
2020-01-14,167.000000,173.500000,165.500000,167.500000,167.500000,6926270
2020-01-15,168.000000,172.000000,164.000000,164.000000,164.000000,5535444
2020-01-16,163.500000,168.000000,161.500000,168.000000,168.000000,3679994
2020-01-17,170.000000,172.000000,159.500000,160.000000,160.000000,7070609
2020-01-20,162.000000,162.500000,157.000000,159.000000,159.000000,2790735
2020-01-30,145.000000,147.000000,143.500000,143.500000,143.500000,1891677
2020-01-31,140.500000,141.500000,130.000000,136.000000,136.000000,4796351
2020-02-03,127.000000,131.000000,125.000000,128.500000,128.500000,3665004
2020-02-04,134.000000,136.000000,134.000000,136.000000,136.000000,5396171
2020-02-05,136.000000,136.000000,130.500000,131.000000,131.000000,3207572
2020-02-06,132.500000,138.000000,132.000000,137.000000,137.000000,3899730
2020-02-07,135.000000,136.000000,130.000000,130.500000,130.500000,2845038
2020-02-10,125.500000,133.000000,125.500000,131.500000,131.500000,2056301
2020-02-11,132.500000,136.000000,132.500000,135.000000,135.000000,2154710
2020-02-12,135.000000,142.000000,134.500000,140.000000,140.000000,4300433
2020-02-13,140.500000,143.500000,138.000000,139.500000,139.500000,3174414
2020-02-14,140.000000,142.500000,139.000000,142.500000,142.500000,1451828
2020-02-17,139.500000,142.000000,139.000000,140.500000,140.500000,1145359
2020-02-18,140.500000,141.000000,136.000000,136.000000,136.000000,1843180
2020-02-19,137.000000,141.000000,136.500000,139.000000,139.000000,1735980
2020-02-20,141.500000,141.500000,138.000000,139.000000,139.000000,1683100
2020-02-21,139.000000,140.000000,135.000000,136.000000,136.000000,1603500
2020-02-24,131.000000,134.000000,131.000000,132.500000,132.500000,1364210
2020-02-25,129.500000,135.000000,129.500000,134.500000,134.500000,1625046
2020-02-26,132.000000,133.500000,130.500000,132.000000,132.000000,1231495
2020-02-27,134.000000,134.500000,125.500000,125.500000,125.500000,2087580
2020-03-02,121.000000,129.000000,121.000000,127.500000,127.500000,1327175
2020-03-03,132.000000,132.500000,129.000000,129.000000,129.000000,1396110
2020-03-04,129.000000,129.500000,124.500000,125.000000,125.000000,1422060
2020-03-05,128.000000,130.000000,124.500000,126.500000,126.500000,2130160
2020-03-06,125.000000,126.000000,123.000000,123.000000,123.000000,1475211
2020-03-09,117.500000,118.500000,112.000000,112.000000,112.000000,3671170
2020-03-10,112.000000,115.000000,106.000000,115.000000,115.000000,3391019
2020-03-11,117.500000,119.000000,110.500000,111.000000,111.000000,2157571
2020-03-12,108.500000,109.000000,99.900002,99.900002,99.900002,3168660
2020-03-13,90.099998,94.400002,90.000000,94.000000,94.000000,2251320
2020-03-16,94.599998,98.000000,86.300003,87.000000,87.000000,2134904
2020-03-17,80.099998,87.099998,79.199997,79.199997,79.199997,2243012
2020-03-18,81.699997,82.699997,78.000000,78.000000,78.000000,2030400
2020-03-19,76.400002,77.400002,70.199997,70.199997,70.199997,1639010
2020-03-20,72.000000,77.199997,71.699997,75.300003,75.300003,2419055
2020-03-23,70.699997,72.500000,68.900002,69.800003,69.800003,1234360
2020-03-24,73.500000,76.699997,73.500000,76.699997,76.699997,1147100
2020-03-25,84.300003,84.300003,83.000000,84.300003,84.300003,1098000
2020-03-26,87.000000,90.500000,84.599998,89.900002,89.900002,4276760
2020-03-27,92.500000,93.400002,86.099998,86.900002,86.900002,3736740
2020-03-30,84.000000,86.800003,81.599998,86.699997,86.699997,1908195
2020-03-31,88.500000,89.599998,85.900002,86.699997,86.699997,1419600
2020-04-01,86.000000,88.400002,85.300003,87.900002,87.900002,1091380