Date,Open,High,Low,Close,Adj Close,Volume
2014-12-30,160.000000,171.000000,73.680000,160.000000,157.756042,285990
2014-12-31,150.000000,162.009995,136.800003,150.000000,147.896286,173591
2015-01-05,145.500000,150.199997,133.419998,145.500000,143.459396,120064
2015-01-06,137.809998,145.000000,133.490005,137.809998,135.877258,34252
2015-01-07,140.000000,142.990005,139.000000,140.000000,138.036545,45083
2015-01-08,142.000000,146.839996,139.610001,142.000000,140.008484,42824
2015-01-09,141.500000,141.500000,141.000000,141.500000,139.515503,9100
2015-01-12,143.000000,143.000000,141.000000,143.000000,140.994461,7000
2015-01-13,143.500000,144.000000,142.000000,143.500000,141.487457,11610
2015-01-14,142.000000,143.990005,141.800003,142.000000,140.008484,12100
2015-01-15,141.000000,142.000000,140.000000,141.000000,139.022507,5400
2015-01-16,140.690002,142.399994,140.000000,140.690002,138.716873,3000
2015-01-19,142.500000,143.490005,141.500000,142.500000,140.501480,16001
2015-01-20,148.990005,150.490005,143.000000,148.990005,146.900467,73207
2015-01-21,141.509995,148.990005,141.009995,141.509995,139.525360,42203
2015-01-22,139.000000,140.389999,139.000000,139.000000,137.050568,20816
2015-01-23,140.300003,140.309998,140.300003,140.300003,138.332336,11000
2015-01-26,140.000000,144.000000,140.000000,140.000000,138.036545,14600
2015-01-27,141.490005,143.000000,140.100006,141.490005,139.505646,8358
2015-01-28,139.990005,140.000000,134.389999,139.990005,138.026672,4300
2015-01-29,139.559998,139.559998,139.559998,139.559998,137.602707,1000
2015-01-30,141.000000,141.000000,141.000000,141.000000,139.022507,3000
2015-02-02,141.000000,141.000000,141.000000,141.000000,139.022507,0
2015-02-03,141.000000,142.699997,140.500000,141.000000,139.022507,5050
2015-02-04,140.000000,141.000000,140.000000,140.000000,138.036545,18100
2015-02-05,140.770004,140.800003,140.000000,140.770004,138.795746,12250
2015-02-06,140.389999,140.429993,140.000000,140.389999,138.421082,7062
2015-02-09,140.160004,140.160004,140.000000,140.160004,138.194290,101
2015-02-10,139.800003,139.800003,138.550003,139.800003,137.839355,6232
2015-02-11,138.610001,140.000000,138.610001,138.610001,136.666031,10130
2015-02-12,138.610001,138.610001,138.610001,138.610001,136.666031,0
2015-02-13,138.610001,138.610001,138.610001,138.610001,136.666031,0
2015-02-24,135.110001,138.750000,135.110001,135.110001,133.215134,8050
2015-02-25,140.000000,140.500000,138.000000,140.000000,138.036545,26600
2015-02-26,141.289993,141.289993,140.490005,141.289993,139.308456,6000
2015-03-02,135.000000,141.399994,132.539993,135.000000,133.106674,29899
2015-03-03,139.000000,139.000000,139.000000,139.000000,137.050568,50
2015-03-04,139.000000,139.500000,139.000000,139.000000,137.050568,7000
2015-03-05,138.000000,139.500000,131.589996,138.000000,136.064590,13515
2015-03-06,141.490005,141.490005,133.009995,141.490005,139.505646,26059
2015-03-09,139.000000,139.000000,139.000000,139.000000,137.050568,1000
2015-03-10,141.490005,141.490005,141.490005,141.490005,139.505646,1000
2015-03-11,138.000000,140.490005,138.000000,138.000000,136.064590,4000
2015-03-12,138.000000,138.000000,138.000000,138.000000,136.064590,0
2015-03-13,140.000000,140.000000,140.000000,140.000000,138.036545,50
2015-03-16,132.919998,138.000000,132.919998,132.919998,131.055832,6000
2015-03-17,139.889999,139.889999,139.889999,139.889999,137.928085,50
2015-03-18,138.000000,139.889999,132.919998,138.000000,136.064590,13210
2015-03-19,132.919998,138.000000,132.919998,132.919998,131.055832,13000
2015-03-20,139.889999,139.889999,139.889999,139.889999,137.928085,50
2015-03-23,138.000000,139.889999,138.000000,138.000000,136.064590,4000
2015-03-24,137.009995,138.000000,137.009995,137.009995,135.088455,4000
2015-03-25,137.750000,138.500000,137.000000,137.750000,135.818100,7100
2015-03-26,137.000000,137.000000,136.009995,137.000000,135.078613,2000
2015-03-27,137.990005,137.990005,136.000000,137.990005,136.054733,5002
2015-03-30,138.000000,138.000000,138.000000,138.000000,136.064590,3000
2015-03-31,137.009995,138.000000,137.009995,137.009995,135.088455,3000
2015-04-01,138.000000,138.000000,138.000000,138.000000,136.064590,1000
2015-04-02,136.000000,136.000000,132.059998,136.000000,134.092651,11000
2015-04-07,132.059998,132.059998,132.059998,132.059998,130.207886,1030
2015-04-08,138.000000,138.000000,138.000000,138.000000,136.064590,50
2015-04-09,138.000000,138.000000,137.500000,138.000000,136.064590,11100
2015-04-10,137.000000,137.000000,137.000000,137.000000,135.078613,2000
2015-04-13,137.000000,137.000000,135.000000,137.000000,135.078613,7500
2015-04-14,137.000000,137.000000,136.000000,137.000000,135.078613,2300
2015-04-15,136.000000,137.000000,135.009995,136.000000,134.092651,4000
2015-04-16,138.000000,138.000000,138.000000,138.000000,136.064590,50
2015-04-17,138.000000,138.000000,138.000000,138.000000,136.064590,0
2015-04-20,135.500000,137.000000,135.009995,135.500000,133.599655,4200
2015-04-21,136.000000,136.000000,135.009995,136.000000,134.092651,5000
2015-04-22,137.990005,137.990005,137.990005,137.990005,136.054733,2
2015-04-23,138.000000,138.000000,137.990005,138.000000,136.064590,5000
2015-04-24,138.000000,138.000000,138.000000,138.000000,136.064590,0
2015-04-27,134.009995,138.389999,134.009995,134.009995,132.130539,4100
2015-04-28,135.500000,137.990005,135.500000,135.500000,133.599655,3100
2015-04-29,134.509995,134.509995,134.509995,134.509995,132.623535,1000
2015-04-30,135.009995,135.009995,134.500000,135.009995,133.116516,9050
2015-05-04,134.539993,134.539993,134.539993,134.539993,132.653122,2000
2015-05-05,134.539993,134.539993,134.539993,134.539993,132.653122,0
2015-05-06,134.539993,134.539993,134.539993,134.539993,132.653122,4000
2015-05-07,134.539993,134.539993,134.539993,134.539993,132.653122,0
2015-05-08,137.990005,137.990005,137.990005,137.990005,136.054733,20
2015-05-11,137.990005,137.990005,137.990005,137.990005,136.054733,0
2015-05-12,135.000000,135.000000,133.000000,135.000000,133.106674,3100
2015-05-13,137.000000,137.000000,137.000000,137.000000,135.078613,1000
2015-05-14,130.000000,133.000000,130.000000,130.000000,128.176788,8600
2015-05-15,135.089996,135.089996,135.089996,135.089996,133.195389,10
2015-05-18,135.089996,135.089996,135.089996,135.089996,133.195389,15
2015-05-19,135.089996,135.089996,135.089996,135.089996,133.195389,100
2015-05-20,134.500000,134.500000,134.500000,134.500000,132.613678,1000
2015-05-21,131.899994,131.899994,130.000000,131.899994,130.050140,8000
2015-05-22,131.899994,131.899994,131.899994,131.899994,130.050140,0
2015-05-25,132.000000,132.000000,129.110001,132.000000,130.148727,5600
2015-05-26,132.399994,132.399994,130.500000,132.399994,130.543121,3000
2015-05-27,129.699997,130.500000,129.699997,129.699997,127.880989,11000
2015-05-28,131.110001,131.500000,131.110001,131.110001,129.271225,6000
2015-05-29,133.000000,136.990005,131.990005,133.000000,131.134705,9000
2015-06-01,131.759995,131.759995,131.759995,131.759995,129.912094,2000
2015-06-02,131.000000,131.000000,131.000000,131.000000,129.162766,2000
2015-06-03,130.110001,130.110001,130.110001,130.110001,128.285248,2000
2015-06-04,129.000000,130.410004,129.000000,129.000000,127.190811,6000
2015-06-05,130.000000,130.399994,129.000000,130.000000,128.176788,6000
2015-06-08,127.709999,127.709999,124.419998,127.709999,125.918900,4000
2015-06-09,128.000000,128.000000,127.620003,128.000000,126.204842,6500
2015-06-10,127.400002,127.400002,127.400002,127.400002,125.613251,250
2015-06-11,127.410004,127.410004,127.410004,127.410004,125.623123,3000
2015-06-12,130.000000,130.000000,130.000000,130.000000,128.176788,1000
2015-06-15,131.000000,131.000000,131.000000,131.000000,129.162766,10
2015-06-16,131.000000,131.000000,131.000000,131.000000,129.162766,0
2015-06-17,131.000000,131.000000,131.000000,131.000000,129.162766,0
2015-06-18,131.000000,131.000000,131.000000,131.000000,129.162766,1000
2015-06-22,131.000000,131.000000,131.000000,131.000000,129.162766,0
2015-06-23,131.000000,131.000000,131.000000,131.000000,129.162766,0
2015-06-24,127.000000,127.500000,127.000000,127.000000,125.218864,7000
2015-06-25,127.000000,127.000000,127.000000,127.000000,125.218864,0
2015-06-26,127.000000,127.000000,127.000000,127.000000,125.218864,0
2015-06-29,127.000000,127.000000,127.000000,127.000000,125.218864,0
2015-06-30,127.000000,127.000000,127.000000,127.000000,125.218864,0
2015-07-01,129.000000,129.000000,128.990005,129.000000,127.190811,100
2015-07-02,123.510002,123.510002,123.510002,123.510002,121.777809,1008
2015-07-03,123.510002,123.510002,123.510002,123.510002,121.777809,0
2015-07-06,123.510002,123.510002,123.510002,123.510002,121.777809,200
2015-07-07,123.510002,123.510002,123.510002,123.510002,121.777809,1000
2015-07-08,125.000000,128.899994,123.510002,125.000000,123.246910,6200
2015-07-09,124.000000,124.000000,122.480003,124.000000,122.260933,4100
2015-07-10,124.000000,124.000000,124.000000,124.000000,122.260933,0
2015-07-13,122.010002,122.010002,122.010002,122.010002,120.298843,2000
2015-07-14,122.010002,122.010002,122.010002,122.010002,120.298843,2000
2015-07-15,123.000000,128.000000,122.400002,123.000000,121.274963,10000
2015-07-16,123.000000,123.000000,123.000000,123.000000,121.274963,0
2015-07-17,123.000000,124.000000,123.000000,123.000000,121.274963,3000
2015-07-20,120.000000,120.010002,120.000000,120.000000,118.317032,4000
2015-07-21,120.000000,120.000000,120.000000,120.000000,118.317032,1000
2015-07-22,109.739998,115.910004,109.739998,109.739998,108.200928,8500
2015-07-23,105.279999,110.000000,105.279999,105.279999,103.803474,5003
2015-07-24,106.000000,106.000000,105.279999,106.000000,104.513382,6000
2015-07-27,99.750000,106.000000,99.750000,99.750000,98.351036,9200
2015-07-28,100.010002,103.000000,99.959999,100.010002,98.607391,5200
2015-07-29,102.000000,102.400002,102.000000,102.000000,100.569481,2000
2015-07-30,101.000000,105.000000,101.000000,101.000000,99.583504,6000
2015-07-31,108.000000,108.000000,105.000000,108.000000,106.485329,5000
2015-08-03,108.000000,108.000000,108.000000,108.000000,106.485329,0
2015-08-04,106.410004,106.500000,106.410004,106.410004,104.917641,11297
2015-08-05,106.010002,106.410004,106.010002,106.010002,104.523239,3000
2015-08-06,106.000000,106.000000,106.000000,106.000000,104.513382,2000
2015-08-07,106.000000,106.000000,106.000000,106.000000,104.513382,4000
2015-08-10,103.000000,108.000000,103.000000,103.000000,101.555450,2300
2015-08-11,99.900002,107.000000,99.900002,99.900002,98.498932,2200
2015-08-12,99.970001,103.000000,98.000000,99.970001,98.567955,3500
2015-08-13,99.190002,99.500000,98.000000,99.190002,97.798897,3200
2015-08-14,101.000000,101.000000,101.000000,101.000000,99.583504,100
2015-08-17,101.000000,101.000000,101.000000,101.000000,99.583504,0
2015-08-18,101.500000,101.500000,101.500000,101.500000,100.076492,2000
2015-08-19,99.000000,99.000000,99.000000,99.000000,97.611557,3400
2015-08-20,99.000000,99.000000,99.000000,99.000000,97.611557,0
2015-08-21,97.000000,98.900002,97.000000,97.000000,95.639603,5500
2015-08-24,95.000000,98.000000,95.000000,95.000000,93.667656,10200
2015-08-25,93.000000,93.099998,90.000000,93.000000,91.695702,11250
2015-08-26,85.000000,91.000000,84.559998,85.000000,83.807899,39361
2015-08-27,81.500000,85.000000,81.500000,81.500000,80.356987,11999
2015-08-28,80.000000,84.000000,80.000000,80.000000,78.878021,14250
2015-08-31,81.510002,81.510002,80.000000,81.510002,80.366852,2000
2015-09-01,80.000000,80.760002,80.000000,80.000000,78.878021,9450
2015-09-02,80.000000,82.000000,80.000000,80.000000,78.878021,7200
2015-09-03,80.000000,83.500000,80.000000,80.000000,78.878021,4800
2015-09-04,80.000000,83.500000,80.000000,80.000000,78.878021,2300
2015-09-07,79.910004,80.000000,79.910004,79.910004,78.789291,4000
2015-09-08,79.910004,79.910004,79.910004,79.910004,78.789291,1000
2015-09-09,80.000000,80.000000,80.000000,80.000000,78.878021,2000
2015-09-10,80.000000,83.500000,80.000000,80.000000,78.878021,9100
2015-09-11,81.000000,83.500000,80.000000,81.000000,79.863998,4100
2015-09-14,81.000000,83.500000,81.000000,81.000000,79.863998,4000
2015-09-15,84.000000,84.000000,84.000000,84.000000,82.821930,1000
2015-09-16,81.000000,83.000000,80.000000,81.000000,79.863998,22100
2015-09-17,81.000000,81.000000,81.000000,81.000000,79.863998,0
2015-09-18,80.000000,81.000000,80.000000,80.000000,78.878021,12000
2015-09-21,80.000000,81.000000,79.910004,80.000000,78.878021,14200
2015-09-22,80.599998,80.599998,80.000000,80.599998,79.469612,10270
2015-09-23,80.500000,81.000000,80.000000,80.500000,79.371010,17200
2015-09-24,82.000000,82.000000,80.000000,82.000000,80.849968,4500
2015-09-25,80.000000,84.000000,80.000000,80.000000,78.878021,5000
2015-09-29,80.000000,80.000000,80.000000,80.000000,78.878021,0
2015-09-30,84.099998,84.099998,80.000000,84.099998,82.920517,9000
2015-10-01,81.000000,81.000000,81.000000,81.000000,79.863998,1000
2015-10-02,81.000000,81.000000,81.000000,81.000000,79.863998,0
2015-10-05,92.000000,92.000000,85.000000,92.000000,90.709724,15200
2015-10-06,93.500000,96.309998,93.500000,93.500000,92.188690,26400
2015-10-07,90.000000,94.000000,90.000000,90.000000,88.737778,17300
2015-10-08,90.000000,90.000000,90.000000,90.000000,88.737778,2500
2015-10-12,90.000000,90.000000,90.000000,90.000000,88.737778,1300
2015-10-13,90.000000,90.000000,90.000000,90.000000,88.737778,0
2015-10-14,94.000000,94.000000,94.000000,94.000000,92.681679,1000
2015-10-15,90.000000,90.000000,90.000000,90.000000,88.737778,2000
2015-10-16,90.000000,90.000000,90.000000,90.000000,88.737778,2000
2015-10-19,90.000000,90.000000,90.000000,90.000000,88.737778,0
2015-10-20,95.000000,95.000000,94.000000,95.000000,93.667656,4000
2015-10-21,95.260002,95.260002,94.000000,95.260002,93.924011,2060
2015-10-22,94.500000,95.260002,94.500000,94.500000,93.174667,2510
2015-10-23,94.099998,94.099998,92.000000,94.099998,92.780273,5000
2015-10-26,91.199997,92.000000,90.510002,91.199997,89.920944,12000
2015-10-27,90.000000,91.500000,90.000000,90.000000,88.737778,10000
2015-10-28,90.800003,92.000000,90.000000,90.800003,89.526558,12000
2015-10-29,89.879997,90.500000,89.879997,89.879997,88.619461,9000
2015-10-30,88.500000,88.500000,88.500000,88.500000,87.258820,3588
2015-11-02,88.500000,88.500000,88.500000,88.500000,87.258820,0
2015-11-03,92.500000,92.500000,92.500000,92.500000,91.202713,2000
2015-11-04,90.000000,90.000000,90.000000,90.000000,88.737778,2000
2015-11-05,90.000000,90.000000,90.000000,90.000000,88.737778,1000
2015-11-06,89.809998,90.000000,89.809998,89.809998,88.550438,11000
2015-11-09,84.180000,90.000000,84.180000,84.180000,82.999397,55500
2015-11-10,77.000000,84.169998,68.400002,77.000000,75.920097,283333
2015-11-11,70.300003,77.000000,70.300003,70.300003,69.314064,57700
2015-11-12,72.010002,75.500000,72.010002,72.010002,71.000084,16004
2015-11-13,75.000000,75.500000,72.010002,75.000000,73.948143,47107
2015-11-16,80.000000,80.000000,75.000000,80.000000,78.878021,55250
2015-11-17,80.000000,81.500000,77.510002,80.000000,78.878021,62000
2015-11-18,80.000000,80.000000,77.510002,80.000000,78.878021,25855
2015-11-19,75.620003,77.510002,75.620003,75.620003,74.559456,18350
2015-11-20,79.000000,79.000000,74.500000,79.000000,77.892052,15000
2015-11-23,77.500000,79.000000,76.000000,77.500000,76.413086,14000
2015-11-24,77.500000,77.500000,77.500000,77.500000,76.413086,0
2015-11-25,77.000000,77.000000,77.000000,77.000000,75.920097,7000
2015-11-26,75.500000,75.500000,75.500000,75.500000,74.441132,6000
2015-11-27,77.500000,77.500000,75.500000,77.500000,76.413086,22500
2015-11-30,73.800003,77.500000,73.800003,73.800003,72.764984,12200
2015-12-01,78.800003,78.800003,77.000000,78.800003,77.694862,23650
2015-12-02,79.000000,79.000000,77.000000,79.000000,77.892052,25901
2015-12-03,79.000000,79.000000,79.000000,79.000000,77.892052,0
2015-12-04,79.000000,79.000000,75.199997,79.000000,77.892052,8100
2015-12-07,76.000000,78.529999,75.199997,76.000000,74.934120,9000
2015-12-08,79.000000,79.000000,75.199997,79.000000,77.892052,14055
2015-12-09,76.000000,76.279999,75.199997,76.000000,74.934120,19000
2015-12-10,75.550003,77.000000,74.300003,75.550003,74.490433,6000
2015-12-11,76.000000,78.000000,74.300003,76.000000,74.934120,14000
2015-12-14,76.000000,78.000000,74.300003,76.000000,74.934120,12000
2015-12-15,74.300003,75.500000,74.300003,74.300003,73.257973,6300
2015-12-16,75.199997,78.089996,75.199997,75.199997,74.145340,25000
2015-12-17,74.300003,75.199997,74.300003,74.300003,73.257973,33000
2015-12-18,74.300003,78.000000,74.300003,74.300003,73.257973,13000
2015-12-21,77.500000,78.000000,75.000000,77.500000,76.413086,18050
2015-12-22,76.000000,76.000000,75.000000,76.000000,74.934120,23000
2015-12-23,75.500000,75.500000,74.910004,75.500000,74.441132,6000
2015-12-24,75.000000,78.599998,74.910004,75.000000,73.948143,15000
2015-12-25,74.910004,76.000000,74.910004,74.910004,73.859413,20000
2015-12-28,76.099998,76.099998,74.910004,76.099998,75.032722,4000
2015-12-29,76.500000,78.830002,74.910004,76.500000,75.427109,33000
2015-12-30,76.000000,76.000000,76.000000,76.000000,74.934120,2000
2015-12-31,75.599998,75.599998,75.599998,75.599998,74.539734,1000
2016-01-04,76.000000,76.000000,75.599998,76.000000,74.934120,7600
2016-01-05,75.599998,76.000000,75.599998,75.599998,74.539734,4000
2016-01-06,75.699997,77.500000,75.599998,75.699997,74.638321,12000
2016-01-07,77.500000,77.500000,77.500000,77.500000,76.413086,2000
2016-01-08,77.500000,77.500000,73.800003,77.500000,76.413086,10001
2016-01-11,77.500000,77.500000,77.500000,77.500000,76.413086,0
2016-01-12,73.800003,75.209999,73.800003,73.800003,72.764984,9000
2016-01-13,72.400002,76.099998,72.400002,72.400002,71.384613,7000
2016-01-14,71.500000,75.000000,71.500000,71.500000,70.497231,7003
2016-01-15,72.000000,75.000000,71.410004,72.000000,70.990227,9300
2016-01-18,70.000000,73.000000,68.510002,70.000000,69.018272,27200
2016-01-19,70.010002,70.010002,68.510002,70.010002,69.028130,5000
2016-01-20,72.000000,72.000000,70.000000,72.000000,70.990227,3000
2016-01-21,68.510002,71.330002,68.510002,68.510002,67.549171,4100
2016-01-22,68.510002,68.510002,68.510002,68.510002,67.549171,2000
2016-01-25,69.010002,72.000000,69.010002,69.010002,68.042152,4000
2016-01-26,67.959999,70.510002,67.959999,67.959999,67.006882,20000
2016-01-27,71.510002,71.510002,71.510002,71.510002,70.507095,3000
2016-01-28,67.959999,69.000000,67.959999,67.959999,67.006882,3000
2016-01-29,67.959999,67.959999,67.959999,67.959999,67.006882,0
2016-01-30,null,null,null,null,null,null
2016-02-01,68.800003,70.459999,68.800003,68.800003,67.835106,4000
2016-02-02,70.000000,70.000000,70.000000,70.000000,69.018272,500
2016-02-03,67.510002,71.040001,67.510002,67.510002,66.563194,14150
2016-02-15,68.800003,69.000000,68.070000,68.800003,67.835106,12400
2016-02-16,68.800003,68.800003,68.800003,68.800003,67.835106,0
2016-02-17,69.500000,71.040001,68.800003,69.500000,68.525284,5028
2016-02-18,69.500000,71.040001,69.500000,69.500000,68.525284,12000
2016-02-19,70.500000,72.989998,70.500000,70.500000,69.511253,6000
2016-02-22,71.500000,72.989998,71.500000,71.500000,70.497231,3000
2016-02-23,69.410004,72.989998,69.410004,69.410004,68.436554,5100
2016-02-24,69.410004,69.410004,69.410004,69.410004,68.436554,2000
2016-02-25,71.000000,71.199997,69.410004,71.000000,70.004242,32100
2016-02-26,72.989998,72.989998,69.410004,72.989998,71.966331,5172
2016-03-01,71.099998,71.099998,70.000000,71.099998,70.102844,2000
2016-03-02,70.000000,72.989998,70.000000,70.000000,69.018272,5000
2016-03-03,71.500000,71.500000,70.000000,71.500000,70.497231,2050
2016-03-04,71.500000,71.500000,71.500000,71.500000,70.497231,3000
2016-03-07,75.500000,77.889999,71.000000,75.500000,74.441132,65600
2016-03-08,80.500000,83.040001,74.500000,80.500000,79.371010,119185
2016-03-09,85.000000,89.040001,81.000000,85.000000,83.807899,74300
2016-03-10,88.410004,88.410004,84.010002,88.410004,87.170074,55210
2016-03-11,83.989998,86.830002,82.510002,83.989998,82.812057,23561
2016-03-14,85.000000,86.830002,82.510002,85.000000,83.807899,18002
2016-03-15,83.040001,86.000000,80.010002,83.040001,81.875389,33720
2016-03-16,83.040001,83.040001,83.040001,83.040001,81.875389,1000
2016-03-17,83.040001,83.040001,80.000000,83.040001,81.875389,7150
2016-03-18,83.040001,83.040001,83.040001,83.040001,81.875389,0
2016-03-21,80.510002,83.040001,80.510002,80.510002,79.380867,12000
2016-03-22,79.010002,84.720001,79.010002,79.010002,77.901909,8850
2016-03-23,79.010002,79.010002,79.010002,79.010002,77.901909,0
2016-03-24,80.000000,82.000000,79.010002,80.000000,78.878021,17200
2016-03-25,80.000000,80.000000,77.010002,80.000000,78.878021,8000
2016-03-28,80.000000,80.000000,80.000000,80.000000,78.878021,0
2016-03-29,78.000000,78.000000,77.010002,78.000000,76.906075,7000
2016-03-30,77.010002,77.010002,77.010002,77.010002,75.929962,1000
2016-03-31,79.989998,79.989998,77.010002,79.989998,78.868164,7009
2016-04-01,81.010002,83.669998,79.989998,81.010002,79.873856,29100
2016-04-06,82.089996,82.089996,78.010002,82.089996,80.938713,23514
2016-04-07,78.010002,80.500000,78.010002,78.010002,76.915939,6560
2016-04-08,79.000000,79.000000,79.000000,79.000000,77.892052,2000
2016-04-11,82.089996,82.089996,79.000000,82.089996,80.938713,5105
2016-04-12,78.010002,78.010002,78.010002,78.010002,76.915939,1501
2016-04-13,78.010002,78.010002,78.010002,78.010002,76.915939,9000
2016-04-14,78.500000,78.500000,78.010002,78.500000,77.399063,6000
2016-04-15,78.010002,79.000000,78.000000,78.010002,76.915939,16000
2016-04-18,82.089996,82.089996,78.010002,82.089996,80.938713,2003
2016-04-19,76.949997,78.010002,76.949997,76.949997,75.870796,5000
2016-04-20,76.949997,80.800003,76.949997,76.949997,75.870796,12000
2016-04-21,76.949997,80.800003,76.949997,76.949997,75.870796,3019
2016-04-22,78.000000,78.500000,76.949997,78.000000,76.906075,12000
2016-04-25,78.500000,78.500000,76.949997,78.500000,77.399063,20000
2016-04-26,78.500000,78.500000,77.500000,78.500000,77.399063,23000
2016-04-27,79.000000,79.000000,78.010002,79.000000,77.892052,17000
2016-04-28,78.010002,78.010002,78.010002,78.010002,76.915939,3000
2016-04-29,78.010002,78.010002,78.010002,78.010002,76.915939,0
2016-05-03,80.000000,80.500000,78.010002,80.000000,78.878021,18000
2016-05-04,80.199997,81.000000,78.910004,80.199997,79.075211,32000
2016-05-05,81.000000,81.000000,81.000000,81.000000,79.863998,1000
2016-05-06,80.000000,80.000000,78.900002,80.000000,78.878021,7400
2016-05-09,76.910004,79.500000,76.910004,76.910004,75.831360,14000
2016-05-10,78.000000,78.000000,76.910004,78.000000,76.906075,9000
2016-05-11,79.879997,79.879997,77.029999,79.879997,78.759705,2020
2016-05-12,78.599998,79.879997,78.599998,78.599998,77.497658,3002
2016-05-13,75.809998,77.000000,75.809998,75.809998,74.746780,58102
2016-05-16,77.000000,77.000000,75.809998,77.000000,75.920097,6000
2016-05-17,77.000000,77.000000,77.000000,77.000000,75.920097,0
2016-05-18,75.809998,75.809998,75.809998,75.809998,74.746780,1000
2016-05-19,75.809998,75.809998,75.809998,75.809998,74.746780,1000
2016-05-20,75.809998,75.809998,75.809998,75.809998,74.746780,0
2016-05-23,76.199997,76.199997,76.199997,76.199997,75.131310,1000
2016-05-24,76.199997,76.199997,76.199997,76.199997,75.131310,0
2016-05-25,76.199997,76.199997,76.199997,76.199997,75.131310,0
2016-05-26,76.400002,77.500000,75.809998,76.400002,75.328514,28300
2016-05-27,79.769997,79.769997,79.769997,79.769997,78.651245,1000
2016-05-30,76.510002,79.769997,75.970001,76.510002,75.436974,24000
2016-05-31,76.699997,80.000000,76.010002,76.699997,75.624306,63750
2016-06-01,78.930000,78.930000,78.930000,78.930000,77.823029,1025
2016-06-02,75.599998,76.000000,75.010002,75.599998,74.539734,16200
2016-06-03,77.459999,77.459999,73.610001,77.459999,76.373642,6000
2016-06-04,null,null,null,null,null,null
2016-06-06,78.930000,78.930000,78.930000,78.930000,77.823029,100
2016-06-07,78.930000,78.930000,78.930000,78.930000,77.823029,0
2016-06-08,77.000000,77.000000,77.000000,77.000000,75.920097,3000
2016-06-13,76.000000,77.000000,75.010002,76.000000,74.934120,9000
2016-06-14,75.010002,78.930000,75.010002,75.010002,73.958008,23000
2016-06-15,75.500000,77.000000,75.500000,75.500000,74.441132,2000
2016-06-16,76.250000,76.250000,76.250000,76.250000,75.180618,6000
2016-06-17,75.510002,76.300003,75.510002,75.510002,74.450996,19000
2016-06-20,78.930000,78.930000,75.010002,78.930000,77.823029,15400
2016-06-21,77.000000,77.000000,75.010002,77.000000,75.920097,4000
2016-06-22,78.930000,78.930000,75.010002,78.930000,77.823029,8000
2016-06-23,76.599998,78.930000,75.010002,76.599998,75.525703,11250
2016-06-24,75.500000,76.970001,75.000000,75.500000,74.441132,27000
2016-06-27,76.000000,76.970001,75.300003,76.000000,74.934120,12850
2016-06-28,74.000000,74.000000,73.150002,74.000000,72.962173,3000
2016-06-29,77.000000,77.000000,74.000000,77.000000,75.920097,13500
2016-06-30,76.000000,76.800003,74.510002,76.000000,74.934120,14750
2016-07-01,75.500000,76.500000,74.510002,75.500000,74.441132,7100
2016-07-04,75.500000,76.250000,74.510002,75.500000,74.441132,23000
2016-07-05,74.500000,76.000000,73.000000,74.500000,73.455162,43100
2016-07-06,74.000000,75.000000,72.010002,74.000000,72.962173,17000
2016-07-07,74.000000,74.000000,74.000000,74.000000,72.962173,0
2016-07-08,null,null,null,null,null,null
2016-07-11,74.000000,74.000000,74.000000,74.000000,72.962173,0
2016-07-12,73.000000,75.769997,72.010002,73.000000,71.976196,3000
2016-07-13,75.769997,75.769997,72.010002,75.769997,74.707344,6003
2016-07-14,75.769997,75.769997,75.769997,75.769997,74.707344,0
2016-07-15,73.930000,73.930000,73.500000,73.930000,72.893150,1500
2016-07-18,74.010002,75.769997,74.000000,74.010002,72.972031,29000
2016-07-19,74.699997,76.830002,74.010002,74.699997,73.652351,5500
2016-07-20,74.699997,74.699997,74.699997,74.699997,73.652351,0
2016-07-21,74.500000,74.500000,73.010002,74.500000,73.455162,7000
2016-07-22,71.709999,73.500000,71.709999,71.709999,70.704285,33070
2016-07-25,71.709999,73.000000,71.709999,71.709999,70.704285,9105
2016-07-26,72.000000,72.000000,71.709999,72.000000,70.990227,29500
2016-07-27,75.459999,75.459999,75.459999,75.459999,74.401695,3000
2016-07-28,75.459999,75.459999,71.709999,75.459999,74.401695,4300
2016-07-29,75.459999,75.459999,72.000000,75.459999,74.401695,2500
2016-08-01,75.459999,75.459999,75.459999,75.459999,74.401695,0
2016-08-02,75.459999,75.459999,75.459999,75.459999,74.401695,1700
2016-08-03,75.459999,75.459999,75.459999,75.459999,74.401695,1200
2016-08-04,71.709999,71.709999,71.709999,71.709999,70.704285,20000
2016-08-05,71.709999,73.000000,70.510002,71.709999,70.704285,59300
2016-08-08,70.510002,70.510002,70.510002,70.510002,69.521118,1000
2016-08-09,70.510002,74.199997,70.510002,70.510002,69.521118,2100
2016-08-10,70.510002,70.510002,70.510002,70.510002,69.521118,1000
2016-08-11,72.000000,72.000000,72.000000,72.000000,70.990227,1000
2016-08-12,72.000000,74.199997,71.000000,72.000000,70.990227,6200
2016-08-15,71.190002,71.199997,70.500000,71.190002,70.191582,19480
2016-08-16,70.739998,71.190002,70.739998,70.739998,69.747894,8100
2016-08-17,71.190002,71.190002,71.190002,71.190002,70.191582,2001
2016-08-18,70.000000,70.000000,67.650002,70.000000,69.018272,5000
2016-08-19,69.000000,69.000000,69.000000,69.000000,68.032295,3300
2016-08-22,69.000000,69.000000,69.000000,69.000000,68.032295,0
2016-08-23,71.190002,71.190002,71.190002,71.190002,70.191582,2290
2016-08-24,69.000000,69.500000,67.650002,69.000000,68.032295,12100
2016-08-25,68.500000,69.000000,67.650002,68.500000,67.539307,10100
2016-08-26,64.410004,69.000000,63.709999,64.410004,63.506672,78400
2016-08-29,64.410004,64.410004,64.410004,64.410004,63.506672,9500
2016-08-30,67.000000,67.769997,64.410004,67.000000,66.060349,17000
2016-08-31,67.769997,67.769997,67.769997,67.769997,66.819542,2000
2016-09-01,67.000000,68.410004,66.000000,67.000000,66.060349,16000
2016-09-02,65.910004,69.349998,65.910004,65.910004,64.985634,34000
2016-09-05,69.000000,69.349998,66.000000,69.000000,68.032295,20400
2016-09-06,72.080002,72.099998,68.000000,72.080002,71.069107,41000
2016-09-07,72.080002,72.080002,68.500000,72.080002,71.069107,16000
2016-09-08,72.080002,72.080002,72.080002,72.080002,71.069107,3000
2016-09-09,72.000000,72.000000,68.500000,72.000000,70.990227,2000
2016-09-10,null,null,null,null,null,null
2016-09-12,70.000000,72.000000,70.000000,70.000000,69.018272,2000
2016-09-13,72.000000,72.000000,72.000000,72.000000,70.990227,3000
2016-09-14,72.000000,72.000000,72.000000,72.000000,70.990227,3000
2016-09-19,72.000000,72.000000,68.500000,72.000000,70.990227,8005
2016-09-20,72.000000,72.000000,68.500000,72.000000,70.990227,8000
2016-09-21,72.000000,72.000000,68.500000,72.000000,70.990227,6700
2016-09-22,72.000000,72.000000,68.500000,72.000000,70.990227,10005
2016-09-23,70.000000,72.000000,68.500000,70.000000,69.018272,8400
2016-09-26,68.800003,68.800003,68.500000,68.800003,67.835106,13200
2016-09-27,68.800003,68.800003,68.800003,68.800003,67.835106,0
2016-09-28,68.800003,68.800003,68.800003,68.800003,67.835106,0
2016-09-29,71.139999,71.139999,71.139999,71.139999,70.142281,4000
2016-09-30,70.000000,70.000000,70.000000,70.000000,69.018272,1000
2016-10-03,67.610001,67.610001,67.610001,67.610001,66.661797,7000
2016-10-04,67.610001,67.610001,67.610001,67.610001,66.661797,2000
2016-10-05,67.610001,71.139999,67.610001,67.610001,66.661797,7100
2016-10-06,71.139999,71.139999,71.139999,71.139999,70.142281,2000
2016-10-07,71.139999,71.139999,70.000000,71.139999,70.142281,1200
2016-10-11,67.610001,71.139999,67.610001,67.610001,66.661797,23001
2016-10-12,67.610001,71.139999,67.610001,67.610001,66.661797,19000
2016-10-13,71.139999,71.139999,67.610001,71.139999,70.142281,10000
2016-10-14,67.610001,67.610001,67.610001,67.610001,66.661797,5000
2016-10-17,71.139999,71.139999,67.610001,71.139999,70.142281,8000
2016-10-18,67.610001,71.139999,67.610001,67.610001,66.661797,8500
2016-10-19,67.610001,71.139999,66.610001,67.610001,66.661797,99500
2016-10-20,68.410004,68.410004,65.010002,68.410004,67.450569,98100
2016-10-21,66.110001,69.559998,66.110001,66.110001,65.182823,10313
2016-10-24,67.410004,70.930000,67.410004,67.410004,66.464600,30200
2016-10-25,68.459999,70.930000,68.000000,68.459999,67.499870,27000
2016-10-26,68.459999,72.040001,68.459999,68.459999,67.499870,12200
2016-10-27,72.040001,72.040001,68.459999,72.040001,71.029663,10000
2016-10-28,68.459999,72.040001,68.459999,68.459999,67.499870,10250
2016-10-31,69.989998,69.989998,66.510002,69.989998,69.008408,34000
2016-11-01,69.000000,69.000000,69.000000,69.000000,68.032295,12500
2016-11-02,69.989998,69.989998,69.000000,69.989998,69.008408,3000
2016-11-03,69.989998,69.989998,69.989998,69.989998,69.008408,0
2016-11-04,69.000000,69.000000,66.510002,69.000000,68.032295,4000
2016-11-07,69.000000,69.000000,69.000000,69.000000,68.032295,3000
2016-11-08,66.510002,69.000000,66.510002,66.510002,65.577225,15000
2016-11-09,66.510002,70.000000,66.510002,66.510002,65.577225,28001
2016-11-10,66.510002,66.510002,66.510002,66.510002,65.577225,3000
2016-11-11,69.000000,69.989998,66.510002,69.000000,68.032295,17000
2016-11-14,69.000000,69.989998,69.000000,69.000000,68.032295,9000
2016-11-15,69.989998,69.989998,66.510002,69.989998,69.008408,10100
2016-11-16,69.989998,69.989998,69.989998,69.989998,69.008408,1000
2016-11-17,69.989998,69.989998,69.989998,69.989998,69.008408,0
2016-11-18,69.000000,69.989998,66.510002,69.000000,68.032295,7000
2016-11-21,69.000000,69.000000,68.000000,69.000000,68.032295,29000
2016-11-22,69.000000,71.000000,69.000000,69.000000,68.032295,14000
2016-11-23,72.089996,72.089996,72.089996,72.089996,71.078957,1000
2016-11-24,69.000000,70.000000,69.000000,69.000000,68.032295,2000
2016-11-25,70.000000,72.089996,68.510002,70.000000,69.018272,16000
2016-11-28,70.000000,70.000000,70.000000,70.000000,69.018272,0
2016-11-29,72.089996,72.089996,68.510002,72.089996,71.078957,7000
2016-11-30,72.089996,72.089996,68.510002,72.089996,71.078957,4500
2016-12-01,72.089996,72.089996,68.510002,72.089996,71.078957,2250
2016-12-02,72.000000,72.830002,70.089996,72.000000,70.990227,20000
2016-12-05,71.500000,73.500000,71.500000,71.500000,70.497231,8300
2016-12-06,72.000000,73.500000,70.000000,72.000000,70.990227,20100
2016-12-07,70.000000,71.620003,70.000000,70.000000,69.018272,5000
2016-12-08,71.000000,73.500000,71.000000,71.000000,70.004242,3100
2016-12-09,73.500000,73.500000,70.500000,73.500000,72.469185,2000
2016-12-12,71.500000,71.500000,71.000000,71.500000,70.497231,6000
2016-12-13,71.500000,73.500000,71.000000,71.500000,70.497231,18020
2016-12-14,70.000000,71.199997,70.000000,70.000000,69.018272,8000
2016-12-15,69.910004,70.639999,69.910004,69.910004,68.929535,19000
2016-12-16,69.910004,72.500000,69.910004,69.910004,68.929535,3000
2016-12-19,70.500000,70.769997,69.910004,70.500000,69.511253,4000
2016-12-20,70.500000,70.500000,70.500000,70.500000,69.511253,0
2016-12-21,70.500000,70.500000,70.500000,70.500000,69.511253,0
2016-12-22,70.500000,70.500000,69.910004,70.500000,69.511253,2200
2016-12-23,68.910004,69.910004,68.910004,68.910004,67.943565,3200
2016-12-26,70.000000,70.500000,68.910004,70.000000,69.018272,12000
2016-12-27,68.000000,70.000000,65.910004,68.000000,67.046326,70000
2016-12-28,67.510002,69.139999,67.000000,67.510002,66.563194,44620
2016-12-29,67.000000,69.500000,67.000000,67.000000,66.060349,14847
2016-12-30,70.000000,70.000000,69.500000,70.000000,69.018272,3000
2017-01-03,67.400002,70.000000,66.199997,67.400002,66.454735,33810
2017-01-04,68.000000,71.000000,67.000000,68.000000,67.046326,70000
2017-01-05,69.000000,71.000000,68.500000,69.000000,68.032295,14500
2017-01-06,70.500000,73.000000,68.500000,70.500000,69.511253,59109
2017-01-09,71.000000,72.000000,69.410004,71.000000,70.004242,18000
2017-01-10,70.000000,72.000000,69.410004,70.000000,69.018272,41000
2017-01-11,71.500000,71.500000,71.500000,71.500000,70.497231,5117
2017-01-12,71.000000,72.089996,70.000000,71.000000,70.004242,14350
2017-01-13,75.000000,78.199997,70.000000,75.000000,73.948143,197183
2017-01-16,80.500000,80.510002,76.000000,80.500000,79.371010,146587
2017-01-17,79.000000,81.800003,78.000000,79.000000,77.892052,34200
2017-01-18,78.000000,81.800003,76.500000,78.000000,76.906075,48305
2017-01-19,80.000000,80.089996,76.110001,80.000000,78.878021,15700
2017-01-20,80.000000,81.000000,78.000000,80.000000,78.878021,17000
2017-01-23,80.000000,82.000000,78.010002,80.000000,78.878021,30200
2017-01-24,80.500000,82.000000,78.010002,80.500000,79.371010,48215
2017-02-02,85.000000,85.000000,79.910004,85.000000,83.807899,128000
2017-02-03,92.000000,93.669998,82.000000,92.000000,90.709724,260791
2017-02-06,92.510002,98.089996,92.510002,92.510002,91.212578,198825
2017-02-07,90.000000,93.000000,86.510002,90.000000,88.737778,99716
2017-02-08,86.000000,90.400002,85.610001,86.000000,84.793877,32144
2017-02-09,90.000000,91.040001,86.000000,90.000000,88.737778,41900
2017-02-10,89.099998,89.099998,86.510002,89.099998,87.850395,4000
2017-02-13,91.040001,91.040001,87.000000,91.040001,89.763191,20000
2017-02-14,87.510002,92.000000,87.510002,87.510002,86.282700,14317
2017-02-15,87.519997,88.300003,87.000000,87.519997,86.292557,49050
2017-02-16,86.510002,88.000000,86.510002,86.510002,85.296722,8650
2017-02-17,85.010002,88.000000,85.010002,85.010002,83.817764,18050
2017-02-18,null,null,null,null,null,null
2017-02-20,86.599998,89.459999,85.010002,86.599998,85.385460,29500
2017-02-21,86.000000,89.459999,85.010002,86.000000,84.793877,22919
2017-02-22,85.000000,88.300003,84.000000,85.000000,83.807899,35402
2017-02-23,86.000000,86.000000,84.000000,86.000000,84.793877,14300
2017-02-24,89.000000,90.300003,85.809998,89.000000,87.751801,63000
2017-03-01,91.000000,93.000000,88.000000,91.000000,89.723755,82700
2017-03-02,92.000000,94.000000,89.500000,92.000000,90.709724,53100
2017-03-03,91.000000,94.000000,89.500000,91.000000,89.723755,59100
2017-03-06,91.500000,94.000000,89.500000,91.500000,90.216736,75500
2017-03-07,91.000000,91.500000,90.000000,91.000000,89.723755,37500
2017-03-08,91.000000,94.000000,90.000000,91.000000,89.723755,59000
2017-03-09,92.000000,94.500000,89.809998,92.000000,90.709724,85000
2017-03-10,92.000000,94.000000,90.500000,92.000000,90.709724,56000
2017-03-13,91.000000,94.500000,90.000000,91.000000,89.723755,47429
2017-03-14,92.500000,93.000000,90.000000,92.500000,91.202713,84720
2017-03-15,93.500000,96.500000,91.000000,93.500000,92.188690,107000
2017-03-16,95.000000,98.500000,91.949997,95.000000,93.667656,57455
2017-03-17,106.000000,113.000000,94.000000,106.000000,104.513382,289725
2017-03-20,105.500000,113.000000,104.900002,105.500000,104.020393,128100
2017-03-21,103.000000,108.000000,100.000000,103.000000,101.555450,93825
2017-03-22,101.000000,102.000000,99.910004,101.000000,99.583504,94581
2017-03-23,106.000000,108.000000,100.000000,106.000000,104.513382,51910
2017-03-24,113.000000,117.879997,105.000000,113.000000,111.415207,95945
2017-03-27,118.199997,118.199997,110.000000,118.199997,116.542274,37120
2017-03-28,115.500000,118.199997,112.510002,115.500000,113.880150,29915
2017-03-29,120.510002,122.500000,115.000000,120.510002,118.819885,86451
2017-03-30,117.500000,120.500000,114.800003,117.500000,115.852097,47506
2017-03-31,115.500000,118.000000,113.000000,115.500000,113.880150,33862
2017-04-05,113.500000,118.000000,113.000000,113.500000,111.908195,80800
2017-04-06,110.500000,116.400002,107.500000,110.500000,108.950272,90363
2017-04-07,106.830002,109.000000,101.510002,106.830002,105.331749,77630
2017-04-10,103.000000,104.500000,100.000000,103.000000,101.555450,32099
2017-04-11,99.500000,105.000000,99.500000,99.500000,98.104546,43000
2017-04-12,100.000000,105.000000,99.000000,100.000000,98.597534,52800
2017-04-13,99.000000,104.000000,97.000000,99.000000,97.611557,87265
2017-04-14,98.000000,103.000000,94.959999,98.000000,96.625580,53201
2017-04-17,97.250000,97.250000,93.000000,97.250000,95.886101,40775
2017-04-18,95.000000,96.000000,93.000000,95.000000,93.667656,14500
2017-04-19,92.500000,97.250000,92.500000,92.500000,91.202713,32330
2017-04-20,92.000000,95.500000,91.500000,92.000000,90.709724,112000
2017-04-21,95.500000,95.500000,95.500000,95.500000,94.160645,400
2017-04-24,97.900002,97.900002,93.010002,97.900002,96.526985,33150
2017-04-25,97.500000,97.900002,97.500000,97.500000,96.132591,8000
2017-04-26,100.000000,104.199997,99.010002,100.000000,98.597534,39400
2017-04-27,101.860001,102.000000,99.010002,101.860001,100.431442,16250
2017-04-28,101.500000,102.000000,99.010002,101.500000,100.076492,9000
2017-05-02,103.000000,104.000000,99.010002,103.000000,101.555450,5500
2017-05-03,101.000000,104.000000,99.010002,101.000000,99.583504,26450
2017-05-04,101.000000,102.000000,99.010002,101.000000,99.583504,10000
2017-05-05,105.000000,106.000000,104.000000,105.000000,103.527405,34150
2017-05-08,108.000000,109.000000,104.010002,108.000000,106.485329,14000
2017-05-09,112.000000,114.199997,106.510002,112.000000,110.429230,76071
2017-05-10,110.000000,114.000000,108.510002,110.000000,108.457283,35300
2017-05-11,109.000000,112.500000,107.010002,109.000000,107.471306,20600
2017-05-12,103.000000,109.000000,102.910004,103.000000,101.555450,53700
2017-05-15,105.000000,106.000000,103.000000,105.000000,103.527405,27400
2017-05-16,103.500000,108.410004,103.500000,103.500000,102.048439,14000
2017-05-17,105.000000,108.000000,103.500000,105.000000,103.527405,32200
2017-05-18,105.000000,105.000000,103.010002,105.000000,103.527405,17000
2017-05-19,108.000000,108.000000,103.010002,108.000000,106.485329,13000
2017-05-22,105.000000,105.099998,103.010002,105.000000,103.527405,20000
2017-05-23,105.000000,106.000000,103.000000,105.000000,103.527405,31820
2017-05-24,105.000000,108.000000,103.010002,105.000000,103.527405,25100
2017-05-25,108.000000,108.000000,103.010002,108.000000,106.485329,28100
2017-05-26,108.000000,108.000000,103.010002,108.000000,106.485329,39300
2017-05-31,103.010002,106.000000,103.010002,103.010002,101.565323,5200
2017-06-01,105.000000,106.000000,103.010002,105.000000,103.527405,16143
2017-06-02,104.000000,104.000000,104.000000,104.000000,102.541435,1000
2017-06-03,null,null,null,null,null,null
2017-06-05,104.000000,106.000000,103.010002,104.000000,102.541435,15020
2017-06-06,106.000000,108.000000,103.010002,106.000000,104.513382,32343
2017-06-07,105.000000,106.000000,103.010002,105.000000,103.527405,10000
2017-06-08,105.500000,110.000000,104.000000,105.500000,104.020393,41268
2017-06-09,110.000000,110.000000,105.000000,110.000000,108.457283,29600
2017-06-12,106.000000,108.000000,104.610001,106.000000,104.513382,45110
2017-06-13,105.500000,106.000000,102.510002,105.500000,104.020393,28000
2017-06-14,105.000000,105.000000,102.510002,105.000000,103.527405,24000
2017-06-15,104.000000,105.000000,102.510002,104.000000,102.541435,24100
2017-06-16,101.000000,105.500000,101.000000,101.000000,99.583504,9000
2017-06-19,105.000000,105.000000,100.510002,105.000000,103.527405,5016
2017-06-20,103.000000,103.500000,100.510002,103.000000,101.555450,22600
2017-06-21,103.000000,105.139999,100.000000,103.000000,101.555450,26100
2017-06-22,105.000000,106.500000,101.510002,105.000000,103.527405,32304
2017-06-23,104.000000,104.000000,101.510002,104.000000,102.541435,19000
2017-06-26,100.000000,104.000000,100.000000,100.000000,98.597534,59200
2017-06-27,103.000000,105.000000,99.910004,103.000000,101.555450,65400
2017-06-28,102.000000,102.000000,99.910004,102.000000,100.569481,18250
2017-06-29,99.910004,102.000000,99.910004,99.910004,98.508789,34090
2017-06-30,103.879997,103.879997,98.800003,103.879997,102.423111,43120
2017-07-03,103.000000,103.879997,98.709999,103.000000,101.555450,84000
2017-07-04,98.010002,104.720001,98.010002,98.010002,96.635445,51800
2017-07-05,102.000000,103.000000,98.010002,102.000000,100.569481,45000
2017-07-06,105.139999,105.139999,98.010002,105.139999,103.665436,81230
2017-07-07,105.139999,105.139999,99.910004,105.139999,103.665436,66851
2017-07-10,106.000000,107.250000,102.000000,106.000000,104.513382,108602
2017-07-11,106.000000,106.000000,101.000000,106.000000,104.513382,48304
2017-07-12,106.000000,106.000000,101.000000,106.000000,104.513382,55701
2017-07-13,107.879997,107.879997,102.510002,107.879997,106.367012,24650
2017-07-14,110.400002,112.089996,104.910004,110.400002,108.851677,83293
2017-07-17,111.000000,111.000000,105.000000,111.000000,109.443260,156520
2017-07-18,112.000000,115.250000,109.000000,112.000000,110.429230,115612
2017-07-19,116.209999,120.930000,110.000000,116.209999,114.580185,57953
2017-07-20,125.000000,131.039993,119.010002,125.000000,123.246910,209203
2017-07-21,130.000000,132.619995,124.000000,130.000000,128.176788,123453
2017-07-24,125.000000,130.000000,120.000000,125.000000,123.246910,89547
2017-07-25,128.000000,129.990005,122.000000,128.000000,126.204842,38361
2017-07-26,131.000000,131.000000,122.000000,131.000000,129.162766,58194
2017-07-27,137.000000,144.000000,124.599998,137.000000,135.078613,174506
2017-07-28,138.500000,138.500000,131.949997,138.500000,136.557571,44066
2017-07-31,138.000000,144.500000,132.000000,138.000000,136.064590,62781
2017-08-01,137.410004,144.500000,137.410004,137.410004,135.482880,48287
2017-08-02,136.500000,142.500000,133.500000,136.500000,134.585617,41175
2017-08-03,136.500000,138.500000,129.910004,136.500000,134.585617,49368
2017-08-04,135.000000,135.000000,130.000000,135.000000,133.106674,44490
2017-08-07,135.000000,140.520004,132.000000,135.000000,133.106674,33070
2017-08-08,136.500000,140.500000,134.000000,136.500000,135.589996,38950
2017-08-09,135.000000,140.500000,134.000000,135.000000,134.100006,26890
2017-08-10,135.490005,136.270004,130.000000,135.490005,134.586746,57740
2017-08-11,133.000000,135.490005,130.000000,133.000000,132.113327,60000
2017-08-14,134.000000,134.000000,130.000000,134.000000,133.106674,47163
2017-08-15,133.000000,133.000000,132.000000,133.000000,132.113327,3100
2017-08-16,135.000000,136.720001,133.000000,135.000000,134.100006,6611
2017-08-17,140.000000,144.000000,134.000000,140.000000,139.066666,45000
2017-08-18,142.000000,146.000000,137.000000,142.000000,141.053329,53981
2017-08-21,145.000000,148.899994,142.000000,145.000000,144.033340,88910
2017-08-22,151.000000,151.000000,143.600006,151.000000,149.993332,32833
2017-08-23,153.000000,153.000000,145.000000,153.000000,151.979996,35520
2017-08-24,146.000000,153.000000,146.000000,146.000000,145.026672,34174
2017-08-25,145.000000,153.000000,142.000000,145.000000,144.033340,53630
2017-08-28,144.000000,145.000000,140.009995,144.000000,143.040009,47316
2017-08-29,145.000000,145.000000,140.009995,145.000000,144.033340,19710
2017-08-30,154.500000,154.500000,147.000000,154.500000,153.470001,98969
2017-08-31,151.000000,154.500000,144.009995,151.000000,149.993332,26308
2017-09-01,161.000000,161.000000,147.000000,161.000000,159.926666,221314
2017-09-04,182.000000,189.000000,158.000000,182.000000,180.786667,406641
2017-09-05,190.000000,204.000000,180.000000,190.000000,188.733337,468809
2017-09-06,183.000000,192.000000,177.000000,183.000000,181.779999,237758
2017-09-07,175.000000,192.500000,170.000000,175.000000,173.833328,174790
2017-09-08,171.000000,178.000000,168.009995,171.000000,169.860001,170000
2017-09-11,157.000000,176.800003,156.910004,157.000000,155.953339,97186
2017-09-12,169.000000,170.410004,157.000000,169.000000,167.873337,63459
2017-09-13,168.000000,172.500000,164.000000,168.000000,166.880005,10625
2017-09-14,179.750000,179.880005,167.910004,179.750000,178.551666,21033
2017-09-15,183.000000,183.000000,173.910004,183.000000,181.779999,26541
2017-09-18,180.000000,187.250000,174.000000,180.000000,178.800003,29090
2017-09-19,182.720001,182.720001,173.610001,182.720001,181.501862,33320
2017-09-20,175.000000,182.720001,173.610001,175.000000,173.833328,29279
2017-09-21,176.000000,179.880005,170.910004,176.000000,174.826660,52853
2017-09-22,174.000000,174.000000,165.509995,174.000000,172.839996,48276
2017-09-25,164.000000,174.199997,161.699997,164.000000,162.906662,69815
2017-09-26,162.000000,170.000000,157.000000,162.000000,160.919998,65700
2017-09-27,160.000000,165.000000,155.000000,160.000000,158.933334,50508
2017-09-28,165.000000,167.000000,156.000000,165.000000,163.899994,50820
2017-09-29,164.000000,169.500000,160.000000,164.000000,162.906662,54842
2017-10-02,165.000000,167.000000,162.000000,165.000000,163.899994,20704
2017-10-03,163.000000,170.000000,162.000000,163.000000,161.913330,53421
2017-10-05,164.000000,165.000000,156.000000,164.000000,162.906662,75410
2017-10-06,155.000000,164.000000,155.000000,155.000000,153.966675,77761
2017-10-11,157.000000,161.500000,154.000000,157.000000,155.953339,84501
2017-10-12,156.000000,161.000000,152.000000,156.000000,154.960007,97715
2017-10-13,150.000000,156.000000,147.000000,150.000000,149.000000,172890
2017-10-16,149.000000,153.000000,145.000000,149.000000,148.006668,68771
2017-10-17,143.000000,149.000000,140.000000,143.000000,142.046661,148250
2017-10-18,135.000000,144.000000,131.910004,135.000000,134.100006,255557
2017-10-19,134.000000,138.500000,123.010002,134.000000,133.106674,214173
2017-10-20,142.000000,146.000000,132.000000,142.000000,141.053329,212725
2017-10-23,152.000000,153.000000,140.000000,152.000000,150.986664,128793
2017-10-24,154.000000,159.000000,149.000000,154.000000,152.973328,93826
2017-10-25,148.000000,154.500000,144.000000,148.000000,147.013336,83260
2017-10-26,148.000000,151.000000,144.000000,148.000000,147.013336,30639
2017-10-27,147.000000,149.000000,144.000000,147.000000,146.020004,47790
2017-10-30,141.000000,147.000000,139.000000,141.000000,140.059998,42010
2017-10-31,140.000000,144.000000,139.000000,140.000000,139.066666,19450
2017-11-01,151.000000,151.000000,140.000000,151.000000,149.993332,57751
2017-11-02,153.000000,157.350006,145.000000,153.000000,151.979996,71912
2017-11-03,154.000000,156.000000,150.000000,154.000000,152.973328,41960
2017-11-06,152.000000,156.000000,146.000000,152.000000,150.986664,65453
2017-11-07,148.000000,155.250000,147.000000,148.000000,147.013336,30750
2017-11-08,154.000000,155.000000,148.000000,154.000000,152.973328,53131
2017-11-09,158.000000,162.000000,150.000000,158.000000,156.946671,83231
2017-11-10,160.000000,166.000000,155.000000,160.000000,158.933334,127812
2017-11-13,160.000000,165.000000,158.000000,160.000000,158.933334,64645
2017-11-14,158.000000,163.000000,155.199997,158.000000,156.946671,38129
2017-11-15,160.000000,161.000000,155.000000,160.000000,158.933334,28716
2017-11-16,155.000000,159.500000,153.000000,155.000000,153.966675,68648
2017-11-17,159.000000,159.000000,152.000000,159.000000,157.940002,10630
2017-11-20,160.500000,162.000000,155.000000,160.500000,159.430008,47598
2017-11-21,160.000000,164.000000,156.000000,160.000000,158.933334,41458
2017-11-22,160.000000,161.000000,158.000000,160.000000,158.933334,23899
2017-11-23,155.000000,160.000000,155.000000,155.000000,153.966675,43520
2017-11-24,156.000000,160.000000,155.000000,156.000000,154.960007,24630
2017-11-27,155.000000,161.500000,154.000000,155.000000,153.966675,27360
2017-11-28,158.000000,161.500000,155.000000,158.000000,156.946671,66270
2017-11-29,159.000000,164.000000,155.000000,159.000000,157.940002,54300
2017-11-30,161.000000,164.000000,156.000000,161.000000,159.926666,20888
2017-12-01,157.000000,160.000000,155.910004,157.000000,155.953339,33758
2017-12-04,158.000000,162.000000,154.910004,158.000000,156.946671,41699
2017-12-05,150.000000,159.000000,150.000000,150.000000,149.000000,81617
2017-12-06,152.000000,155.000000,149.000000,152.000000,150.986664,64661
2017-12-07,151.000000,152.000000,147.000000,151.000000,149.993332,29816
2017-12-08,151.000000,154.500000,147.000000,151.000000,149.993332,31250
2017-12-11,151.000000,154.619995,147.000000,151.000000,149.993332,11038
2017-12-12,154.000000,157.000000,149.500000,154.000000,152.973328,29100
2017-12-13,157.000000,157.000000,150.000000,157.000000,155.953339,27580
2017-12-14,152.000000,157.000000,152.000000,152.000000,150.986664,12353
2017-12-15,157.000000,157.000000,150.009995,157.000000,155.953339,42732
2017-12-18,157.000000,157.350006,151.000000,157.000000,155.953339,26950
2017-12-19,155.000000,157.500000,150.000000,155.000000,153.966675,40900
2017-12-20,155.000000,159.000000,152.000000,155.000000,153.966675,88699
2017-12-21,161.000000,164.500000,155.000000,161.000000,159.926666,114484
2017-12-22,160.000000,164.500000,157.000000,160.000000,158.933334,57884
2017-12-25,161.000000,164.000000,157.000000,161.000000,159.926666,44861
2017-12-26,158.509995,166.500000,157.000000,158.509995,157.453262,91923
2017-12-27,159.000000,166.000000,158.509995,159.000000,157.940002,66477
2017-12-28,159.000000,164.000000,157.500000,159.000000,157.940002,58550
2017-12-29,158.000000,164.000000,157.500000,158.000000,156.946671,46308
2018-01-02,161.000000,166.500000,158.509995,161.000000,159.926666,194110
2018-01-03,164.000000,172.500000,160.000000,164.000000,162.906662,271485
2018-01-04,172.000000,178.500000,164.000000,172.000000,170.853333,345725
2018-01-05,183.000000,188.929993,172.000000,183.000000,181.779999,365265
2018-01-08,187.000000,197.500000,180.000000,187.000000,185.753342,529525
2018-01-09,181.000000,191.000000,177.000000,181.000000,179.793335,126390
2018-01-10,180.000000,184.000000,173.000000,180.000000,178.800003,57707
2018-01-11,180.500000,182.000000,175.000000,180.500000,179.296661,70276
2018-01-12,186.000000,187.000000,180.000000,186.000000,184.759995,85767
2018-01-15,189.000000,193.000000,184.000000,189.000000,187.740005,118041
2018-01-16,191.000000,196.300003,187.000000,191.000000,189.726669,153620
2018-01-17,190.000000,191.000000,183.000000,190.000000,188.733337,52869
2018-01-18,190.000000,192.500000,186.000000,190.000000,188.733337,68311
2018-01-19,187.000000,192.000000,185.000000,187.000000,185.753342,42650
2018-01-22,189.000000,190.000000,184.000000,189.000000,187.740005,82270
2018-01-23,194.000000,203.000000,186.000000,194.000000,192.706665,364677
2018-01-24,197.000000,201.000000,191.000000,197.000000,195.686661,189293
2018-01-25,198.000000,202.000000,193.500000,198.000000,196.680008,232477
2018-01-26,202.000000,202.000000,195.000000,202.000000,200.653336,96125
2018-01-29,208.000000,208.000000,195.000000,208.000000,206.613342,344783
2018-01-30,210.000000,216.300003,201.000000,210.000000,208.600006,360796
2018-01-31,211.000000,211.000000,201.500000,211.000000,209.593338,75682
2018-02-01,213.000000,215.000000,204.000000,213.000000,211.580002,89160
2018-02-02,212.000000,214.000000,205.000000,212.000000,210.586670,87258
2018-02-05,212.000000,212.000000,200.000000,212.000000,210.586670,105814
2018-02-06,198.929993,208.000000,189.009995,198.929993,197.603790,297048
2018-02-07,201.000000,208.929993,194.509995,201.000000,199.660004,121002
2018-02-08,199.000000,202.000000,191.500000,199.000000,197.673340,111610
2018-02-09,199.000000,199.000000,199.000000,199.000000,197.673340,0
2018-02-12,198.000000,198.000000,188.509995,198.000000,196.680008,88407
2018-02-21,202.000000,204.199997,190.000000,202.000000,200.653336,80894
2018-02-22,200.500000,204.000000,194.000000,200.500000,199.163330,64435
2018-02-23,197.000000,208.410004,194.000000,197.000000,195.686661,207425
2018-02-26,201.000000,205.000000,197.000000,201.000000,199.660004,92700
2018-02-27,196.000000,206.000000,192.009995,196.000000,194.693329,122325
2018-03-01,201.000000,201.000000,189.009995,201.000000,199.660004,102500
2018-03-02,203.500000,203.570007,192.000000,203.500000,202.143341,56266
2018-03-05,203.500000,203.500000,203.500000,203.500000,202.143341,0
2018-03-06,195.000000,203.500000,193.509995,195.000000,193.699997,58515
2018-03-07,195.000000,203.669998,193.509995,195.000000,193.699997,48571
2018-03-08,201.000000,201.000000,192.009995,201.000000,199.660004,44310
2018-03-09,190.009995,201.000000,190.009995,190.009995,188.743256,83630
2018-03-12,193.000000,199.990005,190.000000,193.000000,191.713333,66054
2018-03-13,190.000000,197.000000,190.000000,190.000000,188.733337,31300
2018-03-14,188.009995,193.000000,188.009995,188.009995,186.756592,64792
2018-03-15,190.000000,197.880005,188.009995,190.000000,188.733337,25635
2018-03-16,189.000000,197.880005,188.009995,189.000000,187.740005,6211
2018-03-19,199.990005,199.990005,188.009995,199.990005,198.656738,44396
2018-03-20,199.990005,199.990005,192.000000,199.990005,198.656738,10724
2018-03-21,194.000000,203.000000,193.000000,194.000000,192.706665,50939
2018-03-22,198.000000,203.000000,194.000000,198.000000,196.680008,55931
2018-03-23,198.000000,199.000000,193.509995,198.000000,196.680008,78080
2018-03-26,196.000000,204.199997,195.000000,196.000000,194.693329,46622
2018-03-27,201.000000,207.000000,195.000000,201.000000,199.660004,66620
2018-03-28,196.000000,201.000000,196.000000,196.000000,194.693329,60681
2018-03-29,198.000000,203.500000,198.000000,198.000000,196.680008,160893
2018-03-30,195.000000,201.000000,195.000000,195.000000,193.699997,75360
2018-04-02,194.000000,201.000000,192.000000,194.000000,192.706665,58916
2018-04-03,194.000000,194.000000,192.000000,194.000000,192.706665,36652
2018-04-09,204.199997,204.199997,192.000000,204.199997,202.838669,15573
2018-04-10,197.000000,200.000000,195.000000,197.000000,195.686661,73263
2018-04-11,195.000000,203.000000,194.000000,195.000000,193.699997,34912
2018-04-12,194.199997,194.199997,194.160004,194.199997,192.905334,4320
2018-04-13,195.000000,198.000000,193.500000,195.000000,193.699997,39956
2018-04-16,196.000000,203.000000,193.009995,196.000000,194.693329,100511
2018-04-17,193.500000,195.000000,192.000000,193.500000,192.210007,35401
2018-04-18,194.000000,200.000000,191.000000,194.000000,192.706665,19835
2018-04-19,192.500000,200.500000,192.000000,192.500000,191.216675,19463
2018-04-20,193.000000,200.000000,190.509995,193.000000,191.713333,30960
2018-04-23,192.000000,197.880005,188.009995,192.000000,190.720001,39890
2018-04-24,191.000000,197.500000,188.009995,191.000000,189.726669,25354
2018-04-25,188.009995,197.500000,188.009995,188.009995,186.756592,5755
2018-04-26,195.000000,197.500000,190.000000,195.000000,193.699997,27300
2018-04-27,192.000000,197.000000,188.009995,192.000000,190.720001,12500
2018-04-30,193.000000,194.000000,192.000000,193.000000,191.713333,12000
2018-05-02,193.000000,199.000000,190.000000,193.000000,191.713333,42460
2018-05-03,193.500000,195.000000,192.009995,193.500000,192.210007,23518
2018-05-04,193.000000,200.000000,190.009995,193.000000,191.713333,10704
2018-05-07,190.009995,195.000000,190.009995,190.009995,188.743256,18604
2018-05-08,192.500000,192.500000,190.009995,192.500000,191.216675,4110
2018-05-09,189.000000,193.000000,189.000000,189.000000,187.740005,49250
2018-05-10,188.000000,195.000000,188.000000,188.000000,186.746674,9202
2018-05-11,190.100006,195.000000,187.009995,190.100006,188.832672,37850
2018-05-14,189.500000,195.000000,187.009995,189.500000,188.236664,22400
2018-05-15,195.000000,195.000000,188.000000,195.000000,193.699997,18235
2018-05-16,190.500000,192.000000,187.009995,190.500000,189.229996,24500
2018-05-17,188.000000,194.000000,188.000000,188.000000,186.746674,9200
2018-05-18,190.500000,194.000000,188.000000,190.500000,189.229996,11100
2018-05-21,194.000000,194.000000,187.009995,194.000000,192.706665,12945
2018-05-22,189.000000,194.000000,187.009995,189.000000,187.740005,43440
2018-05-23,190.000000,194.000000,187.009995,190.000000,188.733337,28880
2018-05-24,191.000000,194.000000,188.000000,191.000000,189.726669,25400
2018-05-25,188.000000,190.500000,187.009995,188.000000,186.746674,12250
2018-05-28,188.000000,189.000000,185.000000,188.000000,186.746674,40200
2018-05-29,188.500000,192.000000,185.000000,188.500000,187.243332,20800
2018-05-30,188.000000,192.000000,185.000000,188.000000,186.746674,25004
2018-05-31,188.000000,193.000000,185.000000,188.000000,186.746674,16300
2018-06-01,189.000000,193.000000,185.000000,189.000000,187.740005,29000
2018-06-04,186.000000,189.000000,184.009995,186.000000,184.759995,45601
2018-06-05,188.000000,193.000000,184.009995,188.000000,186.746674,32079
2018-06-06,186.000000,195.000000,186.000000,186.000000,184.759995,16300
2018-06-07,198.000000,202.000000,186.000000,198.000000,196.680008,135348
2018-06-08,194.000000,200.000000,192.500000,194.000000,192.706665,43660
2018-06-11,197.500000,197.500000,192.000000,197.500000,196.183334,8502
2018-06-12,191.000000,199.000000,191.000000,191.000000,189.726669,42105
2018-06-13,191.000000,192.000000,188.000000,191.000000,189.726669,11700
2018-06-14,188.000000,195.000000,188.000000,188.000000,186.746674,39922
2018-06-15,193.000000,193.000000,186.000000,193.000000,191.713333,43600
2018-06-19,185.000000,188.000000,184.009995,185.000000,183.766663,60050
2018-06-20,182.000000,189.460007,182.000000,182.000000,180.786667,30420
2018-06-21,184.000000,191.000000,183.009995,184.000000,182.773331,26760
2018-06-22,190.000000,198.000000,185.009995,190.000000,188.733337,122802
2018-06-25,188.009995,191.000000,188.009995,188.009995,186.756592,26500
2018-06-26,188.000000,190.309998,185.000000,188.000000,186.746674,24800
2018-06-27,188.000000,196.830002,188.000000,188.000000,186.746674,58400
2018-06-28,189.000000,191.240005,187.009995,189.000000,187.740005,10500
2018-06-29,196.500000,196.500000,187.009995,196.500000,195.190002,17000
2018-07-02,193.000000,199.000000,189.000000,193.000000,191.713333,66220
2018-07-03,194.000000,205.250000,193.000000,194.000000,192.706665,170799
2018-07-04,195.500000,202.000000,193.000000,195.500000,194.196671,103870
2018-07-05,201.000000,201.000000,192.000000,201.000000,199.660004,44744
2018-07-06,197.000000,201.000000,190.009995,197.000000,195.686661,27025
2018-07-09,202.000000,202.000000,193.000000,202.000000,200.653336,68520
2018-07-10,205.000000,205.000000,195.500000,205.000000,203.633331,146480
2018-07-11,205.000000,205.000000,196.000000,205.000000,203.633331,17430
2018-07-12,196.000000,205.000000,196.000000,196.000000,194.693329,20580
2018-07-13,201.500000,202.000000,196.000000,201.500000,200.156662,28558
2018-07-16,203.000000,203.000000,196.000000,203.000000,201.646667,27115
2018-07-17,203.000000,203.000000,196.000000,203.000000,201.646667,33102
2018-07-18,194.000000,199.000000,194.000000,194.000000,192.706665,38110
2018-07-19,196.000000,197.000000,193.000000,196.000000,194.693329,49000
2018-07-20,195.000000,201.000000,191.000000,195.000000,193.699997,36094
2018-07-23,193.039993,199.000000,191.000000,193.039993,191.753067,26510
2018-07-24,192.000000,196.000000,190.009995,192.000000,190.720001,20010
2018-07-25,195.000000,200.000000,192.000000,195.000000,193.699997,38410
2018-07-26,193.000000,197.000000,191.009995,193.000000,191.713333,71950
2018-07-27,197.000000,199.000000,193.000000,197.000000,195.686661,48546
2018-07-30,193.000000,202.000000,193.000000,193.000000,191.713333,22067
2018-07-31,197.000000,204.199997,193.000000,197.000000,195.686661,82885
2018-08-01,199.500000,204.000000,192.000000,199.500000,198.169998,81307
2018-08-02,198.000000,199.500000,192.000000,198.000000,196.680008,21202
2018-08-03,198.000000,199.000000,194.000000,198.000000,196.680008,15275
2018-08-06,199.990005,199.990005,193.000000,199.990005,198.656738,43462
2018-08-07,198.000000,199.990005,192.000000,198.000000,196.680008,28565
2018-08-08,194.000000,195.000000,192.000000,194.000000,192.706665,41900
2018-08-09,195.000000,199.000000,193.000000,195.000000,193.699997,28160
2018-08-10,197.000000,199.000000,192.000000,197.000000,195.686661,17210
2018-08-13,195.000000,198.000000,187.000000,195.000000,193.699997,67100
2018-08-14,190.000000,190.399994,187.000000,190.000000,188.733337,29450
2018-08-15,189.000000,195.000000,185.509995,189.000000,187.740005,78212
2018-08-16,190.000000,195.250000,185.509995,190.000000,188.733337,3860
2018-08-17,190.000000,190.000000,186.000000,190.000000,188.733337,18055
2018-08-20,170.000000,192.000000,169.009995,170.000000,168.866669,116705
2018-08-21,183.000000,186.500000,169.009995,183.000000,181.779999,100975
2018-08-22,180.000000,182.000000,177.000000,180.000000,178.800003,7500
2018-08-23,176.009995,183.000000,176.009995,176.009995,174.836594,34064
2018-08-24,175.000000,184.000000,175.000000,175.000000,173.833328,15661
2018-08-27,174.000000,180.100006,172.000000,174.000000,172.839996,57579
2018-08-28,176.500000,176.500000,174.000000,176.500000,175.323334,10610
2018-08-29,177.000000,182.000000,174.000000,177.000000,175.820007,16014
2018-08-30,185.000000,191.000000,179.000000,185.000000,183.766663,26502
2018-08-31,189.000000,192.000000,184.009995,189.000000,187.740005,36265
2018-09-03,182.000000,188.410004,179.009995,182.000000,180.786667,36160
2018-09-04,180.000000,185.000000,177.000000,180.000000,178.800003,13220
2018-09-05,177.000000,185.000000,177.000000,177.000000,175.820007,7711
2018-09-06,187.000000,187.000000,179.000000,187.000000,185.753342,44050
2018-09-07,183.000000,186.000000,178.500000,183.000000,181.779999,41646
2018-09-10,183.000000,183.000000,176.509995,183.000000,181.779999,114250
2018-09-11,181.000000,185.000000,177.009995,181.000000,179.793335,97630
2018-09-12,177.009995,185.000000,177.009995,177.009995,175.829926,90801
2018-09-13,187.000000,187.000000,177.009995,187.000000,185.753342,83796
2018-09-14,180.000000,187.000000,180.000000,180.000000,178.800003,9480
2018-09-17,178.509995,181.000000,178.509995,178.509995,177.319931,11000
2018-09-18,184.199997,185.000000,176.000000,184.199997,182.972000,11110
2018-09-19,177.000000,184.199997,177.000000,177.000000,175.820007,2500
2018-09-20,183.000000,183.000000,176.000000,183.000000,181.779999,7450
2018-09-21,179.000000,181.000000,176.000000,179.000000,177.806671,19102
2018-09-25,179.000000,180.000000,177.000000,179.000000,177.806671,17129
2018-09-26,183.000000,183.000000,176.000000,183.000000,181.779999,7600
2018-09-27,183.000000,183.000000,176.000000,183.000000,181.779999,24300
2018-09-28,184.199997,184.199997,176.000000,184.199997,182.972000,5250
2018-10-01,179.000000,184.199997,177.000000,179.000000,177.806671,25659
2018-10-02,181.000000,181.000000,172.000000,181.000000,179.793335,38325
2018-10-03,177.000000,181.000000,174.000000,177.000000,175.820007,8015
2018-10-04,181.000000,181.000000,174.000000,181.000000,179.793335,13010
2018-10-05,181.000000,181.000000,175.000000,181.000000,179.793335,40035
2018-10-08,177.000000,183.000000,176.000000,177.000000,175.820007,16320
2018-10-09,176.000000,178.500000,176.000000,176.000000,174.826660,15000
2018-10-11,167.000000,176.000000,165.000000,167.000000,165.886673,94661
2018-10-12,178.000000,178.000000,168.000000,178.000000,176.813339,28150
2018-10-15,174.000000,178.000000,169.000000,174.000000,172.839996,9130
2018-10-16,176.000000,176.000000,168.000000,176.000000,174.826660,25210
2018-10-17,167.000000,173.000000,167.000000,167.000000,165.886673,14505
2018-10-18,164.000000,173.000000,164.000000,164.000000,162.906662,32920
2018-10-19,165.000000,168.000000,157.009995,165.000000,163.899994,65219
2018-10-22,161.000000,165.000000,161.000000,161.000000,159.926666,3750
2018-10-23,165.000000,166.000000,158.500000,165.000000,163.899994,14106
2018-10-24,163.000000,165.000000,157.000000,163.000000,161.913330,52550
2018-10-25,153.000000,162.000000,150.000000,153.000000,151.979996,32372
2018-10-26,147.000000,156.300003,144.000000,147.000000,146.020004,103442
2018-10-29,148.000000,148.000000,140.000000,148.000000,147.013336,82020
2018-10-30,140.000000,143.000000,136.000000,140.000000,139.066666,50420
2018-10-31,142.000000,143.990005,140.000000,142.000000,141.053329,34483
2018-11-01,152.000000,161.990005,142.000000,152.000000,150.986664,84905
2018-11-02,159.770004,159.770004,152.500000,159.770004,158.704865,10510
2018-11-05,156.000000,159.000000,156.000000,156.000000,154.960007,7200
2018-11-06,154.000000,154.000000,147.000000,154.000000,152.973328,21572
2018-11-07,152.000000,156.000000,152.000000,152.000000,150.986664,9002
2018-11-08,150.000000,156.000000,149.000000,150.000000,149.000000,27955
2018-11-09,150.000000,153.000000,146.000000,150.000000,149.000000,52411
2018-11-12,155.000000,155.000000,150.000000,155.000000,153.966675,64004
2018-11-13,153.000000,157.779999,151.000000,153.000000,151.979996,46250
2018-11-14,152.000000,157.000000,152.000000,152.000000,150.986664,14010
2018-11-15,161.000000,167.250000,153.000000,161.000000,159.926666,63510
2018-11-16,163.000000,172.500000,162.000000,163.000000,161.913330,65600
2018-11-19,168.000000,175.000000,166.000000,168.000000,166.880005,56562
2018-11-20,164.000000,170.000000,163.000000,164.000000,162.906662,63200
2018-11-21,164.000000,166.000000,163.000000,164.000000,162.906662,29800
2018-11-22,161.000000,166.000000,161.000000,161.000000,159.926666,107100
2018-11-23,163.000000,163.000000,158.000000,163.000000,161.913330,25275
2018-11-26,162.000000,165.000000,160.000000,162.000000,160.919998,7000
2018-11-27,164.500000,165.000000,160.000000,164.500000,163.403336,3012
2018-11-28,164.000000,165.000000,160.000000,164.000000,162.906662,58218
2018-11-29,169.000000,172.000000,164.000000,169.000000,167.873337,203869
2018-11-30,168.000000,172.000000,164.000000,168.000000,166.880005,48270
2018-12-03,172.000000,176.000000,168.000000,172.000000,170.853333,208050
2018-12-04,170.000000,176.000000,168.000000,170.000000,168.866669,51834
2018-12-05,170.000000,175.000000,167.000000,170.000000,168.866669,19300
2018-12-06,169.000000,172.000000,169.000000,169.000000,167.873337,23900
2018-12-07,170.000000,170.000000,169.000000,170.000000,168.866669,3400
2018-12-10,175.000000,175.000000,168.000000,175.000000,173.833328,55401
2018-12-11,173.000000,178.000000,170.000000,173.000000,171.846664,7782
2018-12-12,175.000000,178.000000,170.000000,175.000000,173.833328,20045
2018-12-13,173.000000,175.000000,170.000000,173.000000,171.846664,24002
2018-12-14,178.000000,178.000000,170.000000,178.000000,176.813339,8200
2018-12-17,173.000000,174.199997,170.000000,173.000000,171.846664,14320
2018-12-18,171.000000,172.000000,170.000000,171.000000,169.860001,32000
2018-12-19,170.000000,172.000000,168.000000,170.000000,168.866669,13335
2018-12-20,164.000000,170.000000,164.000000,164.000000,162.906662,41700
2018-12-21,168.000000,168.000000,162.910004,168.000000,166.880005,20708
2018-12-24,167.000000,169.000000,165.000000,167.000000,165.886673,9300
2018-12-25,166.699997,172.000000,165.000000,166.699997,165.588669,16005
2018-12-26,165.000000,168.000000,164.000000,165.000000,163.899994,9500
2018-12-27,167.000000,168.000000,165.000000,167.000000,165.886673,29000
2018-12-28,176.000000,176.000000,165.000000,176.000000,174.826660,48105
2019-01-02,172.000000,172.000000,167.000000,172.000000,170.853333,88255
2019-01-03,170.000000,170.000000,164.899994,170.000000,168.866669,41250
2019-01-04,170.000000,170.000000,163.000000,170.000000,168.866669,51220
2019-01-07,165.000000,170.000000,165.000000,165.000000,163.899994,10050
2019-01-08,165.000000,168.000000,165.000000,165.000000,163.899994,22815
2019-01-09,162.000000,165.000000,162.000000,162.000000,160.919998,22100
2019-01-10,167.300003,168.000000,164.000000,167.300003,166.184677,28373
2019-01-11,167.000000,171.000000,166.000000,167.000000,165.886673,27000
2019-01-14,172.000000,172.000000,169.000000,172.000000,170.853333,14100
2019-01-15,171.000000,171.000000,168.000000,171.000000,169.860001,9000
2019-01-16,175.000000,176.000000,168.000000,175.000000,173.833328,36135
2019-01-17,171.000000,177.000000,170.000000,171.000000,169.860001,20100
2019-01-18,170.000000,172.000000,170.000000,170.000000,168.866669,35743
2019-01-21,177.000000,177.000000,170.000000,177.000000,175.820007,9705
2019-01-22,171.000000,171.000000,170.000000,171.000000,169.860001,12800
2019-01-23,171.000000,172.000000,169.000000,171.000000,169.860001,24610
2019-01-24,171.000000,171.000000,169.000000,171.000000,169.860001,13900
2019-01-25,175.000000,177.000000,170.000000,175.000000,173.833328,66755
2019-01-28,172.000000,174.000000,172.000000,172.000000,170.853333,17100
2019-01-29,170.000000,177.000000,170.000000,170.000000,168.866669,7350
2019-01-30,177.000000,177.000000,170.000000,177.000000,175.820007,29177
2019-02-11,173.000000,175.000000,172.000000,173.000000,171.846664,12010
2019-02-12,173.000000,175.000000,171.000000,173.000000,171.846664,28950
2019-02-13,170.000000,173.000000,170.000000,170.000000,168.866669,39010
2019-02-14,169.000000,173.000000,169.000000,169.000000,167.873337,31030
2019-02-15,169.000000,174.000000,168.000000,169.000000,167.873337,26100
2019-02-18,171.100006,171.500000,168.000000,171.100006,169.959335,66500
2019-02-19,174.000000,183.000000,172.000000,174.000000,172.839996,105520
2019-02-20,180.000000,185.000000,174.000000,180.000000,178.800003,84242
2019-02-21,187.000000,189.000000,176.000000,187.000000,185.753342,163360
2019-02-22,195.000000,198.000000,183.000000,195.000000,193.699997,125005
2019-02-25,189.000000,193.000000,185.000000,189.000000,187.740005,78860
2019-02-26,185.000000,193.000000,179.910004,185.000000,183.766663,132846
2019-02-27,190.199997,190.199997,182.000000,190.199997,188.931992,21600
2019-03-04,190.000000,191.000000,186.000000,190.000000,188.733337,31010
2019-03-05,195.000000,201.990005,186.000000,195.000000,193.699997,253690
2019-03-06,193.000000,201.990005,190.000000,193.000000,191.713333,93823
2019-03-07,190.000000,190.000000,187.000000,190.000000,188.733337,10660
2019-03-08,191.000000,191.000000,185.000000,191.000000,189.726669,16035
2019-03-11,191.000000,192.500000,184.000000,191.000000,189.726669,46982
2019-03-12,193.000000,195.000000,187.000000,193.000000,191.713333,76900
2019-03-13,195.000000,200.000000,191.000000,195.000000,193.699997,189152
2019-03-14,197.000000,204.000000,193.500000,197.000000,195.686661,86230
2019-03-15,204.000000,204.000000,194.500000,204.000000,202.639999,19025
2019-03-18,199.800003,205.000000,195.000000,199.800003,198.468002,184098
2019-03-19,198.000000,200.000000,197.000000,198.000000,196.680008,33000
2019-03-20,195.000000,199.000000,194.910004,195.000000,193.699997,33272
2019-03-21,198.000000,198.000000,195.000000,198.000000,196.680008,46000
2019-03-22,203.000000,205.000000,195.000000,203.000000,201.646667,95468
2019-03-25,198.000000,199.000000,195.000000,198.000000,196.680008,66200
2019-03-26,207.000000,207.000000,197.000000,207.000000,205.619995,481100
2019-03-27,207.000000,207.000000,198.000000,207.000000,205.619995,194520
2019-03-28,201.000000,204.000000,197.000000,201.000000,199.660004,150583
2019-03-29,202.000000,202.000000,196.000000,202.000000,200.653336,36110
2019-04-01,198.000000,202.000000,196.000000,198.000000,196.680008,14601
2019-04-02,215.000000,215.000000,199.000000,215.000000,213.566666,434586
2019-04-03,217.000000,220.000000,204.910004,217.000000,215.553329,602788
2019-04-08,220.000000,222.000000,208.000000,220.000000,218.533340,216184
2019-04-09,221.000000,223.000000,211.000000,221.000000,219.526672,79735
2019-04-10,211.000000,222.000000,210.000000,211.000000,209.593338,137534
2019-04-11,215.000000,222.000000,211.000000,215.000000,213.566666,246398
2019-04-12,220.000000,225.000000,212.000000,220.000000,218.533340,217345
2019-04-15,230.000000,231.000000,214.000000,230.000000,228.466675,684949
2019-04-16,230.000000,230.000000,218.000000,230.000000,228.466675,82217
2019-04-17,241.000000,241.000000,221.220001,241.000000,239.393341,466821
2019-04-18,240.000000,249.990005,230.000000,240.000000,238.399994,441750
2019-04-19,236.000000,241.000000,223.000000,236.000000,234.426666,155714
2019-04-22,218.000000,236.000000,218.000000,218.000000,216.546661,200122
2019-04-23,217.000000,227.000000,217.000000,217.000000,215.553329,68650
2019-04-24,216.000000,226.000000,215.000000,216.000000,214.559998,97627
2019-04-25,213.000000,219.000000,209.000000,213.000000,211.580002,86820
2019-04-26,212.000000,216.300003,208.000000,212.000000,210.586670,131870
2019-04-29,206.000000,210.000000,203.000000,206.000000,204.626663,89342
2019-04-30,216.000000,220.000000,206.000000,216.000000,214.559998,269456
2019-05-02,210.000000,215.000000,205.000000,210.000000,208.600006,63498
2019-05-03,203.000000,210.000000,199.500000,203.000000,201.646667,254166
2019-05-06,205.000000,205.000000,197.800003,205.000000,203.633331,79981
2019-05-07,207.000000,210.000000,200.000000,207.000000,205.619995,177993
2019-05-08,213.000000,213.000000,200.500000,213.000000,211.580002,377001
2019-05-09,210.000000,214.000000,201.000000,210.000000,208.600006,291861
2019-05-10,214.000000,214.000000,204.000000,214.000000,212.573334,120081
2019-05-13,212.000000,214.000000,205.000000,212.000000,210.586670,307312
2019-05-14,214.000000,215.000000,202.809998,214.000000,212.573334,204302
2019-05-15,214.000000,215.000000,208.000000,214.000000,212.573334,142518
2019-05-16,215.000000,215.000000,208.000000,215.000000,213.566666,252627
2019-05-17,218.000000,218.000000,207.000000,218.000000,216.546661,267953
2019-05-20,217.500000,220.000000,210.000000,217.500000,216.050003,150413
2019-05-21,220.000000,223.000000,215.000000,220.000000,218.533340,213349
2019-05-22,227.000000,227.000000,215.000000,227.000000,225.486664,247846
2019-05-23,219.000000,225.000000,216.500000,219.000000,217.540009,78547
2019-05-24,221.000000,222.000000,218.940002,221.000000,219.526672,222802
2019-05-27,222.000000,223.000000,215.000000,222.000000,220.520004,251608
2019-05-28,221.000000,223.000000,220.000000,221.000000,219.526672,70280
2019-05-29,224.000000,225.000000,219.000000,224.000000,222.506668,205643
2019-05-30,223.000000,225.000000,218.000000,223.000000,221.513336,72990
2019-05-31,226.000000,226.000000,220.000000,226.000000,224.493332,141195
2019-06-03,226.000000,227.000000,217.000000,226.000000,224.493332,129939
2019-06-04,224.000000,227.000000,218.000000,224.000000,222.506668,56653
2019-06-05,224.000000,225.000000,217.000000,224.000000,222.506668,134463
2019-06-06,224.000000,225.000000,217.000000,224.000000,222.506668,150022
2019-06-10,225.000000,225.000000,219.000000,225.000000,223.500000,405462
2019-06-11,223.000000,224.000000,219.500000,223.000000,221.513336,204113
2019-06-12,222.000000,224.000000,218.000000,222.000000,220.520004,112402
2019-06-13,224.000000,225.000000,218.000000,224.000000,222.506668,17021
2019-06-14,225.000000,227.000000,219.000000,225.000000,223.500000,86468
2019-06-17,225.000000,227.000000,221.000000,225.000000,223.500000,25524
2019-06-18,223.000000,226.000000,216.000000,223.000000,221.513336,78449
2019-06-19,222.000000,225.000000,220.000000,222.000000,220.520004,107510
2019-06-20,225.000000,225.000000,220.000000,225.000000,223.500000,1470
2019-06-21,222.000000,225.000000,218.000000,222.000000,220.520004,41205
2019-06-24,223.000000,225.000000,218.000000,223.000000,221.513336,111120
2019-06-25,224.000000,224.000000,222.000000,224.000000,222.506668,101849
2019-06-26,224.000000,224.000000,216.000000,221.000000,219.526672,252381
2019-06-27,220.000000,224.000000,219.000000,222.000000,220.520004,25405
2019-06-28,221.000000,222.000000,220.000000,220.000000,218.533340,166680
2019-07-01,224.000000,224.000000,220.000000,222.000000,220.520004,123920
2019-07-02,220.000000,222.000000,218.000000,221.000000,219.526672,43200
2019-07-03,218.000000,225.000000,215.000000,225.000000,223.500000,224150
2019-07-04,226.000000,235.000000,221.000000,227.000000,225.486664,170743
2019-07-05,230.000000,230.000000,219.000000,223.000000,221.513336,111645
2019-07-08,226.000000,230.000000,220.000000,222.000000,220.520004,102700
2019-07-09,228.000000,228.000000,221.000000,227.000000,225.486664,28096
2019-07-10,230.000000,230.000000,222.000000,222.000000,220.520004,50360
2019-07-11,223.000000,225.000000,222.000000,223.000000,221.513336,110210
2019-07-12,223.000000,227.000000,221.000000,227.000000,225.486664,13201
2019-07-15,223.000000,227.000000,222.000000,224.000000,222.506668,103076
2019-07-16,228.000000,228.000000,220.000000,220.000000,218.533340,175902
2019-07-17,224.000000,227.000000,220.000000,224.000000,222.506668,706839
2019-07-18,227.000000,227.000000,220.000000,222.000000,220.520004,31057
2019-07-19,225.000000,225.000000,220.000000,225.000000,223.500000,8200
2019-07-22,220.000000,224.500000,220.000000,221.000000,221.000000,33995
2019-07-23,225.000000,225.000000,218.000000,221.860001,221.860001,19798
2019-07-24,225.000000,225.000000,215.000000,218.000000,218.000000,34150
2019-07-25,220.000000,220.000000,207.000000,212.000000,212.000000,100703
2019-07-26,210.000000,214.000000,208.500000,211.000000,211.000000,88885
2019-07-29,209.000000,214.000000,206.000000,210.000000,210.000000,77400
2019-07-30,206.000000,215.000000,205.000000,212.000000,212.000000,93612
2019-07-31,210.000000,220.000000,209.000000,215.000000,215.000000,21290
2019-08-01,214.000000,214.100006,211.000000,214.000000,214.000000,8285
2019-08-02,209.000000,213.000000,209.000000,211.000000,211.000000,33414
2019-08-05,213.000000,213.000000,208.000000,208.000000,208.000000,17600
2019-08-06,206.000000,209.000000,200.000000,208.000000,208.000000,86545
2019-08-07,210.000000,210.000000,198.000000,205.000000,205.000000,62220
2019-08-08,198.000000,203.000000,197.000000,199.000000,199.000000,74865
2019-08-12,199.029999,202.000000,195.000000,198.000000,198.000000,25290
2019-08-13,194.000000,201.000000,192.000000,195.000000,195.000000,70950
2019-08-14,201.000000,201.000000,195.000000,195.000000,195.000000,29603
2019-08-15,196.000000,198.000000,194.000000,196.000000,196.000000,26936
2019-08-16,198.000000,205.000000,196.000000,202.000000,202.000000,89506
2019-08-19,198.000000,200.000000,196.500000,199.000000,199.000000,68010
2019-08-20,200.000000,210.300003,196.000000,202.000000,202.000000,58075
2019-08-21,202.000000,202.000000,198.000000,201.000000,201.000000,72964
2019-08-22,202.000000,204.000000,198.000000,201.000000,201.000000,155096
2019-08-23,199.000000,204.000000,196.000000,202.000000,202.000000,20992
2019-08-26,201.000000,202.000000,200.000000,200.000000,200.000000,115725
2019-08-27,200.000000,201.500000,196.000000,200.000000,200.000000,36500
2019-08-28,202.500000,202.500000,196.000000,202.000000,202.000000,14457
2019-08-29,202.000000,203.000000,196.000000,201.000000,201.000000,17000
2019-08-30,198.899994,202.500000,196.000000,199.000000,199.000000,34469
2019-09-02,202.000000,202.000000,196.000000,201.000000,201.000000,22250
2019-09-03,199.500000,201.000000,198.000000,198.000000,198.000000,39260
2019-09-04,198.000000,202.000000,196.000000,202.000000,202.000000,30402
2019-09-05,199.000000,202.000000,196.000000,198.000000,198.000000,46062
2019-09-06,201.000000,211.500000,198.000000,207.000000,207.000000,109145
2019-09-10,210.000000,223.000000,205.000000,214.000000,214.000000,202459
2019-09-11,221.000000,224.000000,210.000000,215.000000,215.000000,117151
2019-09-12,216.000000,218.000000,209.000000,217.000000,217.000000,66950
2019-09-16,216.000000,216.000000,209.000000,209.000000,209.000000,59350
2019-09-17,211.000000,211.000000,198.000000,201.500000,201.500000,68260
2019-09-18,202.000000,205.000000,195.000000,205.000000,205.000000,108410
2019-09-19,198.000000,205.000000,196.000000,203.000000,203.000000,95855
2019-09-20,203.000000,207.000000,197.500000,207.000000,207.000000,25228
2019-09-23,198.000000,204.199997,193.000000,195.000000,195.000000,197016
2019-09-24,197.000000,202.000000,193.000000,195.000000,195.000000,145936
2019-09-25,197.000000,203.990005,192.500000,201.000000,201.000000,125723
2019-09-26,201.000000,201.000000,192.000000,197.000000,197.000000,77116
2019-09-27,197.000000,197.000000,189.000000,193.000000,193.000000,215382
2019-10-01,192.000000,196.000000,187.000000,191.000000,191.000000,96740
2019-10-02,196.000000,197.000000,188.000000,191.000000,191.000000,199317
2019-10-03,191.100006,197.000000,189.000000,190.000000,190.000000,98850
2019-10-04,192.000000,197.889999,185.000000,190.000000,190.000000,154430
2019-10-07,179.000000,181.500000,177.500000,178.500000,178.500000,2450008
2019-10-08,180.000000,180.000000,172.500000,173.000000,173.000000,1081150
2019-10-09,172.000000,172.000000,168.000000,168.500000,168.500000,834110
2019-10-14,169.000000,171.500000,168.000000,168.500000,168.500000,340250
2019-10-15,168.500000,169.000000,162.500000,162.500000,162.500000,636320
2019-10-16,162.500000,167.500000,162.500000,164.000000,164.000000,424624
2019-10-17,165.000000,166.000000,163.000000,166.000000,166.000000,310469
2019-10-18,166.500000,166.500000,165.500000,165.500000,165.500000,232801
2019-10-21,165.500000,171.500000,165.500000,170.500000,170.500000,458689
2019-10-22,170.500000,171.000000,168.000000,168.500000,168.500000,253271
2019-10-23,168.500000,168.500000,166.000000,166.500000,166.500000,184950
2019-10-24,167.000000,167.500000,166.500000,167.000000,167.000000,157008
2019-10-25,168.000000,168.000000,167.000000,167.500000,167.500000,136239
2019-10-28,167.500000,167.500000,165.000000,165.500000,165.500000,151308
2019-10-29,165.000000,171.000000,165.000000,170.500000,170.500000,647315
2019-10-30,170.500000,172.000000,168.000000,170.500000,170.500000,375635
2019-10-31,170.500000,170.500000,168.000000,168.000000,168.000000,229825
2019-11-01,167.500000,168.500000,166.500000,168.500000,168.500000,152105
2019-11-04,169.000000,169.000000,167.500000,168.000000,168.000000,220930
2019-11-05,167.500000,167.500000,166.500000,166.500000,166.500000,208343
2019-11-06,167.000000,167.500000,164.500000,165.500000,165.500000,281100
2019-11-07,164.500000,165.000000,161.000000,162.000000,162.000000,351262
2019-11-08,163.500000,163.500000,161.000000,161.500000,161.500000,136180
2019-11-11,160.500000,160.500000,155.000000,155.500000,155.500000,319270
2019-11-12,156.000000,158.000000,156.000000,157.500000,157.500000,79288
2019-11-13,158.500000,158.500000,154.500000,157.000000,157.000000,132500
2019-11-14,158.500000,158.500000,156.500000,157.000000,157.000000,122010
2019-11-15,159.000000,172.000000,158.500000,172.000000,172.000000,735055
2019-11-18,169.000000,171.000000,169.000000,170.000000,170.000000,369928
2019-11-19,170.000000,170.000000,166.500000,167.000000,167.000000,205045
2019-11-20,169.000000,171.000000,165.500000,169.000000,169.000000,247030
2019-11-21,170.000000,170.000000,167.500000,169.000000,169.000000,131707
2019-11-22,170.000000,175.500000,167.500000,170.500000,170.500000,439438
2019-11-25,170.500000,170.500000,167.500000,168.500000,168.500000,192170
2019-11-26,169.500000,170.000000,168.000000,169.500000,169.500000,115589
2019-11-27,170.000000,171.000000,168.000000,168.000000,168.000000,202833
2019-11-28,168.000000,168.000000,166.000000,166.000000,166.000000,167100
2019-11-29,166.500000,166.500000,165.000000,165.000000,165.000000,89810
2019-12-02,165.000000,167.500000,165.000000,166.000000,166.000000,88223
2019-12-03,170.000000,176.500000,170.000000,175.500000,175.500000,1350071
2019-12-04,175.000000,175.500000,171.000000,172.000000,172.000000,488533
2019-12-05,174.500000,175.000000,172.500000,173.000000,173.000000,306280
2019-12-06,175.000000,176.000000,173.500000,174.500000,174.500000,286770
2019-12-09,175.500000,175.500000,173.000000,174.000000,174.000000,154470
2019-12-10,174.000000,174.000000,170.000000,171.000000,171.000000,209432
2019-12-11,174.500000,176.500000,172.000000,174.000000,174.000000,348328
2019-12-12,174.000000,174.000000,172.500000,173.500000,173.500000,168680
2019-12-13,174.000000,175.000000,172.000000,174.500000,174.500000,197301
2019-12-16,173.000000,174.500000,173.000000,173.000000,173.000000,600
2019-12-17,173.000000,174.000000,172.000000,173.000000,173.000000,145200
2019-12-18,173.000000,175.000000,173.000000,174.000000,174.000000,254213
2019-12-19,173.500000,176.000000,172.000000,176.000000,176.000000,242830
2019-12-20,176.000000,176.000000,173.500000,173.500000,173.500000,139116
2019-12-23,173.000000,173.000000,172.500000,173.000000,173.000000,72150
2019-12-24,173.500000,173.500000,172.500000,173.000000,173.000000,59050
2019-12-25,174.000000,174.000000,173.000000,173.000000,173.000000,83100
2019-12-26,173.500000,174.000000,172.500000,173.000000,173.000000,75010
2019-12-27,174.000000,174.000000,173.000000,174.000000,174.000000,82183
2019-12-30,175.000000,179.500000,174.000000,178.000000,178.000000,476619
2019-12-31,177.000000,183.000000,177.000000,181.500000,181.500000,572309
2020-01-02,182.000000,182.000000,178.000000,180.500000,180.500000,454250
2020-01-03,183.000000,183.000000,176.000000,176.500000,176.500000,517027
2020-01-06,177.500000,180.000000,176.000000,178.500000,178.500000,218300
2020-01-07,177.500000,177.500000,174.000000,175.000000,175.000000,211310
2020-01-08,174.000000,174.000000,171.000000,172.500000,172.500000,114539
2020-01-09,173.000000,174.500000,173.000000,174.500000,174.500000,67500
2020-01-10,174.500000,175.500000,174.500000,174.500000,174.500000,89350
2020-01-13,175.500000,178.500000,175.000000,178.500000,178.500000,242085
2020-01-14,178.000000,178.500000,174.000000,175.500000,175.500000,190404
2020-01-15,175.500000,175.500000,173.000000,173.500000,173.500000,126255
2020-01-16,173.000000,174.500000,172.500000,174.500000,174.500000,89459
2020-01-17,175.000000,175.500000,172.500000,172.500000,172.500000,154220
2020-01-20,173.000000,173.000000,172.000000,172.500000,172.500000,92140
2020-01-30,159.000000,168.000000,159.000000,159.500000,159.500000,352371
2020-01-31,159.000000,163.000000,159.000000,162.000000,162.000000,178260
2020-02-03,150.000000,158.500000,150.000000,154.500000,154.500000,270710
2020-02-04,173.000000,173.000000,154.000000,154.000000,154.000000,235290
2020-02-05,156.000000,156.000000,153.000000,153.500000,153.500000,135138
2020-02-06,154.000000,156.000000,154.000000,155.500000,155.500000,111027
2020-02-07,155.000000,155.000000,148.000000,150.000000,150.000000,404160
2020-02-10,147.000000,147.000000,142.500000,144.500000,144.500000,297378
2020-02-11,145.500000,150.500000,145.000000,150.000000,150.000000,221551
2020-02-12,151.500000,154.000000,151.500000,153.000000,153.000000,124054
2020-02-13,154.000000,155.000000,151.500000,152.500000,152.500000,164663
2020-02-14,153.000000,153.000000,151.000000,151.500000,151.500000,121150
2020-02-17,151.500000,151.500000,148.500000,149.000000,149.000000,127080
2020-02-18,149.000000,150.500000,148.500000,149.000000,149.000000,90382
2020-02-19,149.000000,150.500000,149.000000,149.500000,149.500000,92455
2020-02-20,150.500000,150.500000,148.500000,149.000000,149.000000,61000
2020-02-21,149.000000,150.500000,148.000000,150.000000,150.000000,84200
2020-02-24,150.000000,150.000000,147.000000,148.500000,148.500000,120200
2020-02-25,146.500000,147.500000,145.500000,147.000000,147.000000,107057
2020-02-26,147.000000,148.000000,146.500000,147.500000,147.500000,68922
2020-02-27,147.000000,148.500000,141.500000,143.000000,143.000000,280100
2020-03-02,130.500000,141.500000,130.500000,137.000000,137.000000,226365
2020-03-03,140.500000,141.000000,138.500000,140.500000,140.500000,140460
2020-03-04,139.500000,142.500000,137.500000,142.000000,142.000000,126465
2020-03-05,142.000000,145.000000,139.000000,142.000000,142.000000,131200
2020-03-06,140.500000,140.500000,139.000000,139.500000,139.500000,40000
2020-03-09,137.000000,137.000000,134.000000,134.000000,134.000000,170700
2020-03-10,133.000000,134.000000,130.000000,133.500000,133.500000,193533
2020-03-11,134.000000,134.000000,130.000000,131.000000,131.000000,85985
2020-03-12,129.000000,129.000000,118.500000,119.500000,119.500000,459655
2020-03-13,110.000000,112.000000,108.000000,111.000000,111.000000,483200
2020-03-16,111.000000,111.500000,103.000000,103.000000,103.000000,303958
2020-03-17,99.400002,101.500000,95.099998,96.300003,96.300003,423906
2020-03-18,96.400002,104.000000,96.400002,99.099998,99.099998,171600
2020-03-19,98.900002,98.900002,89.199997,89.199997,89.199997,320850
2020-03-20,90.000000,94.000000,89.599998,90.000000,90.000000,361505
2020-03-23,88.000000,88.000000,81.500000,84.300003,84.300003,240836
2020-03-24,85.099998,91.000000,85.099998,89.099998,89.099998,361633
2020-03-25,95.500000,95.599998,89.699997,89.699997,89.699997,382718
2020-03-26,91.500000,94.500000,89.500000,92.000000,92.000000,250759
2020-03-27,95.000000,101.000000,94.500000,101.000000,101.000000,550106
2020-03-30,97.000000,99.099998,94.000000,99.000000,99.000000,381946
2020-03-31,99.099998,102.000000,97.500000,99.199997,99.199997,213687
2020-04-01,99.199997,101.500000,97.099998,100.000000,100.000000,137399