Date,Open,High,Low,Close,Adj Close,Volume
2016-04-12,52.892601,54.545502,49.669399,50.000000,39.142963,7183
2016-04-13,50.000000,51.818199,47.851200,50.909100,39.854656,4509
2016-04-14,50.991699,54.214901,50.247898,52.479301,41.083904,4362
2016-04-15,51.735500,52.396702,50.826401,51.818199,40.566357,2238
2016-04-18,51.570202,52.975201,50.578499,52.644600,41.213310,3179
2016-04-19,52.644600,52.727299,51.157001,51.239700,40.113472,2030
2016-04-20,51.570202,52.644600,50.991699,52.148800,40.825169,2601
2016-04-21,52.975201,57.355400,52.809898,57.355400,44.901203,7866
2016-04-22,56.198299,59.090900,55.785099,57.272701,44.836460,6396
2016-04-25,56.694199,57.190102,54.628101,55.619801,43.542473,2710
2016-04-26,55.289299,56.280998,53.966900,55.289299,43.283737,2563
2016-04-27,55.041302,56.611599,54.545502,55.371899,43.348404,2740
2016-04-28,55.454498,55.785099,53.305801,53.305801,41.730934,2210
2016-04-29,52.809898,52.809898,50.909100,52.313999,40.954498,2288
2016-05-03,51.735500,52.066101,50.909100,51.652901,40.436951,1223
2016-05-04,51.652901,52.396702,51.239700,52.148800,40.825169,998
2016-05-05,52.148800,53.719002,51.487598,53.719002,42.054417,1975
2016-05-06,53.140499,53.305801,52.231400,52.479301,41.083904,1317
2016-05-09,52.892601,52.892601,50.413200,50.413200,39.466438,1397
2016-05-10,51.157001,52.479301,50.826401,51.900799,40.631020,1531
2016-05-11,52.479301,53.223099,51.322300,51.652901,40.436951,1585
2016-05-12,51.404999,52.231400,51.074402,51.074402,39.984066,1295
2016-05-13,50.826401,50.826401,48.842999,49.669399,38.884148,1698
2016-05-16,49.338799,50.247898,49.090900,49.256199,38.560669,528
2016-05-17,49.917400,51.157001,49.338799,50.991699,39.919319,1214
2016-05-18,50.330601,50.661201,49.917400,50.082600,39.207623,649
2016-05-19,50.165298,50.413200,49.173599,49.256199,38.560669,696
2016-05-20,49.917400,51.322300,49.173599,50.909100,39.854656,1331
2016-05-23,51.239700,52.313999,50.826401,52.066101,40.760426,1536
2016-05-24,52.066101,52.396702,51.404999,51.983501,40.695763,790
2016-05-25,52.479301,53.305801,51.735500,52.313999,40.954498,1769
2016-05-26,51.074402,51.487598,50.413200,50.743801,39.725254,1597
2016-05-27,50.826401,50.991699,50.000000,50.495899,39.531181,938
2016-05-30,50.495899,50.743801,50.000000,50.661201,39.660591,822
2016-05-31,50.743801,50.826401,49.752102,50.082600,39.207623,756
2016-06-01,50.247898,51.322300,50.247898,50.413200,39.466438,646
2016-06-02,50.578499,50.991699,50.082600,50.661201,39.660591,626
2016-06-03,50.826401,52.479301,50.578499,51.983501,40.695763,1656
2016-06-04,null,null,null,null,null,null
2016-06-06,51.570202,51.570202,50.247898,50.413200,39.466438,681
2016-06-07,50.661201,51.404999,50.661201,51.239700,40.113472,1084
2016-06-08,51.157001,51.900799,50.826401,51.570202,40.372204,1715
2016-06-13,51.157001,51.157001,50.578499,50.661201,39.660591,746
2016-06-14,50.578499,51.157001,50.495899,50.826401,39.789913,945
2016-06-15,50.991699,52.148800,50.661201,51.735500,40.501614,2336
2016-06-16,51.652901,51.735500,50.661201,50.991699,39.919319,1139
2016-06-17,51.404999,51.404999,50.991699,51.157001,40.048733,706
2016-06-20,51.487598,51.652901,51.239700,51.652901,40.436951,1710
2016-06-21,49.256199,50.578499,49.256199,50.000000,41.814404,2025
2016-06-22,50.247898,50.247898,49.256199,49.917400,41.745319,935
2016-06-23,49.421501,50.247898,49.256199,50.082600,41.883476,924
2016-06-24,49.917400,49.917400,47.355400,48.099201,40.224785,1778
2016-06-27,47.520699,48.512402,47.438000,48.099201,40.224785,490
2016-06-28,47.768600,49.008301,47.768600,48.595001,40.639416,2992
2016-06-29,49.090900,49.421501,48.842999,49.008301,40.985054,580
2016-06-30,49.173599,49.256199,48.677700,48.677700,40.708576,378
2016-07-01,49.008301,49.008301,48.099201,48.181801,40.293865,519
2016-07-04,48.264500,48.512402,48.181801,48.264500,40.363026,209
2016-07-05,48.347099,48.512402,47.851200,48.016499,40.155621,370
2016-07-06,47.768600,47.933899,47.190102,47.272701,39.533592,510
2016-07-07,47.272701,47.768600,46.942101,47.438000,39.671829,525
2016-07-08,47.438000,47.438000,47.438000,47.438000,39.671829,0
2016-07-11,48.264500,48.347099,47.272701,47.355400,39.602753,419
2016-07-12,47.355400,48.016499,47.355400,47.438000,39.671829,457
2016-07-13,47.438000,47.520699,45.537201,45.950401,38.427773,1583
2016-07-14,46.280998,46.446301,45.537201,45.702499,38.220451,808
2016-07-15,45.702499,46.280998,44.793400,44.875999,37.529263,1760
2016-07-18,44.710701,45.041302,42.975201,43.636398,36.492596,1948
2016-07-19,43.636398,44.132198,43.057800,44.049599,36.838154,1880
2016-07-20,44.132198,44.214901,42.644600,43.223099,36.146957,1132
2016-07-21,43.553699,46.776901,43.388401,45.702499,38.220451,3193
2016-07-22,45.371899,45.950401,44.875999,45.537201,38.082214,1869
2016-07-25,46.115700,46.611599,45.454498,45.702499,38.220451,1483
2016-07-26,46.033100,46.033100,44.875999,45.206600,37.805740,744
2016-07-27,45.454498,46.446301,45.206600,46.198299,38.635082,1651
2016-07-28,46.446301,47.520699,46.363602,47.190102,39.464520,2947
2016-07-29,47.190102,47.272701,46.528900,46.694199,39.049797,1170
2016-08-01,46.859501,46.859501,45.619801,46.446301,38.842487,716
2016-08-02,46.528900,46.942101,45.950401,46.528900,38.911560,568
2016-08-03,46.280998,46.280998,45.537201,45.702499,38.220451,624
2016-08-04,45.785099,46.280998,45.785099,45.785099,38.289528,538
2016-08-05,46.115700,46.115700,45.454498,45.454498,38.013050,586
2016-08-08,45.619801,45.950401,45.041302,45.454498,38.013050,563
2016-08-09,45.619801,46.198299,45.289299,46.115700,38.566010,761
2016-08-10,46.694199,48.181801,46.280998,47.933899,40.086544,3235
2016-08-11,47.107399,47.851200,46.363602,47.438000,39.671829,2231
2016-08-12,47.686001,48.595001,47.520699,47.851200,40.017384,2226
2016-08-15,47.851200,47.933899,46.942101,47.851200,40.017384,1046
2016-08-16,48.016499,50.165298,47.603298,49.586800,41.468845,3607
2016-08-17,49.256199,49.917400,49.008301,49.173599,41.123291,2210
2016-08-18,49.173599,50.000000,48.760300,50.000000,41.814404,1609
2016-08-19,50.247898,50.661201,49.256199,49.338799,41.261448,2464
2016-08-22,49.338799,49.338799,47.355400,47.851200,40.017384,1063
2016-08-23,48.016499,48.677700,47.933899,48.181801,40.293865,822
2016-08-24,48.429798,50.000000,48.429798,49.669399,41.537922,2743
2016-08-25,49.421501,49.834702,49.090900,49.752102,41.607086,1297
2016-08-26,49.669399,50.000000,49.173599,49.338799,41.261448,1026
2016-08-29,49.256199,49.256199,48.264500,48.595001,40.639416,741
2016-08-30,48.925598,49.008301,48.264500,48.347099,40.432098,620
2016-08-31,48.347099,48.512402,47.933899,48.099201,40.224785,509
2016-09-01,47.768600,49.752102,47.686001,49.421501,41.330608,2269
2016-09-02,49.256199,49.752102,48.677700,49.090900,41.054131,1172
2016-09-05,49.008301,49.421501,49.008301,49.338799,41.261448,554
2016-09-06,49.504101,49.504101,49.008301,49.173599,41.123291,506
2016-09-07,49.504101,50.743801,49.504101,50.247898,42.021717,2835
2016-09-08,50.165298,50.330601,49.752102,49.752102,41.607086,1114
2016-09-09,49.669399,49.669399,48.842999,49.090900,41.054131,1063
2016-09-10,null,null,null,null,null,null
2016-09-12,48.429798,48.512402,47.933899,48.016499,40.155621,451
2016-09-13,48.099201,48.347099,46.280998,47.024799,39.326279,938
2016-09-14,46.611599,47.107399,45.950401,46.198299,38.635082,557
2016-09-19,46.694199,47.024799,46.446301,46.776901,39.118961,372
2016-09-20,46.528900,47.024799,46.446301,46.446301,38.842487,281
2016-09-21,46.446301,47.107399,46.446301,46.611599,38.980724,342
2016-09-22,46.942101,47.107399,46.033100,46.033100,38.496929,729
2016-09-23,46.363602,46.528900,45.454498,45.619801,38.151291,980
2016-09-26,45.702499,45.785099,45.371899,45.454498,38.013050,371
2016-09-27,45.454498,45.454498,45.454498,45.454498,38.013050,0
2016-09-28,45.454498,45.454498,45.454498,45.454498,38.013050,0
2016-09-29,45.537201,45.619801,44.628101,45.537201,38.082214,571
2016-09-30,45.454498,45.619801,45.041302,45.454498,38.013050,256
2016-10-03,45.454498,46.115700,45.041302,45.371899,37.943977,376
2016-10-04,45.124001,45.537201,44.875999,44.958698,37.598419,332
2016-10-05,44.710701,45.041302,44.628101,44.958698,37.598419,283
2016-10-06,44.958698,45.289299,44.793400,44.958698,37.598419,227
2016-10-07,45.124001,45.124001,43.966900,44.214901,36.976391,473
2016-10-11,44.297501,44.545502,42.644600,42.892601,35.870567,728
2016-10-12,42.892601,44.132198,42.562000,44.049599,36.838154,663
2016-10-13,43.801701,45.206600,43.719002,44.875999,37.529263,876
2016-10-14,44.545502,44.793400,43.305801,44.710701,37.391022,838
2016-10-17,44.710701,45.371899,44.297501,45.206600,37.805740,861
2016-10-18,46.280998,46.280998,44.958698,45.041302,37.667500,1234
2016-10-19,45.371899,45.371899,44.793400,44.793400,37.460182,337
2016-10-20,44.958698,45.041302,44.214901,44.297501,37.045471,358
2016-10-21,44.049599,44.462799,43.884300,44.297501,37.045471,350
2016-10-24,44.462799,44.462799,43.801701,43.801701,36.630840,359
2016-10-25,43.801701,43.966900,43.305801,43.471100,36.354359,395
2016-10-26,43.471100,43.719002,43.388401,43.471100,36.354359,175
2016-10-27,43.636398,44.132198,43.223099,43.966900,36.768993,326
2016-10-28,43.966900,43.966900,42.975201,43.140499,36.077881,598
2016-10-31,43.140499,43.140499,42.809898,42.892601,35.870567,233
2016-11-01,42.975201,43.636398,42.975201,43.223099,36.146957,183
2016-11-02,42.809898,43.057800,42.148800,42.231400,35.317616,532
2016-11-03,42.148800,42.148800,40.991699,41.900799,35.041134,977
2016-11-04,41.983501,43.223099,41.983501,42.562000,35.594090,832
2016-11-07,42.975201,43.388401,42.809898,43.223099,36.146957,387
2016-11-08,42.727299,43.057800,42.148800,42.479301,35.524929,325
2016-11-09,42.562000,42.562000,40.991699,41.322300,34.557343,579
2016-11-10,41.983501,42.562000,41.983501,42.148800,35.248535,373
2016-11-11,41.652901,42.809898,41.322300,42.644600,35.663166,387
2016-11-14,42.313999,43.140499,42.066101,42.479301,35.524929,439
2016-11-15,42.479301,42.809898,42.148800,42.396702,35.455853,116
2016-11-16,42.479301,42.562000,42.231400,42.231400,35.317616,182
2016-11-17,42.148800,42.231400,41.900799,41.983501,35.110302,194
2016-11-18,41.983501,42.562000,41.818199,42.148800,35.248535,216
2016-11-21,42.148800,42.479301,42.066101,42.396702,35.455853,173
2016-11-22,42.562000,42.892601,42.313999,42.562000,35.594090,283
2016-11-23,42.809898,42.809898,42.396702,42.479301,35.524929,245
2016-11-24,42.479301,43.471100,42.396702,43.223099,36.146957,412
2016-11-25,42.975201,43.966900,42.975201,43.140499,36.077881,309
2016-11-28,43.636398,43.636398,42.727299,42.809898,35.801407,164
2016-11-29,42.975201,42.975201,42.562000,42.562000,35.594090,110
2016-11-30,42.479301,43.057800,42.479301,42.727299,35.732327,302
2016-12-01,42.975201,43.140499,42.562000,42.727299,35.732327,170
2016-12-02,42.562000,43.471100,42.562000,43.057800,36.008724,290
2016-12-05,43.223099,43.223099,42.727299,42.975201,35.939644,134
2016-12-06,43.057800,43.305801,42.975201,43.140499,36.077881,175
2016-12-07,43.636398,45.289299,43.636398,44.628101,37.321949,1731
2016-12-08,44.958698,45.289299,44.545502,44.545502,37.252869,972
2016-12-09,44.628101,44.958698,44.380199,44.380199,37.114628,504
2016-12-12,44.875999,45.041302,43.966900,44.132198,36.907230,442
2016-12-13,43.884300,44.380199,43.471100,43.884300,36.699913,467
2016-12-14,43.966900,44.380199,43.801701,44.049599,36.838154,211
2016-12-15,43.801701,43.966900,43.471100,43.636398,36.492596,283
2016-12-16,43.801701,44.214901,43.471100,43.801701,36.630840,429
2016-12-19,43.966900,44.214901,43.223099,43.719002,36.561676,341
2016-12-20,43.719002,43.884300,43.471100,43.636398,36.492596,150
2016-12-21,43.801701,43.884300,43.471100,43.636398,36.492596,179
2016-12-22,43.636398,43.636398,42.975201,43.140499,36.077881,450
2016-12-23,42.892601,42.892601,42.562000,42.644600,35.663166,287
2016-12-26,42.809898,42.809898,42.396702,42.727299,35.732327,168
2016-12-27,42.727299,44.132198,42.727299,44.132198,36.907230,654
2016-12-28,43.884300,44.628101,43.636398,43.719002,36.561676,920
2016-12-29,43.471100,43.719002,43.223099,43.388401,36.285202,165
2016-12-30,43.719002,43.719002,43.140499,43.388401,36.285202,243
2017-01-03,43.719002,43.719002,43.057800,43.305801,36.216122,218138
2017-01-04,43.636398,43.636398,42.975201,43.057800,36.008724,324463
2017-01-05,43.388401,43.388401,42.809898,42.892601,35.870567,420168
2017-01-06,43.223099,43.553699,42.975201,42.975201,35.939644,371470
2017-01-09,43.553699,43.553699,42.727299,42.809898,35.801407,217074
2017-01-10,42.727299,42.975201,42.644600,42.727299,35.732327,196020
2017-01-11,42.975201,42.975201,42.562000,42.562000,35.594090,222761
2017-01-12,42.892601,42.892601,42.644600,42.644600,35.663166,180290
2017-01-13,42.644600,42.727299,42.313999,42.644600,35.663166,210540
2017-01-16,42.644600,42.644600,42.396702,42.479301,35.524929,150342
2017-01-17,42.479301,42.809898,42.313999,42.644600,35.663166,261420
2017-01-18,42.644600,43.223099,42.479301,43.057800,36.008724,249381
2017-01-19,43.057800,44.132198,43.057800,43.553699,36.423439,1145870
2017-01-20,43.636398,44.710701,43.553699,44.380199,37.114628,1291675
2017-01-23,44.628101,44.958698,44.049599,44.049599,36.838154,482185
2017-01-24,44.214901,46.115700,44.132198,45.289299,37.874897,2104372
2017-02-02,45.289299,46.280998,45.206600,45.371899,37.943977,1317302
2017-02-03,45.785099,45.785099,45.124001,45.537201,38.082214,496481
2017-02-06,45.867802,47.107399,45.619801,46.528900,38.911560,1891556
2017-02-07,46.528900,47.024799,46.033100,46.115700,38.566010,874890
2017-02-08,46.363602,47.190102,45.619801,46.776901,39.118961,1666240
2017-02-09,46.942101,47.603298,46.694199,46.942101,39.257118,1973758
2017-02-10,47.107399,47.272701,46.198299,46.280998,38.704243,940533
2017-02-13,46.528900,46.528900,45.867802,46.033100,38.496929,504969
2017-02-14,46.115700,47.272701,45.950401,46.033100,38.496929,940985
2017-02-15,46.115700,46.611599,46.033100,46.033100,38.496929,707971
2017-02-16,46.446301,46.446301,45.454498,45.537201,38.082214,554373
2017-02-17,45.702499,45.867802,45.289299,45.785099,38.289528,476957
2017-02-18,null,null,null,null,null,null
2017-02-20,46.611599,47.603298,46.363602,46.694199,39.049797,1194270
2017-02-21,46.528900,46.694199,45.702499,45.950401,38.427773,481761
2017-02-22,46.694199,50.165298,46.528900,48.760300,40.777657,4509559
2017-02-23,49.586800,49.917400,48.677700,49.256199,41.192368,3185263
2017-02-24,49.421501,50.413200,49.090900,49.752102,41.607086,3010744
2017-03-01,50.000000,50.000000,48.595001,48.595001,40.639416,1569851
2017-03-02,49.173599,49.173599,47.355400,47.933899,40.086544,1394025
2017-03-03,47.933899,48.677700,47.851200,48.181801,40.293865,585345
2017-03-06,48.595001,48.760300,47.933899,48.264500,40.363026,473473
2017-03-07,48.595001,49.090900,48.264500,48.595001,40.639416,669080
2017-03-08,48.677700,49.752102,48.677700,49.173599,41.123291,1311640
2017-03-09,49.256199,49.338799,48.099201,48.181801,40.293865,905117
2017-03-10,48.016499,48.099201,47.272701,47.933899,40.086544,572332
2017-03-13,48.099201,48.595001,47.933899,48.264500,40.363026,703010
2017-03-14,48.429798,50.413200,48.429798,49.421501,41.330608,4569066
2017-03-15,49.338799,54.049599,49.256199,53.305801,44.578999,11483232
2017-03-16,54.462799,55.702499,52.231400,53.140499,44.440762,7757866
2017-03-17,53.719002,54.958698,53.140499,54.958698,45.961300,5549534
2017-03-20,55.867802,57.686001,55.537201,56.611599,47.343601,6744437
2017-03-21,56.198299,57.190102,55.371899,55.537201,46.445095,3268753
2017-03-22,54.875999,56.694199,54.297501,56.198299,46.997963,3508822
2017-03-23,57.024799,58.429798,55.537201,55.537201,46.445095,5894321
2017-03-24,55.619801,56.198299,54.545502,54.545502,45.615749,2144301
2017-03-27,55.124001,55.206600,52.727299,52.809898,44.164284,2191685
2017-03-28,53.884300,53.884300,49.586800,50.495899,42.229115,3782861
2017-03-29,51.239700,52.313999,50.578499,51.983501,43.473179,2317226
2017-03-30,52.562000,55.206600,52.066101,55.206600,46.168617,4201157
2017-03-31,54.710701,55.124001,53.388401,53.388401,44.648079,2688910
2017-04-05,52.892601,53.884300,52.562000,53.305801,44.578999,1213902
2017-04-06,53.801701,55.785099,53.636398,53.801701,44.993717,2823237
2017-04-07,53.305801,53.388401,51.652901,51.900799,43.404015,2440723
2017-04-10,52.313999,52.479301,51.487598,51.652901,43.196701,775979
2017-04-11,51.652901,52.727299,50.578499,50.578499,42.298195,1124985
2017-04-12,50.413200,52.066101,49.752102,50.743801,42.436432,1327918
2017-04-13,50.743801,51.735500,50.743801,51.487598,43.058460,648613
2017-04-14,51.074402,51.404999,49.090900,49.504101,41.399689,1364396
2017-04-17,50.000000,50.661201,48.264500,49.669399,41.537922,1217396
2017-04-18,50.413200,50.826401,49.834702,50.413200,42.159954,778057
2017-04-19,50.000000,50.413200,49.256199,49.834702,41.676163,507000
2017-04-20,49.834702,50.743801,49.338799,49.586800,41.468845,714632
2017-04-21,50.165298,50.743801,50.000000,50.165298,41.952637,669136
2017-04-24,50.578499,50.578499,48.842999,48.842999,40.846813,826434
2017-04-25,49.173599,49.669399,48.429798,49.173599,41.123291,716322
2017-04-26,49.421501,49.917400,48.842999,48.842999,40.846813,684920
2017-04-27,49.421501,49.834702,48.925598,49.090900,41.054131,566280
2017-04-28,49.669399,51.074402,49.338799,50.082600,41.883476,1989535
2017-05-02,50.247898,50.661201,49.586800,49.586800,41.468845,776832
2017-05-03,49.752102,52.231400,49.752102,51.487598,43.058460,2540253
2017-05-04,51.487598,51.652901,50.826401,51.239700,42.851147,1103578
2017-05-05,51.239700,51.900799,50.000000,50.000000,41.814404,1595990
2017-05-08,50.578499,50.743801,48.760300,48.925598,40.915890,920943
2017-05-09,48.842999,49.421501,46.694199,47.107399,39.395351,1487319
2017-05-10,47.107399,48.181801,47.107399,47.520699,39.740990,848252
2017-05-11,48.264500,48.760300,48.016499,48.099201,40.224785,1063788
2017-05-12,48.099201,48.264500,47.686001,47.686001,39.879234,614891
2017-05-15,47.520699,48.016499,46.942101,47.438000,39.671829,1132802
2017-05-16,47.603298,48.760300,47.520699,48.016499,40.155621,872591
2017-05-17,48.181801,48.429798,47.768600,47.851200,40.017384,412610
2017-05-18,47.438000,48.347099,47.355400,47.933899,40.086544,425024
2017-05-19,47.933899,49.256199,47.933899,48.760300,40.777657,984940
2017-05-22,49.504101,52.644600,49.338799,51.983501,43.473179,4127066
2017-05-23,52.313999,52.396702,51.322300,51.322300,42.920227,1274735
2017-05-24,51.487598,51.818199,50.495899,50.826401,42.505508,1116081
2017-05-25,51.074402,52.231400,51.074402,51.239700,42.851147,884580
2017-05-26,51.322300,51.487598,50.909100,51.239700,42.851147,357071
2017-05-31,51.652901,52.479301,50.661201,51.735500,43.265778,642618
2017-06-01,53.719002,54.049599,52.231400,52.562000,43.956974,3373722
2017-06-02,52.727299,53.057800,52.396702,52.479301,43.887810,957675
2017-06-03,null,null,null,null,null,null
2017-06-05,53.553699,53.553699,52.562000,52.809898,44.164284,662093
2017-06-06,52.809898,53.140499,52.644600,52.727299,44.095207,459800
2017-06-07,52.066101,52.396702,51.239700,51.322300,42.920227,1286242
2017-06-08,51.900799,51.900799,51.157001,51.239700,42.851147,301290
2017-06-09,51.239700,51.570202,50.661201,50.661201,42.367355,525222
2017-06-12,50.247898,50.826401,50.165298,50.578499,42.298195,282172
2017-06-13,50.578499,51.074402,50.413200,50.413200,42.159954,281361
2017-06-14,50.578499,50.991699,48.925598,49.669399,41.537922,588265
2017-06-15,49.752102,50.082600,49.586800,50.082600,41.883476,246840
2017-06-16,50.082600,50.826401,50.000000,50.743801,42.436432,276122
2017-06-19,50.578499,50.909100,50.578499,50.578499,42.298195,229984
2017-06-20,50.743801,51.735500,50.743801,50.909100,42.574669,354909
2017-06-21,50.661201,50.826401,50.413200,50.743801,42.436432,419235
2017-06-22,50.991699,50.991699,50.495899,50.991699,42.643742,308671
2017-06-23,50.991699,51.074402,50.578499,50.909100,42.574669,199650
2017-06-26,50.826401,50.991699,50.661201,50.826401,42.505508,320710
2017-06-27,50.909100,51.652901,50.909100,50.909100,42.574669,461117
2017-06-28,50.991699,51.239700,50.661201,50.661201,42.367355,306251
2017-06-29,50.826401,50.991699,50.413200,50.578499,42.298195,325546
2017-06-30,50.413200,51.074402,50.413200,51.074402,42.712910,605605
2017-07-03,51.157001,51.322300,50.495899,50.495899,42.229115,1478741
2017-07-04,47.686001,48.181801,47.686001,48.016499,43.423389,704220
2017-07-05,48.347099,48.429798,47.768600,47.933899,43.348690,285560
2017-07-06,48.347099,48.347099,47.933899,48.099201,43.498180,277090
2017-07-07,48.181801,48.347099,47.768600,47.933899,43.348690,232320
2017-07-10,48.016499,48.264500,47.190102,47.933899,43.348690,499730
2017-07-11,47.520699,47.933899,47.520699,47.933899,43.348690,151250
2017-07-12,47.686001,48.016499,47.355400,47.520699,42.975014,318231
2017-07-13,47.603298,47.686001,47.355400,47.520699,42.975014,243210
2017-07-14,47.768600,48.181801,47.520699,47.520699,42.975014,185493
2017-07-17,47.768600,47.851200,47.520699,47.768600,43.199203,233651
2017-07-18,47.686001,48.512402,47.686001,48.347099,43.722363,469722
2017-07-19,48.677700,49.256199,48.429798,48.429798,43.797150,781753
2017-07-20,48.595001,50.165298,48.595001,50.000000,45.217155,1873455
2017-07-21,50.165298,50.413200,49.504101,49.669399,44.918179,1101326
2017-07-24,49.669399,50.578499,49.090900,50.082600,45.291851,870111
2017-07-25,50.413200,50.495899,49.669399,49.752102,44.992970,521510
2017-07-26,50.000000,50.991699,49.834702,49.834702,45.067669,652190
2017-07-27,50.330601,51.074402,50.082600,50.495899,45.665619,966850
2017-07-28,50.743801,51.818199,50.743801,51.239700,46.338268,1459623
2017-07-31,51.983501,53.140499,51.652901,52.148800,47.160408,1483401
2017-08-01,52.479301,52.562000,51.570202,51.818199,46.861431,626802
2017-08-02,51.818199,52.479301,51.652901,51.735500,46.786644,637983
2017-08-03,52.231400,52.727299,51.818199,52.066101,47.085617,704313
2017-08-04,52.809898,54.958698,52.313999,53.719002,48.580406,2663966
2017-08-07,54.793400,56.776901,54.793400,56.363602,50.972034,4636522
2017-08-08,56.446301,57.272701,55.206600,56.198299,50.822544,2895642
2017-08-09,56.859501,57.438000,55.702499,55.867802,50.523663,2279453
2017-08-10,56.033100,56.446301,53.140499,53.305801,48.206734,1971275
2017-08-11,53.719002,55.950401,53.719002,55.702499,50.374172,2479532
2017-08-14,56.115700,56.198299,52.975201,53.140499,48.057243,1665081
2017-08-15,53.884300,54.214901,53.223099,53.388401,48.281433,936661
2017-08-16,52.892601,53.966900,52.809898,53.057800,47.982456,723596
2017-08-17,53.388401,53.801701,52.727299,53.801701,48.655193,630652
2017-08-18,53.057800,53.801701,52.727299,53.140499,48.057243,693374
2017-08-21,53.223099,55.785099,53.223099,55.785099,50.448872,2103208
2017-08-22,55.702499,56.363602,53.719002,53.801701,48.655193,2421633
2017-08-23,54.297501,54.958698,53.636398,53.719002,48.580406,1431672
2017-08-24,54.132198,54.132198,53.140499,53.966900,48.804596,763752
2017-08-25,54.462799,55.702499,54.132198,55.371899,50.075195,1899201
2017-08-28,56.033100,56.694199,54.545502,54.545502,49.327850,1500436
2017-08-29,54.710701,54.875999,53.966900,54.049599,48.879383,580800
2017-08-30,54.380199,55.124001,53.305801,53.471100,48.356220,832722
2017-08-31,54.049599,54.875999,53.553699,54.380199,49.178356,875375
2017-09-01,54.545502,54.628101,53.471100,53.471100,48.356220,712691
2017-09-04,53.636398,53.884300,53.140499,53.223099,48.131939,657042
2017-09-05,53.471100,53.884300,52.975201,53.553699,48.430920,585640
2017-09-06,53.553699,54.132198,53.057800,53.305801,48.206734,448910
2017-09-07,53.966900,55.041302,53.553699,53.636398,48.505707,1210176
2017-09-08,54.297501,54.380199,53.801701,53.801701,48.655193,448910
2017-09-11,54.710701,54.793400,53.305801,53.305801,48.206734,646221
2017-09-12,53.553699,53.884300,52.727299,52.809898,47.758266,624361
2017-09-13,53.057800,53.057800,51.404999,51.404999,46.487755,1400454
2017-09-14,51.652901,52.066101,50.909100,51.983501,47.010918,613712
2017-09-15,52.644600,52.644600,50.991699,51.074402,46.188782,926374
2017-09-18,51.239700,51.570202,50.330601,51.157001,46.263481,691115
2017-09-19,51.157001,51.652901,51.074402,51.404999,46.487755,370381
2017-09-20,51.735500,52.148800,51.404999,51.983501,47.010918,430034
2017-09-21,52.066101,52.313999,51.735500,52.066101,47.085617,433180
2017-09-22,52.231400,52.231400,50.743801,50.826401,45.964504,470694
2017-09-25,50.826401,50.826401,49.173599,49.421501,44.693993,964491
2017-09-26,49.338799,49.917400,48.595001,48.842999,44.170826,403280
2017-09-27,48.842999,49.834702,48.842999,49.338799,44.619202,303831
2017-09-28,49.586800,49.669399,49.008301,49.504101,44.768692,251922
2017-09-29,49.338799,49.421501,48.925598,49.173599,44.469807,203638
2017-10-02,49.586800,50.330601,49.504101,49.917400,45.142456,358160
2017-10-03,50.000000,50.578499,49.586800,50.247898,45.441341,310970
2017-10-05,50.247898,50.991699,50.000000,50.743801,45.889805,704280
2017-10-06,51.322300,51.404999,50.743801,50.743801,45.889805,1060081
2017-10-11,51.157001,51.322300,50.247898,50.495899,45.665619,434511
2017-10-12,50.495899,50.743801,50.165298,50.661201,45.815105,450120
2017-10-13,51.157001,51.818199,51.074402,51.157001,46.263481,552050
2017-10-16,51.322300,51.404999,50.661201,50.826401,45.964504,381150
2017-10-17,50.909100,51.570202,50.909100,51.404999,46.487755,463454
2017-10-18,52.644600,53.801701,52.479301,52.892601,47.833057,1939133
2017-10-19,53.719002,54.049599,52.892601,52.892601,47.833057,1124090
2017-10-20,52.892601,54.462799,52.231400,53.884300,48.729897,1462508
2017-10-23,54.545502,55.619801,54.214901,54.380199,49.178356,2051011
2017-10-24,54.214901,54.710701,53.719002,53.966900,48.804596,646140
2017-10-25,54.545502,55.537201,53.966900,54.049599,48.879383,1722072
2017-10-26,54.958698,59.421501,54.380199,59.421501,53.737427,9811358
2017-10-27,61.983501,65.124001,59.917400,60.743801,54.933235,17501453
2017-10-30,62.809898,64.710701,60.991699,62.231400,56.278534,6798313
2017-10-31,63.636398,68.429703,63.305801,68.429703,61.883930,10942754
2017-11-01,71.239700,74.380203,69.090897,72.066101,65.172478,13025859
2017-11-02,71.900803,72.644600,68.595001,69.669403,63.005043,5247286
2017-11-03,70.743797,73.140503,67.190102,68.677696,62.108196,8573469
2017-11-06,69.008301,73.471100,66.363602,71.818199,64.948296,10774850
2017-11-07,72.727303,73.140503,69.256203,70.247902,63.528206,6249892
2017-11-08,70.413200,73.140503,69.752098,70.165298,63.453506,5389461
2017-11-09,70.909103,73.057899,69.256203,70.743797,63.976669,6145983
2017-11-10,70.247902,72.644600,69.669403,70.247902,63.528206,3938767
2017-11-13,71.322304,72.148804,69.586800,69.917397,63.229317,3033760
2017-11-14,70.826401,71.239700,66.528900,67.024803,60.613415,4736702
2017-11-15,67.603302,68.925598,67.190102,68.595001,62.033417,3871322
2017-11-16,69.421501,75.454498,69.008301,73.140503,66.144104,17463965
2017-11-17,72.892601,74.462799,71.074402,71.074402,64.275642,13301816
2017-11-20,70.247902,70.743797,68.264503,68.264503,61.734528,3781749
2017-11-21,69.173599,70.247902,68.677696,69.669403,63.005043,2725272
2017-11-22,70.247902,70.495903,67.024803,67.107399,60.688114,3311670
2017-11-23,67.768600,70.082603,67.024803,69.834702,63.154530,3688680
2017-11-24,69.917397,69.917397,67.438004,68.347099,61.809231,2545084
2017-11-27,69.834702,69.834702,67.603302,67.603302,61.136578,1706100
2017-11-28,67.768600,68.760300,67.438004,68.016502,61.510254,1142240
2017-11-29,68.181801,69.752098,67.438004,68.016502,61.510254,1849002
2017-11-30,67.355400,69.752098,67.355400,67.520699,61.061878,2146814
2017-12-01,67.933899,68.429703,64.462799,64.462799,58.296486,2218184
2017-12-04,64.958702,65.785103,62.809898,65.124001,58.894440,1386781
2017-12-05,65.124001,67.272697,64.462799,64.462799,58.296486,2430926
2017-12-06,64.710701,65.371902,61.322300,62.231400,56.278534,1776812
2017-12-07,63.223099,63.388401,61.404999,61.983501,56.054352,1232990
2017-12-08,62.975201,63.471100,61.239700,63.388401,57.324860,1304622
2017-12-11,63.471100,68.181801,62.809898,68.181801,61.659740,5496405
2017-12-12,68.016502,68.016502,64.297501,64.297501,58.146999,3532052
2017-12-13,64.628098,65.702499,64.049599,64.380203,58.221790,1152041
2017-12-14,65.206596,65.702499,63.966900,64.380203,58.221790,1005752
2017-12-15,65.041298,65.537201,64.297501,64.297501,58.146999,888382
2017-12-18,65.289299,65.454498,64.132202,64.875999,58.670162,525380
2017-12-19,65.289299,66.528900,64.297501,64.462799,58.296486,1435063
2017-12-20,64.958702,67.520699,64.793404,66.198303,59.865978,3259861
2017-12-21,66.528900,66.942101,65.619797,65.785103,59.492302,993379
2017-12-22,66.694199,66.694199,64.793404,65.124001,58.894440,999496
2017-12-25,65.950401,70.082603,65.619797,68.181801,61.659740,6238910
2017-12-26,69.008301,70.082603,67.768600,68.181801,61.659740,4279818
2017-12-27,69.834702,71.900803,68.925598,70.082603,63.378716,5972015
2017-12-28,71.900803,72.396698,70.330597,71.900803,65.022995,4887571
2017-12-29,72.809898,73.388397,71.570198,71.735497,64.873497,3586155
2018-01-02,72.561996,78.843002,71.900803,78.843002,71.301125,10571311
2018-01-03,81.322304,82.644600,76.942101,77.851196,70.404190,7170692
2018-01-04,78.099197,79.338799,76.446297,78.512398,71.002144,3495097
2018-01-05,79.256203,79.421501,76.859497,76.859497,69.507355,2796917
2018-01-08,77.520699,78.429703,73.553703,74.380203,67.265221,3111636
2018-01-09,75.454498,75.454498,72.727303,72.975197,65.994621,1770912
2018-01-10,73.884300,74.710701,70.578499,70.578499,63.827179,3158223
2018-01-11,71.404999,72.396698,70.661201,71.322304,64.499832,1838098
2018-01-12,71.735497,73.553703,71.404999,71.900803,65.022995,1876244
2018-01-15,72.231400,72.314003,70.495903,70.909103,64.126152,1254894
2018-01-16,71.404999,72.479301,70.578499,71.239700,64.425133,1550324
2018-01-17,71.156998,71.156998,68.595001,69.008301,62.407181,2301904
2018-01-18,69.008301,70.413200,68.925598,68.925598,62.332390,2143309
2018-01-19,69.173599,69.834702,68.099197,68.843002,62.257690,1488784
2018-01-22,69.256203,70.578499,69.256203,70.413200,63.677692,1613146
2018-01-23,70.413200,75.371902,70.413200,72.975197,65.994621,7749596
2018-01-24,73.223099,74.793404,71.983498,72.479301,65.546158,3361583
2018-01-25,73.140503,73.471100,70.578499,70.578499,63.827179,1723591
2018-01-26,70.991699,72.231400,70.909103,71.074402,64.275642,1230751
2018-01-29,71.487602,73.305801,70.826401,72.479301,65.546158,1597635
2018-01-30,72.727303,72.727303,70.000000,70.082603,63.378716,1395831
2018-01-31,69.504097,70.991699,69.090897,69.669403,63.005043,968141
2018-02-01,70.991699,71.735497,69.669403,69.669403,63.005043,1062543
2018-02-02,69.421501,70.082603,69.008301,69.090897,62.481873,721402
2018-02-05,66.363602,67.190102,65.537201,66.528900,60.164951,1448063
2018-02-06,62.809898,64.297501,59.917400,60.330601,54.559563,2765819
2018-02-07,62.809898,64.049599,61.652901,62.066101,56.129047,1952056
2018-02-08,62.066101,63.223099,60.661201,60.661201,54.858540,1447403
2018-02-09,55.537201,60.082600,55.537201,59.504101,53.812122,1002146
2018-02-12,60.826401,60.991699,58.925598,59.008301,53.363750,804791
2018-02-21,60.578499,61.322300,60.247898,60.413200,54.634258,1203974
2018-02-22,60.330601,63.223099,60.165298,62.975201,56.951187,1350482
2018-02-23,62.975201,63.471100,62.562000,62.644600,56.652210,914882
2018-02-26,63.471100,65.289299,63.140499,64.462799,58.296486,1280597
2018-02-27,64.875999,65.124001,63.719002,63.801701,57.698627,634282
2018-03-01,63.719002,64.462799,63.223099,64.297501,58.146999,492470
2018-03-02,63.057800,64.049599,63.057800,63.471100,57.399651,392040
2018-03-05,63.388401,64.628098,62.892601,62.892601,56.876488,477950
2018-03-06,63.553699,64.793404,63.553699,63.636398,57.549137,650980
2018-03-07,61.983501,63.057800,60.082600,60.330601,54.559563,1272007
2018-03-08,60.578499,62.231400,60.578499,61.818199,55.904861,761610
2018-03-09,62.066101,62.809898,61.983501,62.066101,56.129047,371470
2018-03-12,62.479301,63.719002,62.396702,63.553699,57.474350,722563
2018-03-13,63.636398,65.206596,63.636398,64.628098,58.445972,784225
2018-03-14,64.462799,67.520699,64.049599,65.289299,59.043926,1690682
2018-03-15,65.537201,66.776901,65.537201,66.694199,60.314438,714815
2018-03-16,66.859497,67.107399,66.115700,66.115700,59.791275,629201
2018-03-19,66.776901,66.859497,65.454498,65.702499,59.417599,449031
2018-03-20,64.958702,66.694199,63.553699,66.280998,59.940762,582010
2018-03-21,66.942101,68.429703,65.867798,65.950401,59.641792,947576
2018-03-22,66.115700,66.942101,64.462799,64.545502,58.371277,508448
2018-03-23,61.983501,64.710701,61.983501,64.462799,58.296486,649771
2018-03-26,64.049599,65.785103,63.884300,65.537201,59.268116,289250
2018-03-27,66.694199,66.694199,64.958702,65.371902,59.118629,539663
2018-03-28,64.875999,65.867798,64.875999,65.785103,59.492302,424839
2018-03-29,66.776901,70.578499,66.446297,70.165298,63.453506,2691842
2018-03-30,72.644600,72.975197,70.330597,70.991699,64.200851,3262174
2018-04-02,74.380203,74.875999,72.727303,72.892601,65.919922,3074854
2018-04-03,72.727303,74.297501,72.231400,72.231400,65.321968,2013821
2018-04-09,73.057899,73.471100,71.404999,72.231400,65.321968,1343934
2018-04-10,72.314003,73.305801,71.900803,72.396698,65.471458,1248757
2018-04-11,72.809898,73.223099,71.652901,71.652901,64.798805,1039075
2018-04-12,71.652901,71.900803,70.578499,71.322304,64.499832,742014
2018-04-13,72.231400,73.801697,71.735497,71.735497,64.873497,1716990
2018-04-16,72.727303,73.388397,71.818199,72.148804,65.247276,1169467
2018-04-17,72.644600,72.644600,69.917397,70.247902,63.528206,902794
2018-04-18,69.834702,70.826401,68.429703,70.247902,63.528206,1204797
2018-04-19,71.156998,75.124001,70.826401,74.380203,67.265221,3842255
2018-04-20,74.462799,77.603302,72.561996,72.727303,65.770432,5144364
2018-04-23,72.809898,74.875999,71.156998,71.239700,64.425133,2166747
2018-04-24,71.983498,72.396698,66.776901,69.173599,62.556667,1979095
2018-04-25,66.776901,69.669403,66.776901,69.173599,62.556667,1283021
2018-04-26,69.338799,70.000000,67.355400,67.520699,61.061878,1179750
2018-04-27,68.264503,69.586800,67.685997,69.338799,62.706066,911214
2018-04-30,69.338799,69.338799,67.933899,68.843002,62.257690,436979
2018-05-02,69.008301,69.008301,67.933899,67.933899,61.435555,328067
2018-05-03,68.016502,69.090897,67.603302,68.016502,61.510254,421140
2018-05-04,68.016502,68.016502,67.355400,67.355400,60.912392,390902
2018-05-07,68.347099,70.826401,67.851196,70.661201,63.901966,807413
2018-05-08,70.330597,70.578499,69.338799,69.504097,62.855549,852142
2018-05-09,69.669403,70.165298,67.768600,68.264503,61.734528,1615351
2018-05-10,68.264503,69.338799,67.024803,69.008301,62.407181,2109480
2018-05-11,67.685997,67.768600,64.958702,65.206596,58.969131,5848536
2018-05-14,64.462799,64.875999,63.223099,64.049599,57.922810,1373957
2018-05-15,64.875999,65.041298,63.801701,64.049599,57.922810,1027414
2018-05-16,64.132202,65.041298,64.132202,64.297501,58.146999,1047982
2018-05-17,64.628098,64.875999,63.057800,63.553699,57.474350,1366634
2018-05-18,63.388401,63.801701,63.057800,63.223099,57.175373,440440
2018-05-21,62.975201,66.942101,62.892601,66.528900,60.164951,2870544
2018-05-22,66.115700,66.198303,65.289299,65.289299,59.043926,1713360
2018-05-23,65.371902,65.785103,64.297501,64.545502,58.371277,709061
2018-05-24,65.289299,66.528900,64.875999,64.875999,58.670162,3605512
2018-05-25,64.875999,65.950401,64.793404,65.124001,58.894440,941682
2018-05-28,65.785103,68.843002,65.454498,68.099197,61.585041,3491503
2018-05-29,69.256203,74.132202,68.677696,70.743797,63.976669,7555121
2018-05-30,71.487602,72.561996,70.247902,72.314003,65.396667,4593650
2018-05-31,75.206596,76.198303,70.330597,71.074402,64.275642,9147466
2018-06-01,71.570198,73.636398,70.909103,73.140503,66.144104,2831779
2018-06-04,73.553703,76.776901,73.140503,73.966904,66.891457,5741260
2018-06-05,74.628098,75.041298,71.239700,71.322304,64.499832,1984521
2018-06-06,71.652901,73.966904,71.652901,73.471100,66.443085,1962294
2018-06-07,75.785103,76.198303,73.801697,74.793404,67.638893,4192979
2018-06-08,75.206596,75.206596,73.057899,73.305801,66.293594,4756629
2018-06-11,73.966904,77.272697,73.719002,75.206596,68.012566,8030922
2018-06-12,75.206596,75.950401,72.561996,73.057899,66.069405,3960693
2018-06-13,74.132202,75.124001,72.479301,72.809898,65.845131,1928740
2018-06-14,72.809898,74.462799,72.561996,72.727303,65.770432,1833513
2018-06-15,73.471100,73.553703,72.066101,72.314003,65.396667,1221638
2018-06-19,71.900803,71.900803,69.669403,70.413200,63.677692,1765415
2018-06-20,71.156998,71.818199,69.421501,70.661201,63.901966,1142071
2018-06-21,70.991699,72.727303,70.909103,72.066101,65.172478,1507781
2018-06-22,71.487602,72.066101,70.413200,70.413200,63.677692,714142
2018-06-25,70.661201,70.991699,70.082603,70.247902,63.528206,532460
2018-06-26,70.082603,71.074402,70.000000,70.165298,63.453506,608110
2018-06-27,70.661201,71.322304,69.421501,69.504097,62.855549,591992
2018-06-28,69.008301,70.991699,69.008301,69.834702,63.154530,595322
2018-06-29,70.330597,71.735497,70.082603,71.735497,64.873497,677712
2018-07-02,71.735497,72.396698,70.413200,70.413200,63.677692,952270
2018-07-03,70.909103,71.322304,69.504097,69.504097,62.855549,745844
2018-07-04,69.669403,70.661201,69.090897,69.586800,62.930344,548130
2018-07-05,69.586800,70.082603,66.446297,67.024803,60.613415,763511
2018-07-06,68.264503,69.834702,66.859497,69.421501,62.780853,895400
2018-07-09,70.082603,70.991699,69.586800,70.165298,63.453506,715352
2018-07-10,71.322304,72.314003,70.330597,72.066101,65.172478,1103077
2018-07-11,72.066101,73.884300,71.074402,71.983498,65.097778,1634891
2018-07-12,71.983498,73.305801,71.983498,72.561996,65.620941,728190
2018-07-13,73.223099,73.223099,72.231400,72.644600,65.695641,724025
2018-07-16,72.727303,75.289299,72.727303,74.132202,67.040947,3237145
2018-07-17,74.462799,74.628098,73.388397,74.132202,67.040947,1848880
2018-07-18,72.636398,76.363602,71.727303,76.363602,71.971451,3392981
2018-07-19,75.272697,75.727303,74.272697,74.636398,70.343590,1665070
2018-07-20,75.000000,76.181801,73.636398,76.181801,71.800110,1409153
2018-07-23,76.181801,76.272697,73.909103,74.000000,69.743797,2029606
2018-07-24,74.727303,75.181801,74.090897,74.545502,70.257919,1189100
2018-07-25,74.818199,75.000000,74.181801,74.181801,69.915138,727320
2018-07-26,74.909103,75.181801,74.363602,74.545502,70.257919,642950
2018-07-27,75.272697,76.363602,75.000000,76.090897,71.714432,1296792
2018-07-30,76.181801,76.363602,74.636398,74.909103,70.600609,782400
2018-07-31,74.727303,76.727303,74.272697,76.636398,72.228561,2148520
2018-08-01,76.090897,76.545502,75.545502,75.818199,71.457420,1108987
2018-08-02,75.545502,75.545502,74.363602,74.909103,70.600609,485435
2018-08-03,75.727303,75.909103,74.818199,75.181801,70.857620,1207801
2018-08-06,75.545502,76.000000,75.363602,75.545502,71.200409,788962
2018-08-07,76.000000,76.454498,75.000000,75.000000,70.686279,749683
2018-08-08,75.272697,75.727303,74.636398,74.636398,70.343590,388831
2018-08-09,75.272697,75.272697,74.000000,74.181801,69.915138,299189
2018-08-10,74.181801,74.545502,72.272697,74.000000,69.743797,1204754
2018-08-13,74.000000,74.000000,68.636398,70.909103,66.830673,1024163
2018-08-14,70.909103,71.909103,70.090897,70.818199,66.745003,507870
2018-08-15,71.727303,71.727303,69.818199,69.818199,65.802513,577557
2018-08-16,69.181801,71.363602,68.727303,70.181801,66.145203,293554
2018-08-17,72.636398,72.636398,69.909103,70.000000,65.973862,670560
2018-08-20,70.909103,71.363602,67.545502,67.818199,63.917549,758076
2018-08-21,68.181801,68.454498,67.909103,68.181801,64.260239,569800
2018-08-22,68.181801,68.363602,67.363602,67.454498,63.574768,432520
2018-08-23,67.363602,67.818199,66.818199,66.909103,63.060741,365255
2018-08-24,66.727303,67.000000,64.636398,64.909103,61.175774,525039
2018-08-27,65.363602,67.090897,65.272697,67.090897,63.232079,360574
2018-08-28,68.090897,68.454498,66.909103,67.090897,63.232079,218570
2018-08-29,67.727303,68.909103,67.727303,68.181801,64.260239,1080885
2018-08-30,68.454498,68.454498,67.454498,67.636398,63.746204,341550
2018-08-31,68.090897,68.090897,67.363602,67.818199,63.917549,165772
2018-09-03,68.272697,68.272697,66.090897,66.454498,62.632282,380875
2018-09-04,66.272697,67.000000,66.272697,66.454498,62.632282,221377
2018-09-05,67.000000,67.000000,66.000000,66.000000,62.203926,167640
2018-09-06,66.000000,66.000000,65.000000,65.090897,61.347111,336710
2018-09-07,65.000000,65.272697,60.909100,61.545502,58.005634,916374
2018-09-10,62.090900,62.181801,58.181801,58.818199,55.435196,904825
2018-09-11,59.363602,59.909100,58.363602,59.181801,55.777885,352770
2018-09-12,59.545502,59.545502,57.818199,58.454498,55.092415,348150
2018-09-13,58.000000,59.363602,58.000000,59.000000,55.606541,454302
2018-09-14,60.181801,60.545502,58.727299,60.454498,56.977379,454292
2018-09-17,60.181801,60.181801,58.909100,59.272701,55.863556,410190
2018-09-18,58.909100,58.909100,57.454498,57.454498,54.149929,428340
2018-09-19,57.909100,58.363602,57.272701,57.363602,54.064262,378290
2018-09-20,57.818199,57.818199,56.090900,56.363602,53.121777,422675
2018-09-21,56.363602,57.909100,56.272701,57.545502,54.235699,326634
2018-09-25,57.545502,60.363602,56.818199,59.545502,56.120667,803112
2018-09-26,59.545502,59.909100,58.545502,58.636398,55.263851,465956
2018-09-27,58.636398,59.818199,57.818199,58.000000,54.664055,369820
2018-09-28,58.545502,58.636398,58.000000,58.181801,54.835400,158983
2018-10-01,58.181801,59.272701,58.181801,59.272701,55.863556,205075
2018-10-02,60.090900,60.090900,58.818199,58.909100,55.520866,232980
2018-10-03,58.909100,58.909100,57.818199,58.272701,54.921074,240020
2018-10-04,58.000000,58.181801,57.454498,57.454498,54.149929,188980
2018-10-05,57.181801,57.909100,55.090900,55.181801,52.007950,721872
2018-10-08,54.727299,56.000000,54.545502,54.909100,51.750931,394790
2018-10-09,54.909100,55.181801,52.818199,53.909100,50.808449,480700
2018-10-11,49.090900,50.545502,48.545502,48.545502,45.753345,1178831
2018-10-12,45.090900,49.090900,45.090900,49.090900,46.267376,726550
2018-10-15,49.818199,51.363602,49.272701,51.000000,48.066669,654940
2018-10-16,50.181801,51.909100,50.181801,51.454498,48.495026,554926
2018-10-17,52.818199,53.636398,52.000000,52.636398,49.608948,514528
2018-10-18,52.636398,52.909100,51.727299,51.818199,48.837811,178534
2018-10-19,51.363602,51.909100,50.000000,51.363602,48.409359,261470
2018-10-22,52.181801,52.727299,51.454498,52.545502,49.523281,140752
2018-10-23,52.454498,52.454498,49.181801,49.909100,47.038513,436062
2018-10-24,49.181801,50.000000,48.454498,49.636398,46.781498,418550
2018-10-25,47.181801,48.000000,45.727299,46.909100,44.211063,642620
2018-10-26,47.272701,47.727299,43.636398,45.090900,42.497440,727067
2018-10-29,45.181801,46.090900,45.000000,46.090900,43.439922,512490
2018-10-30,46.090900,46.454498,45.545502,46.363602,43.696941,172793
2018-10-31,46.818199,48.090900,46.818199,47.545502,44.810860,336270
2018-11-01,47.818199,49.454498,47.636398,48.909100,46.096031,459472
2018-11-02,49.818199,50.363602,49.090900,49.727299,46.867168,354755
2018-11-05,49.727299,50.181801,49.181801,49.454498,46.610058,280227
2018-11-06,50.090900,50.818199,49.272701,49.272701,46.438721,345840
2018-11-07,50.272701,51.636398,49.545502,51.454498,48.495026,761464
2018-11-08,52.636398,52.636398,51.090900,51.363602,48.409359,378205
2018-11-09,52.181801,56.454498,51.727299,56.454498,53.207447,2610253
2018-11-12,56.181801,57.818199,56.181801,56.545502,53.293217,2812451
2018-11-13,54.636398,61.454498,54.636398,61.454498,57.919865,2326868
2018-11-14,60.909100,62.727299,60.181801,60.727299,57.234489,2936978
2018-11-15,61.818199,62.454498,60.727299,62.090900,58.519665,1548737
2018-11-16,62.363602,62.454498,60.090900,60.454498,56.977379,1137084
2018-11-19,61.272701,62.090900,60.454498,60.636398,57.148819,511185
2018-11-20,60.272701,63.181801,60.181801,62.545502,58.948116,2691806
2018-11-21,62.363602,62.363602,61.545502,62.000000,58.433990,1099568
2018-11-22,62.363602,63.454498,60.909100,60.909100,57.405834,1440221
2018-11-23,61.363602,61.454498,59.545502,60.090900,56.634697,702515
2018-11-26,60.818199,61.545502,60.272701,60.636398,57.148819,591781
2018-11-27,61.181801,65.636398,60.909100,63.909100,60.233288,2724580
2018-11-28,63.909100,65.181801,63.909100,64.545502,60.833084,978351
2018-11-29,65.363602,65.727303,63.727299,63.727299,60.061943,750979
2018-11-30,64.454498,65.909103,64.272697,64.727303,61.004429,588995
2018-12-03,66.818199,70.454498,66.454498,68.272697,64.345909,3192645
2018-12-04,67.818199,68.272697,66.818199,68.181801,64.260239,937154
2018-12-05,66.909103,68.181801,65.545502,67.636398,63.746204,1131924
2018-12-06,66.818199,68.272697,61.818199,62.818199,59.205132,1474275
2018-12-07,64.181801,66.272697,63.727299,66.090897,62.289593,1189395
2018-12-10,64.636398,66.090897,64.000000,64.090897,60.404629,729742
2018-12-11,64.636398,65.727303,64.363602,65.545502,61.775570,533490
2018-12-12,67.000000,70.454498,66.727303,68.909103,64.945709,3820573
2018-12-13,70.090897,70.454498,68.272697,69.090897,65.117043,1687039
2018-12-14,69.454498,69.818199,67.545502,68.272697,64.345909,725230
2018-12-17,69.090897,69.818199,67.272697,67.454498,63.574768,1041177
2018-12-18,66.545502,66.818199,65.181801,65.454498,61.689800,1141648
2018-12-19,67.272697,67.545502,65.727303,66.000000,62.203926,744984
2018-12-20,66.090897,66.636398,62.272701,64.090897,60.404629,910360
2018-12-21,64.909103,66.181801,63.636398,66.181801,62.375271,762472
2018-12-24,66.363602,66.909103,65.545502,66.545502,62.718052,448470
2018-12-25,65.272697,65.636398,63.909100,64.545502,60.833084,521763
2018-12-26,65.545502,65.545502,63.181801,63.272701,59.633492,447716
2018-12-27,64.636398,64.909103,63.636398,63.636398,59.976269,516451
2018-12-28,64.363602,65.181801,64.090897,64.454498,60.747314,742369
2019-01-02,64.909103,65.909103,63.636398,63.909100,60.233288,617716
2019-01-03,64.454498,64.909103,63.000000,63.000000,59.376476,561602
2019-01-04,62.818199,63.090900,59.909100,62.363602,58.776680,874280
2019-01-07,63.636398,64.454498,63.636398,64.000000,60.318958,344683
2019-01-08,64.272697,64.636398,63.727299,64.000000,60.318958,283806
2019-01-09,64.181801,65.000000,64.090897,64.090897,60.404629,391820
2019-01-10,64.181801,64.454498,63.454498,63.636398,59.976269,256520
2019-01-11,64.181801,64.272697,62.727299,62.909100,59.290802,310530
2019-01-14,62.727299,63.363602,60.454498,61.181801,57.662853,563090
2019-01-15,61.363602,63.636398,61.181801,62.454498,58.862347,575688
2019-01-16,62.545502,64.000000,62.545502,63.181801,59.547817,492745
2019-01-17,63.272701,63.818199,62.181801,62.272701,58.691006,287980
2019-01-18,62.545502,64.181801,62.545502,63.909100,60.233288,486200
2019-01-21,64.909103,64.909103,63.909100,64.909103,61.175774,676284
2019-01-22,66.181801,66.181801,63.909100,63.909100,60.233288,732166
2019-01-23,63.727299,64.727303,63.454498,64.272697,60.575970,334931
2019-01-24,64.272697,64.727303,63.818199,63.818199,60.147614,393800
2019-01-25,64.363602,64.818199,64.000000,64.181801,60.490303,427130
2019-01-28,64.818199,65.090897,63.727299,63.727299,60.061943,418440
2019-01-29,62.818199,63.454498,62.181801,62.363602,58.776680,627550
2019-01-30,62.545502,62.727299,61.636398,61.818199,58.262646,475970
2019-02-11,62.000000,63.818199,62.000000,63.818199,60.147614,501964
2019-02-12,63.454498,65.272697,63.363602,64.818199,61.090099,738007
2019-02-13,65.272697,65.272697,64.090897,64.909103,61.175774,529371
2019-02-14,65.727303,66.636398,65.363602,65.363602,61.604130,1121819
2019-02-15,65.727303,65.909103,64.272697,64.454498,60.747314,361790
2019-02-18,64.909103,65.181801,64.545502,64.545502,60.833084,284524
2019-02-19,65.181801,65.545502,64.818199,65.090897,61.347111,307230
2019-02-20,65.454498,67.181801,65.090897,66.454498,62.632282,1125856
2019-02-21,66.545502,66.818199,65.636398,66.000000,62.203926,451550
2019-02-22,66.090897,66.181801,65.272697,65.272697,61.518456,228470
2019-02-25,65.454498,66.181801,65.454498,66.000000,62.203926,390306
2019-02-26,66.363602,66.545502,64.818199,64.818199,61.090099,371140
2019-02-27,64.818199,64.909103,63.636398,64.272697,60.575970,469286
2019-03-04,65.000000,65.000000,64.272697,64.545502,60.833084,233502
2019-03-05,64.090897,64.454498,63.909100,63.909100,60.233288,188459
2019-03-06,64.000000,64.454498,63.909100,63.909100,60.233288,212850
2019-03-07,64.636398,65.272697,64.181801,64.363602,60.661648,502370
2019-03-08,63.818199,64.545502,63.545502,64.454498,60.747314,281333
2019-03-11,63.909100,65.363602,63.909100,65.272697,61.518456,258734
2019-03-12,65.727303,66.090897,65.181801,65.272697,61.518456,454876
2019-03-13,65.272697,65.545502,64.090897,64.272697,60.575970,248243
2019-03-14,64.454498,64.636398,64.000000,64.181801,60.490303,248820
2019-03-15,64.545502,65.090897,64.181801,65.090897,61.347111,262461
2019-03-18,66.000000,66.181801,65.000000,65.454498,61.689800,478399
2019-03-19,65.454498,65.636398,65.000000,65.454498,61.689800,217283
2019-03-20,65.727303,65.727303,65.272697,65.454498,61.689800,264550
2019-03-21,66.363602,69.090897,66.363602,69.090897,65.117043,3217118
2019-03-22,70.000000,70.000000,67.000000,67.181801,63.317753,2467847
2019-03-25,65.636398,66.636398,65.545502,66.000000,62.203926,608865
2019-03-26,66.727303,67.181801,66.090897,66.909103,63.060741,500720
2019-03-27,67.181801,67.181801,66.545502,66.636398,62.803722,234353
2019-03-28,67.090897,67.090897,65.636398,66.363602,62.546616,540760
2019-03-29,66.363602,66.545502,66.000000,66.181801,62.375271,295144
2019-04-01,66.545502,66.909103,66.090897,66.090897,62.289593,300740
2019-04-02,66.363602,66.818199,66.363602,66.636398,62.803722,336160
2019-04-03,66.818199,67.636398,66.727303,67.181801,63.317753,453090
2019-04-08,68.272697,68.727303,67.818199,68.000000,64.088890,710747
2019-04-09,68.181801,69.636398,68.090897,69.636398,65.631172,930878
2019-04-10,69.454498,69.454498,68.454498,69.000000,65.031380,717214
2019-04-11,69.090897,69.181801,67.545502,67.818199,63.917549,697730
2019-04-12,67.818199,67.818199,66.636398,66.727303,62.889397,542214
2019-04-15,67.181801,67.636398,67.090897,67.272697,63.403423,311633
2019-04-16,67.272697,67.545502,66.818199,67.181801,63.317753,284845
2019-04-17,67.727303,67.818199,67.181801,67.545502,63.660538,432611
2019-04-18,67.909103,68.000000,66.363602,66.545502,62.718052,414334
2019-04-19,66.909103,67.454498,66.272697,66.636398,62.803722,469667
2019-04-22,66.727303,67.272697,66.727303,67.090897,63.232079,341000
2019-04-23,66.818199,66.909103,66.545502,66.727303,62.889397,207816
2019-04-24,67.181801,67.181801,66.545502,66.727303,62.889397,263560
2019-04-25,67.181801,67.363602,66.727303,66.909103,63.060741,253110
2019-04-26,66.545502,66.636398,66.090897,66.181801,62.375271,461065
2019-04-29,66.181801,66.636398,64.090897,64.727303,61.004429,543070
2019-04-30,64.818199,65.181801,64.727303,65.181801,61.432785,184030
2019-05-02,65.181801,66.181801,65.181801,66.181801,62.375271,211641
2019-05-03,66.000000,66.818199,65.909103,66.636398,62.803722,187990
2019-05-06,66.181801,66.181801,64.909103,65.000000,61.261440,433378
2019-05-07,65.000000,65.636398,64.818199,65.363602,61.604130,203720
2019-05-08,64.272697,65.181801,64.272697,64.909103,61.175774,162140
2019-05-09,64.909103,65.000000,63.363602,63.545502,59.890602,454883
2019-05-10,63.545502,64.181801,62.363602,62.818199,59.205132,365640
2019-05-13,62.818199,62.818199,61.272701,61.272701,57.748524,360602
2019-05-14,59.636398,62.272701,59.545502,61.727299,58.176975,188513
2019-05-15,61.818199,62.909100,61.818199,62.818199,59.205132,117150
2019-05-16,62.272701,62.727299,62.090900,62.454498,58.862347,116752
2019-05-17,62.545502,63.545502,60.909100,61.000000,57.491508,289366
2019-05-20,61.000000,61.090900,60.181801,60.181801,56.720367,167530
2019-05-21,60.000000,61.727299,60.000000,61.545502,58.005634,189709
2019-05-22,61.545502,62.000000,61.000000,61.000000,57.491508,102960
2019-05-23,60.909100,60.909100,59.545502,59.818199,56.377678,262240
2019-05-24,59.818199,60.818199,59.545502,59.545502,56.120667,279449
2019-05-27,59.727299,60.545502,59.545502,60.272701,56.806042,123640
2019-05-28,60.272701,62.363602,60.272701,62.000000,58.433990,212960
2019-05-29,61.454498,62.181801,61.454498,61.818199,58.262646,116050
2019-05-30,61.818199,63.090900,61.818199,62.454498,58.862347,204820
2019-05-31,62.454498,63.363602,62.454498,63.000000,59.376476,218135
2019-06-03,62.545502,63.000000,62.090900,63.000000,59.376476,81862
2019-06-04,62.545502,63.181801,62.181801,62.272701,58.691006,109498
2019-06-05,62.636398,63.000000,61.727299,61.727299,58.176975,154110
2019-06-06,61.727299,61.818199,60.272701,60.272701,56.806042,180538
2019-06-10,61.000000,61.272701,60.454498,61.000000,57.491508,79675
2019-06-11,60.636398,61.181801,60.636398,61.181801,57.662853,84700
2019-06-12,61.363602,61.727299,61.181801,61.545502,58.005634,97350
2019-06-13,61.454498,61.545502,61.090900,61.454498,57.919865,44550
2019-06-14,61.454498,62.000000,61.454498,61.909100,58.348320,85690
2019-06-17,61.818199,62.363602,61.818199,62.363602,58.776680,49500
2019-06-18,62.363602,62.727299,61.545502,61.636398,58.091301,157410
2019-06-19,62.727299,62.727299,62.000000,62.090900,58.519665,155820
2019-06-20,63.000000,63.909100,62.727299,63.636398,59.976269,341880
2019-06-21,63.909100,64.636398,63.818199,63.909100,60.233288,292490
2019-06-24,64.090897,65.454498,64.090897,65.363602,61.604130,257478
2019-06-25,65.454498,66.272697,65.181801,65.272697,61.518456,319838
2019-06-26,65.272697,65.545502,64.909103,65.272697,61.518456,137003
2019-06-27,66.272697,66.363602,65.636398,65.727303,61.946915,203170
2019-06-28,66.000000,66.000000,65.181801,65.545502,61.775570,102648
2019-07-01,66.636398,67.272697,66.181801,66.909103,63.060741,283030
2019-07-02,66.454498,67.000000,66.363602,66.545502,62.718052,298133
2019-07-03,66.727303,66.818199,65.909103,65.909103,62.118256,247060
2019-07-04,66.363602,67.090897,66.363602,66.818199,62.975063,503825
2019-07-05,66.909103,69.090897,66.909103,68.545502,64.603020,1106518
2019-07-08,69.272697,69.545502,68.636398,69.545502,65.545502,1786275
2019-07-09,66.000000,66.199997,63.200001,63.500000,63.500000,1968495
2019-07-10,64.000000,64.300003,63.500000,63.799999,63.799999,418300
2019-07-11,64.199997,64.199997,62.900002,63.599998,63.599998,390379
2019-07-12,63.799999,64.400002,63.200001,63.500000,63.500000,325931
2019-07-15,63.900002,64.000000,63.599998,63.900002,63.900002,122800
2019-07-16,64.199997,65.699997,64.199997,64.800003,64.800003,512300
2019-07-17,64.800003,64.800003,64.099998,64.199997,64.199997,219600
2019-07-18,64.099998,64.099998,63.299999,63.400002,63.400002,192301
2019-07-19,63.400002,64.000000,63.400002,63.700001,63.700001,138900
2019-07-22,64.400002,64.400002,63.799999,64.000000,64.000000,127400
2019-07-23,64.699997,64.699997,64.099998,64.199997,64.199997,112132
2019-07-24,64.500000,64.800003,64.300003,64.599998,64.599998,147600
2019-07-25,65.000000,66.199997,64.699997,65.300003,65.300003,404100
2019-07-26,65.500000,65.500000,64.699997,65.000000,65.000000,137400
2019-07-29,65.000000,65.699997,65.000000,65.199997,65.199997,210290
2019-07-30,65.300003,65.300003,63.599998,63.799999,63.799999,322030
2019-07-31,63.799999,64.099998,63.599998,63.900002,63.900002,163880
2019-08-01,63.200001,64.199997,63.099998,63.700001,63.700001,160457
2019-08-02,63.299999,63.299999,63.000000,63.000000,63.000000,287771
2019-08-05,62.900002,63.099998,62.500000,62.599998,62.599998,162620
2019-08-06,60.500000,61.900002,60.500000,61.500000,61.500000,184112
2019-08-07,62.799999,63.099998,62.000000,62.000000,62.000000,112600
2019-08-08,62.000000,63.099998,62.000000,62.700001,62.700001,125658
2019-08-12,62.700001,65.500000,62.700001,64.199997,64.199997,257561
2019-08-13,63.500000,64.800003,63.500000,64.300003,64.300003,119230
2019-08-14,64.699997,65.800003,64.699997,64.699997,64.699997,270962
2019-08-15,64.000000,64.300003,63.799999,64.300003,64.300003,128150
2019-08-16,64.500000,65.199997,64.400002,64.500000,64.500000,157890
2019-08-19,65.000000,65.800003,64.800003,65.599998,65.599998,395036
2019-08-20,65.900002,67.199997,65.900002,66.300003,66.300003,640030
2019-08-21,66.599998,67.099998,65.400002,66.000000,66.000000,348347
2019-08-22,66.500000,66.599998,64.699997,64.800003,64.800003,393545
2019-08-23,65.099998,65.099998,64.199997,64.400002,64.400002,306700
2019-08-26,63.099998,63.700001,63.099998,63.299999,63.299999,161110
2019-08-27,63.700001,64.099998,63.700001,64.099998,64.099998,113715
2019-08-28,64.099998,64.599998,63.700001,64.000000,64.000000,100985
2019-08-29,64.199997,64.400002,63.700001,64.099998,64.099998,98835
2019-08-30,64.500000,65.400002,64.500000,65.000000,65.000000,242860
2019-09-02,65.699997,65.699997,64.800003,65.400002,65.400002,130202
2019-09-03,65.199997,65.900002,65.199997,65.599998,65.599998,114830
2019-09-04,65.599998,65.800003,65.300003,65.500000,65.500000,115429
2019-09-05,66.000000,66.000000,65.400002,65.400002,65.400002,168060
2019-09-06,66.000000,68.199997,66.000000,68.000000,68.000000,1348442
2019-09-10,69.400002,69.400002,67.699997,67.699997,67.699997,482031
2019-09-11,68.599998,69.000000,68.000000,68.000000,68.000000,308520
2019-09-12,68.300003,68.699997,67.599998,67.800003,67.800003,266630
2019-09-16,68.300003,68.400002,67.500000,67.699997,67.699997,159847
2019-09-17,68.199997,69.500000,67.800003,68.000000,68.000000,565005
2019-09-18,68.699997,68.699997,67.000000,67.300003,67.300003,367408
2019-09-19,67.599998,68.500000,67.400002,67.800003,67.800003,559727
2019-09-20,68.099998,68.800003,67.699997,67.800003,67.800003,387610
2019-09-23,67.800003,68.300003,67.400002,67.800003,67.800003,202740
2019-09-24,68.099998,69.000000,67.900002,68.800003,68.800003,524976
2019-09-25,69.199997,69.300003,67.699997,67.900002,67.900002,227321
2019-09-26,68.000000,68.400002,67.300003,67.400002,67.400002,242520
2019-09-27,67.800003,67.800003,65.599998,66.000000,66.000000,383500
2019-10-01,67.500000,67.500000,66.199997,67.099998,67.099998,267908
2019-10-02,67.300003,68.199997,66.900002,68.199997,68.199997,369644
2019-10-03,67.500000,70.800003,67.300003,70.500000,70.500000,1929407
2019-10-04,71.000000,71.699997,69.599998,71.500000,71.500000,1399518
2019-10-07,71.500000,71.500000,70.000000,70.400002,70.400002,718168
2019-10-08,71.000000,71.000000,69.900002,70.000000,70.000000,344822
2019-10-09,70.000000,70.500000,69.000000,69.500000,69.500000,384360
2019-10-14,70.199997,70.400002,69.699997,69.900002,69.900002,272090
2019-10-15,70.500000,71.800003,69.900002,71.800003,71.800003,931418
2019-10-16,72.199997,72.699997,70.599998,71.099998,71.099998,816090
2019-10-17,71.000000,72.400002,70.599998,71.699997,71.699997,506783
2019-10-18,72.300003,73.400002,71.800003,72.900002,72.900002,921246
2019-10-21,73.000000,73.400002,72.000000,72.599998,72.599998,372819
2019-10-22,72.599998,72.599998,71.500000,71.500000,71.500000,444140
2019-10-23,71.900002,72.000000,71.099998,72.000000,72.000000,381519
2019-10-24,72.400002,72.400002,71.300003,71.800003,71.800003,238390
2019-10-25,72.000000,72.000000,70.699997,70.699997,70.699997,390815
2019-10-28,71.099998,72.300003,70.800003,71.500000,71.500000,409211
2019-10-29,72.099998,72.199997,71.199997,71.199997,71.199997,306019
2019-10-30,71.699997,71.699997,70.900002,71.000000,71.000000,175210
2019-10-31,71.699997,71.900002,71.099998,71.400002,71.400002,231358
2019-11-01,70.900002,71.400002,70.699997,71.300003,71.300003,109860
2019-11-04,71.599998,71.699997,71.300003,71.599998,71.599998,136040
2019-11-05,71.800003,71.900002,70.199997,70.300003,70.300003,602088
2019-11-06,70.300003,70.800003,70.199997,70.400002,70.400002,204093
2019-11-07,70.199997,70.300003,68.800003,69.000000,69.000000,504110
2019-11-08,69.000000,69.599998,68.000000,68.000000,68.000000,409523
2019-11-11,67.800003,67.900002,66.000000,66.000000,66.000000,469875
2019-11-12,65.500000,67.199997,65.500000,66.699997,66.699997,191060
2019-11-13,66.699997,67.500000,66.599998,66.699997,66.699997,242260
2019-11-14,66.699997,66.699997,65.099998,65.300003,65.300003,501574
2019-11-15,65.300003,66.599998,65.300003,66.300003,66.300003,199050
2019-11-18,67.199997,67.199997,66.300003,66.699997,66.699997,108510
2019-11-19,66.800003,67.000000,66.300003,66.300003,66.300003,136214
2019-11-20,65.900002,66.599998,65.699997,66.300003,66.300003,126569
2019-11-21,66.000000,66.699997,66.000000,66.300003,66.300003,161050
2019-11-22,66.199997,66.500000,65.800003,65.900002,65.900002,197826
2019-11-25,66.099998,66.300003,65.900002,66.199997,66.199997,137954
2019-11-26,66.500000,66.599998,66.099998,66.300003,66.300003,114332
2019-11-27,66.500000,66.500000,65.800003,66.099998,66.099998,229860
2019-11-28,66.099998,66.300003,65.800003,65.800003,65.800003,230607
2019-11-29,65.699997,65.900002,65.400002,65.500000,65.500000,257050
2019-12-02,65.500000,65.500000,64.300003,64.500000,64.500000,228410
2019-12-03,64.800003,64.900002,64.099998,64.599998,64.599998,156485
2019-12-04,64.599998,64.800003,64.099998,64.099998,64.099998,205200
2019-12-05,64.900002,64.900002,64.300003,64.599998,64.599998,126061
2019-12-06,64.800003,66.400002,64.599998,65.300003,65.300003,265090
2019-12-09,65.800003,65.900002,65.400002,65.400002,65.400002,105540
2019-12-10,65.000000,65.199997,65.000000,65.099998,65.099998,105411
2019-12-11,64.800003,65.000000,64.400002,64.599998,64.599998,217061
2019-12-12,64.599998,65.000000,64.599998,64.800003,64.800003,118076
2019-12-13,64.900002,65.000000,64.500000,64.599998,64.599998,131019
2019-12-16,64.599998,65.400002,64.400002,65.099998,65.099998,6189
2019-12-17,65.599998,67.199997,65.599998,66.900002,66.900002,711219
2019-12-18,67.400002,67.500000,66.300003,66.599998,66.599998,318459
2019-12-19,66.500000,67.099998,66.500000,66.599998,66.599998,194550
2019-12-20,66.400002,66.900002,66.300003,66.699997,66.699997,107653
2019-12-23,66.699997,66.800003,66.099998,66.199997,66.199997,159400
2019-12-24,66.400002,66.699997,66.000000,66.199997,66.199997,74020
2019-12-25,66.599998,67.000000,66.599998,66.800003,66.800003,120776
2019-12-26,67.000000,67.500000,66.800003,66.800003,66.800003,270414
2019-12-27,67.300003,67.599998,66.599998,67.599998,67.599998,301330
2019-12-30,68.199997,69.300003,68.099998,68.400002,68.400002,444487
2019-12-31,68.400002,68.400002,67.500000,67.500000,67.500000,242800
2020-01-02,67.699997,68.300003,67.699997,67.900002,67.900002,140536
2020-01-03,67.800003,68.000000,66.199997,66.699997,66.699997,325761
2020-01-06,66.699997,66.800003,66.000000,66.199997,66.199997,128945
2020-01-07,66.800003,66.900002,65.900002,66.199997,66.199997,217410
2020-01-08,65.599998,66.099998,65.400002,65.699997,65.699997,190570
2020-01-09,65.900002,66.599998,65.900002,66.300003,66.300003,153634
2020-01-10,66.800003,66.800003,65.900002,66.400002,66.400002,115142
2020-01-13,66.599998,67.300003,66.500000,67.199997,67.199997,188788
2020-01-14,67.500000,68.300003,67.300003,67.500000,67.500000,365102
2020-01-15,67.500000,68.099998,67.400002,67.500000,67.500000,246393
2020-01-16,67.300003,67.300003,66.800003,67.099998,67.099998,129190
2020-01-17,67.300003,67.599998,67.000000,67.300003,67.300003,145727
2020-01-20,67.199997,68.000000,67.199997,67.800003,67.800003,304250
2020-01-30,61.099998,62.900002,61.099998,61.299999,61.299999,837718
2020-01-31,61.299999,62.000000,59.299999,60.299999,60.299999,609905
2020-02-03,58.400002,59.000000,57.200001,58.599998,58.599998,395709
2020-02-04,64.599998,64.599998,59.099998,59.099998,59.099998,242801
2020-02-05,59.799999,59.799999,58.500000,59.200001,59.200001,250341
2020-02-06,59.500000,61.099998,59.500000,60.799999,60.799999,240131
2020-02-07,60.500000,60.500000,59.299999,59.299999,59.299999,203332
2020-02-10,57.400002,58.700001,57.299999,58.299999,58.299999,178730
2020-02-11,58.500000,59.599998,58.500000,59.400002,59.400002,73035
2020-02-12,59.599998,60.500000,59.599998,60.099998,60.099998,190992
2020-02-13,60.099998,60.700001,59.400002,59.400002,59.400002,195549
2020-02-14,59.700001,60.200001,59.400002,60.099998,60.099998,146997
2020-02-17,60.000000,60.000000,59.500000,59.700001,59.700001,120801
2020-02-18,59.500000,60.200001,59.299999,59.599998,59.599998,139600
2020-02-19,59.599998,60.299999,59.400002,60.099998,60.099998,130601
2020-02-20,60.900002,61.900002,60.799999,60.900002,60.900002,411331
2020-02-21,60.599998,61.400002,60.599998,60.900002,60.900002,244010
2020-02-24,60.500000,60.500000,59.500000,59.700001,59.700001,229699
2020-02-25,58.099998,59.599998,58.000000,59.000000,59.000000,176710
2020-02-26,59.000000,59.599998,58.700001,59.099998,59.099998,133601
2020-02-27,59.200001,60.299999,57.599998,58.000000,58.000000,332750
2020-03-02,57.099998,58.599998,56.599998,57.500000,57.500000,298040
2020-03-03,58.299999,58.900002,58.200001,58.200001,58.200001,139638
2020-03-04,58.099998,58.200001,57.400002,57.799999,57.799999,160910
2020-03-05,58.500000,59.099998,58.200001,59.000000,59.000000,204714
2020-03-06,58.299999,58.700001,57.599998,58.200001,58.200001,190407
2020-03-09,57.500000,57.700001,55.500000,55.700001,55.700001,434209
2020-03-10,54.299999,56.700001,54.299999,56.700001,56.700001,303240
2020-03-11,56.200001,56.799999,55.299999,55.400002,55.400002,271600
2020-03-12,55.000000,55.000000,51.000000,51.599998,51.599998,603800
2020-03-13,48.700001,50.000000,47.000000,50.000000,50.000000,789850
2020-03-16,49.549999,50.200001,47.500000,47.599998,47.599998,335074
2020-03-17,44.250000,47.200001,44.250000,46.250000,46.250000,387699
2020-03-18,46.099998,47.299999,45.099998,46.000000,46.000000,335409
2020-03-19,45.000000,45.000000,41.400002,41.950001,41.950001,722450
2020-03-20,43.000000,45.900002,43.000000,45.250000,45.250000,223511
2020-03-23,43.799999,43.849998,42.299999,43.500000,43.500000,176660
2020-03-24,43.849998,45.349998,43.849998,44.849998,44.849998,142931
2020-03-25,45.500000,46.500000,45.500000,46.200001,46.200001,383125
2020-03-26,46.000000,46.500000,45.500000,46.000000,46.000000,237300
2020-03-27,47.450001,48.450001,47.299999,47.549999,47.549999,699105
2020-03-30,46.500000,47.349998,46.000000,47.349998,47.349998,190450
2020-03-31,47.700001,47.900002,47.200001,47.349998,47.349998,207720
2020-04-01,46.700001,47.950001,46.700001,47.500000,47.500000,168780