Date,Open,High,Low,Close,Adj Close,Volume
2015-08-13,120.249001,120.249001,80.165703,120.249001,120.249001,100948
2015-08-14,104.402000,114.236000,100.672997,104.402000,104.402000,70352
2015-08-17,101.605003,105.156998,99.750397,101.605003,101.605003,29447
2015-08-18,102.528000,103.459999,101.605003,102.528000,102.528000,17539
2015-08-19,98.808899,101.605003,98.808899,98.808899,98.808899,13946
2015-08-20,102.723999,103.459999,96.953903,102.723999,102.723999,10191
2015-08-21,109.528999,113.713997,102.538002,109.528999,109.528999,48618
2015-08-24,103.470001,104.402000,103.470001,103.470001,103.470001,23386
2015-08-25,104.402000,108.121002,103.470001,104.402000,104.402000,110174
2015-08-26,103.935997,104.495003,103.470001,103.935997,103.935997,13305
2015-08-27,102.098999,105.324997,102.098999,102.098999,102.098999,9547
2015-08-28,103.470001,105.334000,102.098999,103.470001,103.470001,49540
2015-08-31,113.257004,114.786003,104.402000,113.257004,113.257004,56006
2015-09-01,107.953003,107.953003,103.470001,107.953003,107.953003,21101
2015-09-02,104.402000,104.867996,103.478996,104.402000,104.402000,8496
2015-09-03,104.402000,104.402000,103.478996,104.402000,104.402000,16091
2015-09-04,98.902100,104.094002,98.342796,98.902100,98.902100,26293
2015-09-07,101.185997,103.459999,95.648903,101.185997,101.185997,36163
2015-09-08,107.197998,109.986000,103.945000,107.197998,107.197998,29093
2015-09-09,104.402000,109.986000,104.402000,104.402000,104.402000,10717
2015-09-10,107.403000,108.597000,105.343002,107.403000,107.403000,8335
2015-09-11,107.197998,107.197998,103.655998,107.197998,107.197998,14270
2015-09-14,102.538002,104.960999,102.538002,102.538002,102.538002,8796
2015-09-15,104.867996,105.334000,101.605003,104.867996,104.867996,11911
2015-09-16,105.800003,106.732002,104.587997,105.800003,105.800003,37011
2015-09-17,104.859001,105.800003,103.003998,104.859001,104.859001,14065
2015-09-18,107.664001,111.859001,103.470001,107.664001,107.664001,33978
2015-09-21,125.842003,125.842003,104.960999,125.842003,125.842003,81531
2015-09-22,124.900002,130.987000,119.549004,124.900002,124.900002,49551
2015-09-23,114.655998,123.931000,112.473999,114.655998,114.655998,12347
2015-09-24,112.316002,116.519997,110.740997,112.316002,112.316002,19739
2015-09-25,112.837997,112.837997,104.402000,112.837997,112.837997,40465
2015-09-29,112.837997,112.837997,112.837997,112.837997,112.837997,0
2015-09-30,114.646004,116.511002,110.927002,114.646004,114.646004,10155
2015-10-01,112.791000,114.646004,109.063004,112.791000,112.791000,17579
2015-10-02,113.257004,113.257004,108.130997,113.257004,113.257004,4329
2015-10-05,109.995003,112.791000,106.265999,109.995003,109.995003,79924
2015-10-06,109.975998,109.975998,106.265999,109.975998,109.975998,8690
2015-10-07,114.190002,114.190002,106.265999,114.190002,114.190002,15287
2015-10-08,113.052002,113.257004,109.995003,113.052002,113.052002,5474
2015-10-12,113.257004,113.257004,112.697998,113.257004,113.257004,11145
2015-10-13,120.686996,120.686996,112.791000,120.686996,120.686996,26280
2015-10-14,122.094002,122.103996,116.519997,122.094002,122.094002,10746
2015-10-15,113.723000,117.452003,113.723000,113.723000,113.723000,26565
2015-10-16,111.859001,111.859001,110.087997,111.859001,111.859001,12015
2015-10-19,108.606003,109.995003,108.037003,108.606003,108.606003,17164
2015-10-20,116.054001,116.054001,113.705002,116.054001,116.054001,19631
2015-10-21,112.473999,112.473999,109.995003,112.473999,112.473999,4720
2015-10-22,109.063004,110.927002,109.063004,109.063004,109.063004,4291
2015-10-23,110.927002,111.392998,109.165001,110.927002,110.927002,17647
2015-10-26,109.538002,109.538002,109.538002,109.538002,109.538002,2145
2015-10-27,110.013000,113.257004,110.013000,110.013000,110.013000,4291
2015-10-28,109.528999,116.519997,109.528999,109.528999,109.528999,39156
2015-10-29,114.655998,114.655998,110.927002,114.655998,114.655998,10727
2015-10-30,112.791000,115.569000,112.791000,112.791000,112.791000,8582
2015-11-02,112.557999,114.190002,111.392998,112.557999,112.557999,16307
2015-11-03,113.713997,115.122002,112.417999,113.713997,113.713997,40872
2015-11-04,112.324997,112.791000,111.859001,112.324997,112.324997,21498
2015-11-05,111.392998,112.540001,111.392998,111.392998,111.392998,2156
2015-11-06,109.528999,111.207001,109.063004,109.528999,109.528999,27892
2015-11-09,107.702003,109.640999,107.702003,107.702003,107.702003,25746
2015-11-10,108.597000,109.518997,107.786003,108.597000,108.597000,8582
2015-11-11,110.927002,110.927002,109.063004,110.927002,110.927002,7509
2015-11-12,112.791000,112.885002,111.392998,112.791000,112.791000,14482
2015-11-13,112.791000,113.723000,112.791000,112.791000,112.791000,46129
2015-11-16,113.677002,113.677002,113.444000,113.677002,113.677002,5363
2015-11-17,111.859001,114.180000,111.859001,111.859001,111.859001,27892
2015-11-18,112.139000,113.257004,111.859001,112.139000,112.139000,19309
2015-11-19,111.859001,111.952003,110.945999,111.859001,111.859001,7509
2015-11-20,112.791000,113.713997,111.859001,112.791000,112.791000,46129
2015-11-23,126.774002,139.804993,113.257004,126.774002,126.774002,133818
2015-11-24,132.367004,141.212997,123.987000,132.367004,132.367004,160712
2015-11-25,153.806000,155.671005,130.501999,153.806000,153.806000,217620
2015-11-26,163.128006,181.770996,153.806000,163.128006,163.128006,377952
2015-11-27,152.873993,167.789001,151.029007,152.873993,152.873993,177190
2015-11-30,151.009995,158.466995,145.425995,151.009995,151.009995,151386
2015-12-01,167.770004,173.371994,145.425995,167.770004,167.770004,398574
2015-12-02,172.449997,185.500000,163.128006,172.449997,172.449997,410927
2015-12-03,163.147003,178.033005,159.399002,163.147003,163.147003,184464
2015-12-04,162.205002,167.789001,160.285004,162.205002,162.205002,159740
2015-12-07,177.949005,179.804001,164.806000,177.949005,177.949005,305798
2015-12-08,213.464996,218.125000,178.042007,213.464996,213.464996,417418
2015-12-09,262.868988,262.868988,209.735992,262.868988,262.868988,590355
2015-12-10,296.427002,312.273010,251.682999,296.427002,296.427002,380967
2015-12-11,274.987000,321.585999,228.378998,274.987000,274.987000,377363
2015-12-14,264.723999,284.541992,225.908997,264.723999,264.723999,252618
2015-12-15,266.411011,284.299011,261.005005,266.411011,266.411011,104889
2015-12-16,258.208008,274.987000,251.682999,258.208008,258.208008,184026
2015-12-17,251.682999,261.005005,249.819000,251.682999,251.682999,46643
2015-12-18,224.649994,254.014008,222.785995,224.649994,224.649994,163801
2015-12-21,251.059006,264.928986,212.542007,251.059006,251.059006,179835
2015-12-22,256.343994,262.868988,247.022003,256.343994,256.343994,85297
2015-12-23,242.362000,254.479996,241.438995,242.362000,242.362000,37896
2015-12-24,237.710007,250.742004,222.794998,237.710007,237.710007,100039
2015-12-25,237.244003,251.197998,231.184998,237.244003,237.244003,75577
2015-12-28,233.039993,242.362000,231.184998,233.039993,233.039993,55143
2015-12-29,234.438004,239.556000,225.824997,234.438004,234.438004,56095
2015-12-30,230.242996,235.826996,226.514999,230.242996,230.242996,45540
2015-12-31,224.649994,229.302002,222.804993,224.649994,224.649994,36296
2016-01-04,196.686005,224.649994,195.753998,196.686005,196.686005,97976
2016-01-05,198.177002,204.095993,185.528000,198.177002,198.177002,129559
2016-01-06,194.820999,195.753998,189.227997,194.820999,194.820999,46858
2016-01-07,195.744003,208.804001,190.160995,195.744003,195.744003,99183
2016-01-08,195.753998,204.087006,187.373001,195.753998,195.753998,73249
2016-01-11,194.820999,195.753998,189.227997,194.820999,194.820999,56159
2016-01-12,186.897995,198.550003,185.509003,186.897995,186.897995,74901
2016-01-13,204.134003,204.134003,184.576996,204.134003,204.134003,76524
2016-01-14,191.093002,195.744003,185.509003,191.093002,191.093002,16697
2016-01-15,195.753998,204.134003,191.093002,195.753998,195.753998,61087
2016-01-18,197.617996,205.998001,195.753998,197.617996,197.617996,117197
2016-01-19,197.617996,199.938995,191.093002,197.617996,197.617996,22665
2016-01-20,192.966003,203.098999,192.966003,192.966003,192.966003,47438
2016-01-21,199.481995,201.337006,191.093002,199.481995,199.481995,38643
2016-01-22,200.414001,201.337006,196.686005,200.414001,200.414001,61760
2016-01-25,209.744995,217.192993,200.414001,209.744995,209.744995,88238
2016-01-26,210.669998,217.177994,205.768005,210.669998,210.669998,37332
2016-01-27,205.757996,215.602997,205.757996,205.757996,205.757996,7171
2016-01-28,198.876007,205.757996,198.876007,198.876007,198.876007,26976
2016-01-29,203.789001,211.664993,197.990005,203.789001,203.789001,82421
2016-01-30,null,null,null,null,null,null
2016-02-01,211.664993,222.798996,207.755997,211.664993,211.664993,30477
2016-02-02,210.679993,216.576996,205.776993,210.679993,210.679993,29558
2016-02-03,205.776993,210.669998,204.783005,205.776993,205.776993,10990
2016-02-15,201.820007,209.666000,191.975006,201.820007,201.820007,53869
2016-02-16,197.882004,201.544006,191.975006,197.882004,197.882004,41590
2016-02-17,200.352997,202.804001,198.669006,200.352997,200.352997,37355
2016-02-18,218.556000,227.416000,199.850998,218.556000,218.556000,109386
2016-02-19,218.556000,223.468994,210.690002,218.556000,218.556000,111230
2016-02-22,192.417999,209.410004,179.177002,192.417999,192.417999,86487
2016-02-23,204.772995,206.319000,195.912994,204.772995,204.772995,48959
2016-02-24,198.865997,203.789001,198.865997,198.865997,198.865997,25729
2016-02-25,198.856003,202.804001,191.975006,198.856003,198.856003,46547
2016-02-26,201.809998,201.809998,196.897003,201.809998,201.809998,25554
2016-03-01,196.886993,201.820007,196.266998,196.886993,196.886993,42824
2016-03-02,196.395004,197.871994,193.944000,196.395004,196.395004,20944
2016-03-03,189.020996,196.552994,188.037003,189.020996,189.020996,41889
2016-03-04,192.940002,192.940002,186.067993,192.940002,192.940002,35204
2016-03-07,188.244003,192.860992,188.244003,188.244003,188.244003,11031
2016-03-08,185.082993,187.052002,184.098999,185.082993,185.082993,27648
2016-03-09,179.177002,186.845993,177.216995,179.177002,179.177002,43799
2016-03-10,179.177002,182.130005,176.725006,179.177002,179.177002,12366
2016-03-11,190.005997,191.975006,179.669006,190.005997,190.005997,22143
2016-03-14,188.037003,191.964996,185.093002,188.037003,188.037003,13051
2016-03-15,184.098999,188.037003,182.572998,184.098999,184.098999,32396
2016-03-16,168.347000,182.130005,150.626007,168.347000,168.347000,243775
2016-03-17,164.419006,173.063004,163.425003,164.419006,164.419006,117803
2016-03-18,162.440002,165.393997,154.593994,162.440002,162.440002,172120
2016-03-21,150.617004,163.434998,147.673004,150.617004,150.617004,136411
2016-03-22,144.720001,151.610992,142.751007,144.720001,144.720001,196366
2016-03-23,145.703995,147.171005,144.326004,145.703995,145.703995,70258
2016-03-24,142.544006,145.703995,137.828003,142.544006,142.544006,159395
2016-03-25,140.298996,143.242996,140.289001,140.298996,140.298996,188247
2016-03-28,137.059998,140.772003,134.904007,137.059998,137.059998,139373
2016-03-29,129.951996,137.218002,128.968002,129.951996,129.951996,153878
2016-03-30,137.828003,138.813004,130.936996,137.828003,137.828003,324316
2016-03-31,151.610992,151.610992,137.740005,151.610992,151.610992,339357
2016-04-01,145.212006,153.570007,143.951996,145.212006,145.212006,171175
2016-04-06,137.828003,146.787003,135.869003,137.828003,137.828003,136771
2016-04-07,138.813004,139.147003,137.444000,138.813004,138.813004,34688
2016-04-08,137.828003,138.813004,136.863007,137.828003,137.828003,76936
2016-04-11,138.813004,139.796997,136.863007,138.813004,138.813004,121403
2016-04-12,135.011993,137.828003,132.423004,135.011993,135.011993,100275
2016-04-13,133.919998,135.800003,132.412994,133.919998,133.919998,43728
2016-04-14,135.858994,135.957993,133.487000,135.858994,135.858994,40427
2016-04-15,134.865005,135.209000,133.397995,134.865005,134.865005,66493
2016-04-18,133.466995,134.845001,132.916000,133.466995,133.466995,10695
2016-04-19,130.936996,133.889999,127.992996,130.936996,130.936996,20558
2016-04-20,130.444000,133.869995,128.091995,130.444000,130.444000,7334
2016-04-21,123.158997,129.942001,123.158997,123.158997,123.158997,148351
2016-04-22,125.522003,126.407997,120.126999,125.522003,125.522003,117020
2016-04-25,127.983002,129.529007,123.848000,127.983002,127.983002,17572
2016-04-26,133.190994,133.231003,130.444000,133.190994,133.190994,32514
2016-04-27,129.725998,130.936996,129.725998,129.725998,129.725998,18791
2016-04-28,128.671997,132.906006,128.485001,128.671997,128.671997,20365
2016-04-29,125.552002,129.242996,125.531998,125.552002,125.552002,64632
2016-05-03,125.029999,126.988998,124.546997,125.029999,125.029999,23860
2016-05-04,124.044998,126.802002,124.044998,124.044998,124.044998,25221
2016-05-05,124.044998,124.044998,122.085999,124.044998,124.044998,28425
2016-05-06,125.029999,125.029999,123.060997,125.029999,125.029999,26623
2016-05-09,123.060997,125.019997,122.578003,123.060997,123.060997,5688
2016-05-10,123.060997,125.019997,122.085999,123.060997,123.060997,23870
2016-05-11,123.553001,124.044998,123.553001,123.553001,123.553001,7110
2016-05-12,122.075996,123.898003,122.075996,122.075996,122.075996,9101
2016-05-13,124.015999,125.029999,122.480003,124.015999,124.015999,27181
2016-05-16,126.792000,129.962006,124.005997,126.792000,126.792000,95380
2016-05-17,126.003998,128.957993,124.625999,126.003998,126.003998,63474
2016-05-18,126.014000,127.973000,125.029999,126.014000,126.014000,26719
2016-05-19,127.421997,128.968002,126.123001,127.421997,127.421997,40273
2016-05-20,126.999001,127.983002,125.029999,126.999001,126.999001,31640
2016-05-23,129.744995,131.921005,126.999001,129.744995,129.744995,46064
2016-05-24,125.029999,129.744995,124.646004,125.029999,125.029999,29726
2016-05-25,129.951996,130.936996,127.490997,129.951996,129.951996,130382
2016-05-26,127.983002,137.828003,126.999001,127.983002,127.983002,291126
2016-05-27,127.481003,127.983002,124.538002,127.481003,127.481003,66694
2016-05-30,131.134003,131.526993,127.983002,131.134003,131.134003,263951
2016-05-31,128.376999,132.895996,127.126999,128.376999,128.376999,196650
2016-06-01,126.605003,128.356995,126.043999,126.605003,126.605003,62001
2016-06-02,126.999001,128.337997,126.497002,126.999001,126.999001,28095
2016-06-03,130.837997,130.927002,126.507004,130.837997,130.837997,215528
2016-06-04,null,null,null,null,null,null
2016-06-06,126.949997,130.149002,125.522003,126.949997,126.949997,123668
2016-06-07,126.949997,126.949997,126.949997,126.949997,126.949997,0
2016-06-08,125.522003,127.490997,124.538002,125.522003,125.522003,64449
2016-06-13,124.744003,127.460999,124.044998,124.744003,124.744003,75372
2016-06-14,127.983002,127.983002,126.014000,127.983002,127.983002,123363
2016-06-15,127.490997,128.761002,126.507004,127.490997,127.490997,191185
2016-06-16,127.973000,128.475006,126.054001,127.973000,127.973000,103708
2016-06-17,150.626007,150.626007,127.983002,150.626007,150.626007,1107833
2016-06-20,157.518005,160.442001,148.656998,157.518005,157.518005,802059
2016-06-21,156.533005,159.487000,153.580002,156.533005,156.533005,465001
2016-06-22,159.477005,159.477005,154.662994,159.477005,159.477005,209090
2016-06-23,166.388000,172.768005,160.470993,166.388000,166.388000,452991
2016-06-24,165.393997,170.306000,161.850006,165.393997,165.393997,415755
2016-06-27,169.263000,174.746002,164.408997,169.263000,169.263000,552381
2016-06-28,169.764999,170.710007,165.393997,169.764999,169.764999,221018
2016-06-29,172.274994,174.598999,168.848999,172.274994,172.274994,242919
2016-06-30,165.886002,174.057007,163.917007,165.886002,165.886002,345252
2016-07-01,163.621994,167.322998,162.735992,163.621994,163.621994,206112
2016-07-04,169.332001,173.270004,163.434998,169.332001,169.332001,233131
2016-07-05,166.378006,169.813995,163.975998,166.378006,166.378006,202456
2016-07-06,164.518005,168.839005,162.932999,164.518005,164.518005,78888
2016-07-07,162.440002,167.363007,159.003998,162.440002,162.440002,76059
2016-07-08,null,null,null,null,null,null
2016-07-11,160.964005,163.425003,157.528000,160.964005,160.964005,84269
2016-07-12,162.479996,165.886002,159.979004,162.479996,162.479996,85526
2016-07-13,162.046005,164.408997,160.470993,162.046005,162.046005,84968
2016-07-14,168.347000,168.347000,162.440002,168.347000,168.347000,51599
2016-07-15,165.886002,168.347000,164.615997,165.886002,165.886002,70808
2016-07-18,162.479996,166.772003,161.977997,162.479996,162.479996,75115
2016-07-19,162.932999,164.891998,160.964005,162.932999,162.932999,172366
2016-07-20,161.042007,164.399002,154.574005,161.042007,161.042007,280391
2016-07-21,162.440002,162.440002,160.470993,162.440002,162.440002,120114
2016-07-22,164.901001,165.089005,163.425003,164.901001,164.901001,191185
2016-07-25,166.860992,169.824005,164.802994,166.860992,166.860992,245464
2016-07-26,165.975006,166.378006,164.901001,165.975006,165.975006,178961
2016-07-27,165.089005,166.673996,163.621994,165.089005,165.089005,150333
2016-07-28,163.425003,165.856003,163.179001,163.425003,163.425003,118335
2016-07-29,164.408997,165.384003,163.425003,164.408997,164.408997,121911
2016-08-01,165.393997,165.886002,164.044998,165.393997,165.393997,136365
2016-08-02,164.518005,165.363998,163.966003,164.518005,164.518005,80163
2016-08-03,164.705002,165.876007,164.024994,164.705002,164.705002,143780
2016-08-04,165.393997,165.975006,164.408997,165.393997,165.393997,75516
2016-08-05,169.332001,173.250000,165.983994,169.332001,169.332001,328428
2016-08-08,168.347000,171.291000,167.953003,168.347000,168.347000,89417
2016-08-09,168.347000,169.529007,166.792007,168.347000,168.347000,48584
2016-08-10,165.983994,167.845001,165.492004,165.983994,165.983994,115137
2016-08-11,166.348999,167.845001,164.438995,166.348999,166.348999,71076
2016-08-12,166.220993,166.850998,165.393997,166.220993,166.220993,34637
2016-08-15,163.425003,168.326996,161.455994,163.425003,163.425003,245670
2016-08-16,162.932999,163.227997,162.026993,162.932999,162.932999,40268
2016-08-17,159.889999,162.440002,159.889999,159.889999,159.889999,81057
2016-08-18,161.927994,161.927994,159.487000,161.927994,161.927994,30726
2016-08-19,161.947998,163.315994,160.470993,161.947998,161.947998,42651
2016-08-22,161.554001,164.212006,160.009003,161.554001,161.554001,88580
2016-08-23,163.414993,164.901001,161.850006,163.414993,163.414993,88442
2016-08-24,163.404999,163.602005,161.563995,163.404999,163.404999,27582
2016-08-25,160.973007,162.440002,160.964005,160.973007,160.973007,74658
2016-08-26,160.964005,161.455994,159.988998,160.964005,160.964005,22873
2016-08-29,159.487000,160.953995,159.487000,159.487000,159.487000,30168
2016-08-30,159.979004,159.979004,158.522003,159.979004,159.979004,48654
2016-08-31,154.563995,161.347000,152.988998,154.563995,154.563995,163639
2016-09-01,153.087997,154.563995,148.656998,153.087997,153.087997,138833
2016-09-02,153.393005,154.544998,153.097000,153.393005,153.393005,55368
2016-09-05,153.393005,155.529007,153.393005,153.393005,153.393005,7618
2016-09-06,154.544998,157.507996,153.117004,154.544998,154.544998,84948
2016-09-07,158.492004,159.477005,155.548996,158.492004,158.492004,116050
2016-09-08,155.548996,158.393997,155.548996,155.548996,155.548996,50432
2016-09-09,153.097000,154.563995,152.615005,153.097000,153.097000,27120
2016-09-10,null,null,null,null,null,null
2016-09-12,153.087997,154.563995,153.087997,153.087997,153.087997,86288
2016-09-13,153.481003,154.563995,152.595001,153.481003,153.481003,46674
2016-09-14,153.097000,155.057007,152.595001,153.097000,153.097000,39309
2016-09-19,153.608994,156.041000,153.580002,153.608994,153.608994,41138
2016-09-20,153.285004,154.761002,152.615005,153.285004,153.285004,48350
2016-09-21,156.533005,157.813004,154.091995,156.533005,156.533005,58101
2016-09-22,155.057007,156.632004,154.072006,155.057007,155.057007,74800
2016-09-23,156.522995,157.498001,154.662994,156.522995,156.522995,43494
2016-09-26,159.487000,162.440002,156.533005,159.487000,159.487000,84033
2016-09-27,159.487000,159.487000,159.487000,159.487000,159.487000,0
2016-09-28,159.487000,159.487000,159.487000,159.487000,159.487000,0
2016-09-29,161.455994,163.031006,159.496994,161.455994,161.455994,134709
2016-09-30,160.757004,161.455994,159.487000,160.757004,160.757004,59117
2016-10-03,166.487000,171.291000,163.425003,166.487000,166.487000,219525
2016-10-04,165.098007,167.253998,164.408997,165.098007,165.098007,85628
2016-10-05,161.947998,164.408997,161.425995,161.947998,161.947998,82885
2016-10-06,159.694000,160.964005,159.694000,159.694000,159.694000,39817
2016-10-07,160.580002,161.751007,158.994995,160.580002,160.580002,36859
2016-10-11,157.518005,160.570007,157.123993,157.518005,157.518005,71356
2016-10-12,157.123993,158.404007,157.123993,157.123993,157.123993,61077
2016-10-13,156.533005,157.714996,154.957993,156.533005,156.533005,37583
2016-10-14,154.061996,156.533005,153.580002,154.061996,154.061996,97715
2016-10-17,155.548996,157.026001,153.589996,155.548996,155.548996,21442
2016-10-18,155.854004,157.518005,155.764999,155.854004,155.854004,28847
2016-10-19,155.559006,157.518005,155.559006,155.559006,155.559006,34511
2016-10-20,155.942993,157.518005,155.942993,155.942993,155.942993,20416
2016-10-21,154.957993,156.522995,154.957993,154.957993,154.957993,35247
2016-10-24,153.608994,154.761002,153.580002,153.608994,153.608994,42661
2016-10-25,154.662994,155.548996,154.574005,154.662994,154.662994,4625
2016-10-26,154.563995,154.957993,154.072006,154.563995,154.563995,21940
2016-10-27,154.662994,155.548996,154.563995,154.662994,154.662994,20416
2016-10-28,154.190002,155.057007,153.983994,154.190002,154.190002,22824
2016-10-31,154.072006,154.751007,154.072006,154.072006,154.072006,20924
2016-11-01,154.563995,154.761002,153.087997,154.563995,154.563995,28319
2016-11-02,146.343994,154.072006,146.343994,146.343994,146.343994,239566
2016-11-03,144.227005,148.164993,141.766006,144.227005,144.227005,165314
2016-11-04,140.781998,143.735001,140.781998,140.781998,140.781998,110463
2016-11-07,133.889999,142.751007,133.889999,133.889999,133.889999,216407
2016-11-08,135.848999,137.335999,131.931000,135.848999,135.848999,106634
2016-11-09,128.968002,136.350998,127.983002,128.968002,128.968002,74607
2016-11-10,136.598007,136.843994,130.936996,136.598007,136.598007,163892
2016-11-11,133.526001,137.335999,132.906006,133.526001,133.526001,73947
2016-11-14,134.875000,136.350998,133.615005,134.875000,134.875000,25393
2016-11-15,136.253006,136.843994,134.875000,136.253006,136.253006,59066
2016-11-16,135.671997,136.449997,135.376999,135.671997,135.671997,30249
2016-11-17,135.671997,135.671997,135.671997,135.671997,135.671997,0
2016-11-18,138.813004,139.304993,135.464996,138.813004,138.813004,79533
2016-11-21,140.003998,143.714996,137.837997,140.003998,140.003998,92093
2016-11-22,142.257996,142.257996,140.102005,142.257996,142.257996,43906
2016-11-23,141.766006,143.735001,140.988007,141.766006,141.766006,32910
2016-11-24,142.848999,145.703995,142.751007,142.848999,142.848999,86339
2016-11-25,146.796997,149.091003,142.759995,146.796997,146.796997,138600
2016-11-28,151.610992,155.095993,146.697998,151.610992,151.610992,194934
2016-11-29,148.264008,154.061996,147.181000,148.264008,148.264008,64744
2016-11-30,147.968002,148.755997,147.682999,147.968002,147.968002,29060
2016-12-01,147.673004,152.102997,146.697998,147.673004,147.673004,56679
2016-12-02,146.707993,147.770996,146.216003,146.707993,146.707993,44388
2016-12-05,147.673004,148.164993,147.319000,147.673004,147.673004,11406
2016-12-06,154.367004,154.367004,147.880005,154.367004,154.367004,124867
2016-12-07,153.649002,155.037003,153.087997,153.649002,153.649002,48482
2016-12-08,154.563995,155.529007,153.649002,154.563995,154.563995,15642
2016-12-09,151.610992,155.440994,151.610992,151.610992,151.610992,61422
2016-12-12,149.641998,151.315994,149.160004,149.641998,149.641998,9141
2016-12-13,147.682999,148.981995,144.966003,147.682999,147.682999,20010
2016-12-14,144.720001,147.279007,144.227005,144.720001,144.720001,36059
2016-12-15,144.720001,144.720001,143.755005,144.720001,144.720001,7211
2016-12-16,145.703995,145.703995,143.440002,145.703995,145.703995,43880
2016-12-19,147.160995,147.181000,145.212006,147.160995,147.160995,24479
2016-12-20,143.735001,145.901001,142.298004,143.735001,143.735001,33113
2016-12-21,145.694000,145.694000,143.735001,145.694000,145.694000,22499
2016-12-22,149.248001,150.626007,145.703995,149.248001,149.248001,34688
2016-12-23,144.720001,149.544006,143.735001,144.720001,144.720001,47456
2016-12-26,142.759995,142.759995,142.759995,142.759995,142.759995,1015
2016-12-27,147.673004,147.673004,142.848999,147.673004,147.673004,26155
2016-12-28,146.294998,146.787003,145.703995,146.294998,146.294998,4306
2016-12-29,152.496994,152.496994,143.942001,152.496994,152.496994,56506
2016-12-30,152.496994,152.496994,144.729004,152.496994,152.496994,64592
2017-01-03,145.703995,148.164993,144.768997,145.703995,145.703995,20396
2017-01-04,147.151001,147.613998,145.703995,147.151001,147.151001,49111
2017-01-05,147.673004,148.164993,146.688004,147.673004,147.673004,33062
2017-01-06,145.703995,147.673004,145.212006,145.703995,145.703995,37329
2017-01-09,144.729004,147.072006,144.720001,144.729004,144.729004,25393
2017-01-10,142.257996,143.832993,142.257996,142.257996,142.257996,36294
2017-01-11,137.828003,143.143997,137.828003,137.828003,137.828003,36435
2017-01-12,139.776993,141.973007,136.253006,139.776993,139.776993,122348
2017-01-13,135.878998,137.817993,135.376999,135.878998,135.878998,145253
2017-01-16,137.414993,137.414993,136.350998,137.414993,137.414993,26765
2017-01-17,136.843994,137.828003,135.858994,136.843994,136.843994,10686
2017-01-18,133.889999,137.828003,133.408005,133.889999,133.889999,96563
2017-01-19,131.526993,135.858994,130.936996,131.526993,131.526993,88117
2017-01-20,129.951996,132.906006,128.977997,129.951996,129.951996,102917
2017-01-23,130.966003,132.906006,130.828003,130.966003,130.966003,38598
2017-01-24,130.542999,132.906006,128.977997,130.542999,130.542999,41972
2017-02-02,127.983002,133.889999,127.983002,127.983002,127.983002,75187
2017-02-03,127.609001,130.936996,127.609001,127.609001,127.609001,20823
2017-02-06,128.475006,129.951996,127.009003,128.475006,128.475006,62976
2017-02-07,127.786003,128.671997,127.786003,127.786003,127.786003,28898
2017-02-08,128.210007,129.076004,127.588997,128.210007,128.210007,31011
2017-02-09,128.574005,128.968002,127.933998,128.574005,128.574005,22092
2017-02-10,129.587997,129.951996,128.574005,129.587997,129.587997,27026
2017-02-13,130.552994,133.151993,130.139008,130.552994,130.552994,57695
2017-02-14,127.639000,129.557999,126.999001,127.639000,127.639000,133958
2017-02-15,129.460007,130.444000,127.983002,129.460007,129.460007,122906
2017-02-16,128.475006,128.968002,127.983002,128.475006,128.475006,77502
2017-02-17,128.977997,130.936996,127.992996,128.977997,128.977997,124412
2017-02-18,null,null,null,null,null,null
2017-02-20,130.434998,131.921005,128.584000,130.434998,130.434998,46369
2017-02-21,126.999001,130.444000,126.999001,126.999001,126.999001,58457
2017-02-22,124.606003,126.999001,123.563004,124.606003,124.606003,104623
2017-02-23,122.863998,123.848000,118.138000,122.863998,122.863998,187072
2017-02-24,123.060997,124.044998,121.101997,123.060997,123.060997,36465
2017-03-01,123.070999,125.019997,123.070999,123.070999,123.070999,7872
2017-03-02,122.677002,123.070999,121.682999,122.677002,122.677002,21127
2017-03-03,123.060997,124.429001,122.587997,123.060997,123.060997,31590
2017-03-06,124.538002,124.538002,122.075996,124.538002,124.538002,27019
2017-03-07,126.999001,128.878998,125.324997,126.999001,126.999001,41615
2017-03-08,126.407997,129.951996,125.040001,126.407997,126.407997,66125
2017-03-09,126.014000,128.968002,126.014000,126.014000,126.014000,61758
2017-03-10,126.536003,129.056000,125.424004,126.536003,126.536003,40264
2017-03-13,127.983002,128.957993,127.983002,127.983002,127.983002,33083
2017-03-14,127.688004,129.352005,127.017998,127.688004,127.688004,57745
2017-03-15,126.733002,128.475006,126.733002,126.733002,126.733002,24002
2017-03-16,126.014000,127.392998,126.014000,126.014000,126.014000,23565
2017-03-17,126.014000,126.014000,124.074997,126.014000,126.014000,31996
2017-03-20,124.646004,126.988998,124.044998,124.646004,124.646004,64805
2017-03-21,124.026001,124.636002,124.026001,124.026001,124.026001,18385
2017-03-22,122.085999,124.124001,122.085999,122.085999,122.085999,42763
2017-03-23,118.828003,124.035004,118.639999,118.828003,118.828003,83292
2017-03-24,119.123001,120.107002,118.148003,119.123001,119.123001,66308
2017-03-27,117.153999,120.107002,114.199997,117.153999,117.153999,52108
2017-03-28,119.123001,121.466003,118.138000,119.123001,119.123001,72626
2017-03-29,119.123001,120.984001,118.188004,119.123001,119.123001,21432
2017-03-30,115.184998,120.107002,114.703003,115.184998,115.184998,52768
2017-03-31,118.621002,118.621002,114.839996,118.621002,118.621002,59545
2017-04-05,119.123001,119.614998,117.646004,119.123001,119.123001,86644
2017-04-06,118.630997,118.728996,118.148003,118.630997,118.630997,32605
2017-04-07,117.164001,118.690002,117.153999,117.164001,117.164001,41117
2017-04-10,115.824997,117.153999,114.209999,115.824997,115.824997,10594
2017-04-11,115.184998,115.824997,114.199997,115.184998,115.184998,17308
2017-04-12,115.402000,116.168999,114.199997,115.402000,115.402000,35856
2017-04-13,113.934998,115.874001,113.570000,113.934998,113.934998,23363
2017-04-14,113.216003,117.143997,112.240997,113.216003,113.216003,21535
2017-04-17,112.231003,113.216003,112.231003,112.231003,112.231003,47740
2017-04-18,118.630997,118.630997,106.629997,118.630997,118.630997,118722
2017-04-19,118.138000,123.051003,117.783997,118.138000,118.138000,41956
2017-04-20,115.824997,119.614998,114.299004,115.824997,115.824997,9651
2017-04-21,117.646004,117.646004,115.824997,117.646004,117.646004,7212
2017-04-24,116.150002,116.150002,116.150002,116.150002,116.150002,316
2017-04-25,117.646004,118.492996,116.168999,117.646004,117.646004,32104
2017-04-26,118.138000,119.999001,118.138000,118.138000,118.138000,32402
2017-04-27,121.584000,123.553001,118.630997,121.584000,121.584000,116964
2017-04-28,123.553001,126.988998,122.075996,123.553001,123.553001,78436
2017-05-02,123.060997,126.999001,119.133003,123.060997,123.060997,32607
2017-05-03,120.806000,121.584000,120.107002,120.806000,120.806000,29353
2017-05-04,119.123001,121.573997,118.138000,119.123001,119.123001,36008
2017-05-05,118.630997,119.123001,115.794998,118.630997,118.630997,39994
2017-05-08,117.153999,119.507004,117.153999,117.153999,117.153999,10157
2017-05-09,115.853996,117.448997,115.195000,115.853996,115.853996,10868
2017-05-10,113.216003,115.184998,112.240997,113.216003,113.216003,32047
2017-05-11,112.231003,114.199997,112.231003,112.231003,112.231003,35582
2017-05-12,113.314003,114.003998,112.871002,113.314003,113.314003,42661
2017-05-15,117.143997,118.098999,113.511002,117.143997,117.143997,30960
2017-05-16,114.693001,116.168999,114.209999,114.693001,114.693001,7110
2017-05-17,117.153999,117.153999,114.348000,117.153999,117.153999,89386
2017-05-18,117.153999,117.439003,115.205002,117.153999,117.153999,48756
2017-05-19,117.843002,121.092003,117.153999,117.843002,117.843002,57390
2017-05-22,117.361000,119.102997,116.662003,117.361000,117.361000,48248
2017-05-23,115.184998,117.153999,115.184998,115.184998,115.184998,23876
2017-05-24,115.824997,116.907997,115.824997,115.824997,115.824997,11325
2017-05-25,116.168999,117.143997,115.824997,116.168999,116.168999,12189
2017-05-26,113.216003,115.184998,113.216003,113.216003,113.216003,28716
2017-05-31,114.199997,118.138000,111.257004,114.199997,114.199997,43240
2017-06-01,113.708000,113.708000,113.708000,113.708000,113.708000,8126
2017-06-02,113.216003,114.693001,111.837997,113.216003,113.216003,23717
2017-06-03,null,null,null,null,null,null
2017-06-05,112.890999,113.570000,112.880997,112.890999,112.890999,38294
2017-06-06,114.122002,114.199997,112.339996,114.122002,114.122002,33539
2017-06-07,113.413002,113.413002,112.428001,113.413002,113.413002,7110
2017-06-08,116.445000,116.445000,113.216003,116.445000,116.445000,36597
2017-06-09,118.128998,118.128998,116.168999,118.128998,118.128998,19299
2017-06-12,115.677002,117.646004,115.677002,115.677002,115.677002,22346
2017-06-13,116.946999,116.946999,116.946999,116.946999,116.946999,1015
2017-06-14,113.413002,114.574997,112.231003,113.413002,113.413002,14951
2017-06-15,113.264999,114.199997,112.920998,113.264999,113.264999,2041
2017-06-16,114.191002,114.544998,113.195999,114.191002,114.191002,24378
2017-06-19,113.236000,114.209999,113.236000,113.236000,113.236000,19807
2017-06-20,113.511002,114.535004,113.177002,113.511002,113.511002,26818
2017-06-21,113.216003,113.610001,112.832001,113.216003,113.216003,53892
2017-06-22,113.314003,114.181000,113.216003,113.314003,113.314003,16123
2017-06-23,113.245003,114.682999,112.821999,113.245003,113.245003,71438
2017-06-26,113.216003,113.560997,112.240997,113.216003,113.216003,43271
2017-06-27,108.303001,112.585999,108.303001,108.303001,108.303001,70188
2017-06-28,111.837997,113.216003,109.917999,111.837997,111.837997,17775
2017-06-29,109.917999,112.231003,109.917999,109.917999,109.917999,40681
2017-06-30,111.247002,115.184998,111.247002,111.247002,111.247002,127327
2017-07-03,112.222000,112.222000,110.921997,112.222000,112.222000,14220
2017-07-04,108.313004,112.035004,108.293999,108.313004,108.313004,30706
2017-07-05,108.293999,109.278000,108.293999,108.293999,108.293999,17724
2017-07-06,108.293999,108.627998,106.482002,108.293999,108.293999,99716
2017-07-07,107.308998,108.293999,106.324997,107.308998,107.308998,46677
2017-07-10,106.806999,108.086998,105.349998,106.806999,106.806999,25302
2017-07-11,104.356003,107.299004,103.823997,104.356003,104.356003,59015
2017-07-12,92.541702,104.630997,88.603798,92.541702,92.541702,380791
2017-07-13,93.526199,95.495201,90.090401,93.526199,93.526199,199513
2017-07-14,101.391998,101.402000,93.536102,101.391998,101.391998,164664
2017-07-17,96.479698,99.433098,95.987396,96.479698,96.479698,129407
2017-07-18,99.433098,102.267998,97.759499,99.433098,99.433098,59663
2017-07-19,99.433098,101.795998,98.448601,99.433098,99.433098,48832
2017-07-20,115.213997,118.128998,98.458504,115.213997,115.213997,700233
2017-07-21,124.636002,127.973000,114.209999,124.636002,124.636002,1181938
2017-07-24,126.043999,133.889999,125.029999,126.043999,126.043999,958308
2017-07-25,121.209999,127.885002,118.148003,121.209999,121.209999,415563
2017-07-26,120.245003,124.439003,118.148003,120.245003,120.245003,437395
2017-07-27,120.944000,123.051003,119.133003,120.944000,120.944000,182826
2017-07-28,117.705002,121.092003,117.164001,117.705002,117.705002,304372
2017-07-31,113.422997,118.502998,113.216003,113.422997,113.422997,170794
2017-08-01,112.231003,115.667000,111.257004,112.231003,112.231003,287368
2017-08-02,94.510696,112.713997,91.065002,94.510696,94.510696,520321
2017-08-03,98.940903,103.361000,87.648804,98.940903,98.940903,634232
2017-08-04,101.944000,106.806999,97.956398,101.944000,101.944000,428986
2017-08-07,101.893997,103.273003,100.417999,101.893997,101.893997,111869
2017-08-08,102.859001,103.242996,101.421997,102.859001,102.859001,179038
2017-08-09,101.893997,103.754997,101.500999,101.893997,101.893997,85933
2017-08-10,99.984398,101.402000,98.251701,99.984398,99.984398,170870
2017-08-11,98.458504,100.299004,97.966202,98.458504,98.458504,177607
2017-08-14,92.600800,99.344498,91.557198,92.600800,92.600800,294376
2017-08-15,94.018501,97.454300,92.659897,94.018501,94.018501,83297
2017-08-16,93.152100,94.018501,93.053703,93.152100,93.152100,65973
2017-08-17,93.152100,93.152100,93.152100,93.152100,93.152100,0
2017-08-18,91.557198,91.803398,89.105904,91.557198,91.557198,85653
2017-08-21,91.557198,91.557198,90.572800,91.557198,91.557198,52920
2017-08-22,91.074799,92.039597,90.582603,91.074799,91.074799,45252
2017-08-23,91.360298,91.498199,90.808998,91.360298,91.360298,59929
2017-08-24,91.448997,91.547401,90.927200,91.448997,91.448997,22752
2017-08-25,98.448601,105.339996,94.510696,98.448601,98.448601,234597
2017-08-28,95.002899,97.769402,94.018501,95.002899,95.002899,111607
2017-08-29,95.485298,96.479698,94.471298,95.485298,95.485298,16353
2017-08-30,93.339203,95.495201,92.846901,93.339203,93.339203,57796
2017-08-31,94.786400,95.977600,93.536102,94.786400,94.786400,58040
2017-09-01,94.796204,95.002899,94.028297,94.796204,94.796204,28034
2017-09-04,92.541702,94.510696,92.049500,92.541702,92.541702,44175
2017-09-05,91.567101,92.541702,91.261902,91.567101,91.567101,53530
2017-09-06,94.786400,95.485298,91.773804,94.786400,94.786400,45729
2017-09-07,93.792000,94.786400,91.586800,93.792000,93.792000,57623
2017-09-08,94.018501,94.392601,92.049500,94.018501,94.018501,60945
2017-09-11,94.490997,94.599297,92.591003,94.490997,94.490997,47855
2017-09-12,95.780701,98.251701,93.742798,95.780701,95.780701,24785
2017-09-13,92.925697,97.257401,91.557198,92.925697,92.925697,64042
2017-09-14,92.718903,93.811699,91.557198,92.718903,92.718903,45303
2017-09-15,92.423599,92.531898,91.291397,92.423599,92.423599,24135
2017-09-18,90.572800,92.413696,90.277397,90.572800,90.572800,148414
2017-09-19,90.375900,91.626198,90.090401,90.375900,90.375900,56069
2017-09-20,90.651497,90.966599,90.080498,90.651497,90.651497,47334
2017-09-21,92.285797,92.285797,90.090401,92.285797,92.285797,36618
2017-09-22,90.375900,91.163399,90.375900,90.375900,90.375900,19299
2017-09-25,90.572800,90.848396,89.322502,90.572800,90.572800,89386
2017-09-26,90.375900,90.838600,90.021400,90.375900,90.375900,56121
2017-09-27,90.622002,90.769699,90.287300,90.622002,90.622002,43800
2017-09-28,90.572800,92.541702,88.633301,90.572800,90.572800,158509
2017-09-29,92.837097,93.526199,90.602303,92.837097,92.837097,88311
2017-10-02,97.119598,98.350197,95.495201,97.119598,97.119598,118742
2017-10-03,97.267303,97.946602,95.495201,97.267303,97.267303,63485
2017-10-05,97.464203,98.438797,96.479698,97.464203,97.464203,14423
2017-10-06,95.987396,97.464203,94.520500,95.987396,95.987396,63088
2017-10-11,90.572800,95.987396,90.297096,90.572800,90.572800,220348
2017-10-12,90.572800,90.966599,90.080498,90.572800,90.572800,106146
2017-10-13,90.572800,94.510696,90.080498,90.572800,90.572800,191971
2017-10-16,87.717697,91.360298,86.841599,87.717697,87.717697,274132
2017-10-17,84.665802,86.733299,84.390198,84.665802,84.665802,159448
2017-10-18,83.612396,85.601097,80.737701,83.612396,83.612396,169093
2017-10-19,87.048302,87.609497,83.612396,87.048302,87.048302,161188
2017-10-20,86.654503,88.111504,84.665802,86.654503,86.654503,183738
2017-10-23,90.562897,92.827202,87.629097,90.562897,90.562897,344965
2017-10-24,89.883598,90.562897,87.136902,89.883598,89.883598,221805
2017-10-25,98.448601,103.371002,90.562897,98.448601,98.448601,901055
2017-10-26,81.712402,99.925400,79.743401,95.396698,95.396698,9613282
2017-10-27,93.132401,93.132401,88.505302,88.702202,88.702202,4142166
2017-10-30,87.717697,88.603798,83.287598,83.287598,83.287598,1921457
2017-10-31,83.779800,87.028603,83.681396,85.945702,85.945702,1116094
2017-11-01,85.650299,87.323997,84.173599,84.370499,84.370499,855877
2017-11-02,83.681396,85.551903,82.992203,83.779800,83.779800,578169
2017-11-03,84.567398,85.059601,82.992203,82.992203,82.992203,478778
2017-11-06,83.681396,84.075104,81.712402,82.106201,82.106201,606032
2017-11-07,81.810799,81.909302,80.137199,80.432503,80.432503,749629
2017-11-08,80.432503,86.634804,80.432503,85.453400,85.453400,906523
2017-11-09,86.339500,86.437897,83.779800,83.976700,83.976700,506309
2017-11-10,83.681396,83.976700,82.696899,83.189102,83.189102,280369
2017-11-13,82.598396,84.764297,82.598396,83.189102,83.189102,289492
2017-11-14,83.484497,83.878304,81.909302,82.007698,82.007698,320066
2017-11-15,82.007698,83.189102,81.909302,82.696899,82.696899,182938
2017-11-16,82.696899,83.287598,81.023201,81.121696,81.121696,371119
2017-11-17,81.515503,82.598396,80.727898,81.121696,81.121696,316142
2017-11-20,81.712402,85.650299,81.712402,83.878304,83.878304,730804
2017-11-21,83.976700,88.308403,83.976700,85.945702,85.945702,930806
2017-11-22,87.127098,87.520897,84.370499,84.468903,84.468903,602334
2017-11-23,85.453400,85.453400,84.173599,84.173599,84.173599,231816
2017-11-24,85.355003,85.453400,83.189102,83.189102,83.189102,255127
2017-11-27,83.484497,83.484497,81.810799,81.909302,81.909302,262400
2017-11-28,81.712402,83.189102,81.613899,81.909302,81.909302,199190
2017-11-29,82.598396,82.893799,81.712402,81.712402,81.712402,156665
2017-11-30,81.712402,82.795303,81.220100,82.795303,82.795303,229560
2017-12-01,82.696899,82.696899,80.432503,80.826302,80.826302,209177
2017-12-04,80.334099,80.727898,79.152702,79.152702,79.152702,280450
2017-12-05,79.152702,80.432503,76.789902,77.183701,77.183701,431213
2017-12-06,76.986801,77.183701,74.033401,74.131798,74.131798,487452
2017-12-07,74.820999,75.313202,74.131798,74.131798,74.131798,126461
2017-12-08,74.820999,74.820999,74.033401,74.820999,74.820999,198367
2017-12-11,74.919403,75.313202,74.427200,74.525597,74.525597,133064
2017-12-12,74.525597,77.774399,74.131798,76.396103,76.396103,283802
2017-12-13,76.396103,76.396103,74.624100,74.919403,74.919403,290811
2017-12-14,74.919403,75.707001,74.427200,74.525597,74.525597,219911
2017-12-15,74.525597,75.214798,73.836502,74.033401,74.033401,118843
2017-12-18,74.624100,75.707001,73.836502,73.934898,73.934898,139311
2017-12-19,73.934898,74.033401,72.359802,72.458199,72.458199,121892
2017-12-20,73.245796,75.510101,72.851997,74.230301,74.230301,292641
2017-12-21,74.328697,76.199203,74.033401,74.033401,74.033401,335698
2017-12-22,74.919403,75.707001,74.427200,74.722504,74.722504,91621
2017-12-25,75.017899,75.214798,73.934898,74.033401,74.033401,84307
2017-12-26,74.722504,75.214798,74.033401,74.033401,74.033401,144484
2017-12-27,74.820999,74.820999,73.639603,73.934898,73.934898,75477
2017-12-28,74.722504,74.919403,73.344200,74.722504,74.722504,134085
2017-12-29,74.427200,74.722504,74.033401,74.525597,74.525597,73337
2018-01-02,73.934898,74.624100,73.836502,73.934898,73.934898,57898
2018-01-03,74.722504,74.820999,73.836502,74.033401,74.033401,110717
2018-01-04,74.328697,74.328697,73.245796,73.344200,73.344200,193247
2018-01-05,73.344200,73.541100,72.359802,72.458199,72.458199,154496
2018-01-08,72.458199,74.033401,71.079903,73.836502,73.836502,305743
2018-01-09,74.427200,75.116302,73.836502,74.820999,74.820999,253025
2018-01-10,74.427200,76.396103,74.427200,75.608597,75.608597,331385
2018-01-11,75.017899,75.411697,74.427200,74.919403,74.919403,103811
2018-01-12,74.525597,75.313202,74.525597,75.116302,75.116302,101778
2018-01-15,75.116302,80.727898,75.116302,78.266701,78.266701,685961
2018-01-16,78.365097,79.940300,77.282204,77.479103,77.479103,444922
2018-01-17,78.365097,78.365097,76.593002,76.888397,76.888397,283904
2018-01-18,78.758904,79.448097,77.479103,77.774399,77.774399,476827
2018-01-19,78.266701,81.121696,77.774399,80.235603,80.235603,460395
2018-01-22,79.743401,80.530998,78.463600,79.644997,79.644997,235757
2018-01-23,79.743401,80.629402,79.152702,79.349602,79.349602,162521
2018-01-24,79.349602,79.349602,77.971298,78.561996,78.561996,178265
2018-01-25,79.743401,83.287598,79.251198,82.204597,82.204597,789886
2018-01-26,82.303101,86.536400,81.712402,85.453400,85.453400,1048976
2018-01-29,86.634804,89.096001,85.748802,87.619301,87.619301,1088537
2018-01-30,87.520897,87.520897,83.779800,84.272003,84.272003,636392
2018-01-31,83.582901,86.339500,82.893799,85.650299,85.650299,512909
2018-02-01,85.158096,85.945702,84.665802,84.665802,84.665802,153867
2018-02-02,84.665802,84.764297,83.779800,83.779800,83.779800,224990
2018-02-05,81.909302,85.551903,81.909302,84.764297,84.764297,179179
2018-02-06,83.287598,84.173599,78.660500,80.727898,80.727898,570271
2018-02-07,82.795303,84.370499,81.712402,81.909302,81.909302,248095
2018-02-08,81.810799,81.810799,79.054298,79.841904,79.841904,143577
2018-02-09,77.282204,80.629402,77.085297,80.629402,80.629402,167653
2018-02-12,81.712402,82.696899,80.727898,81.417000,81.417000,112952
2018-02-21,82.106201,83.189102,81.220100,82.204597,82.204597,166889
2018-02-22,83.189102,84.468903,82.204597,82.992203,82.992203,180906
2018-02-23,82.893799,83.287598,81.909302,81.909302,81.909302,161861
2018-02-26,82.303101,83.287598,82.303101,82.795303,82.795303,108257
2018-02-27,83.386002,83.386002,82.401497,82.401497,82.401497,116812
2018-03-01,81.712402,81.712402,77.872902,80.530998,80.530998,214528
2018-03-02,78.857399,79.743401,78.857399,79.546501,79.546501,65028
2018-03-05,81.417000,82.106201,79.251198,81.515503,81.515503,180814
2018-03-06,81.515503,85.059601,81.515503,84.173599,84.173599,428862
2018-03-07,85.847198,88.111504,85.847198,88.111504,88.111504,1200083
2018-03-08,89.096001,92.246399,88.899101,91.360298,91.360298,1850357
2018-03-09,91.655701,91.655701,88.111504,89.686699,89.686699,853450
2018-03-12,89.588303,90.966599,89.194504,89.686699,89.686699,456472
2018-03-13,90.671204,95.495201,90.080498,92.738602,92.738602,958375
2018-03-14,91.557198,95.002899,91.458801,93.329300,93.329300,766999
2018-03-15,93.526199,102.387001,93.526199,102.387001,102.387001,2074269
2018-03-16,100.417999,104.848000,99.433098,99.433098,99.433098,1302150
2018-03-19,102.878998,109.278000,100.417999,109.278000,109.278000,1337628
2018-03-20,108.293999,113.216003,105.339996,108.293999,108.293999,1578856
2018-03-21,109.278000,109.278000,98.251701,100.417999,100.417999,2018132
2018-03-22,99.925400,101.893997,98.448601,98.940903,98.940903,873156
2018-03-23,93.624702,99.925400,93.624702,98.251701,98.251701,633832
2018-03-26,98.940903,104.356003,97.464203,101.893997,101.893997,861058
2018-03-27,102.387001,103.371002,97.661102,98.448601,98.448601,620160
2018-03-28,98.448601,101.402000,97.759499,98.940903,98.940903,359241
2018-03-29,100.417999,101.893997,98.940903,100.417999,100.417999,304422
2018-03-30,102.387001,107.308998,100.417999,101.402000,101.402000,589358
2018-04-02,101.402000,110.262001,101.402000,108.293999,108.293999,1167068
2018-04-03,106.324997,112.231003,104.356003,107.801003,107.801003,1005265
2018-04-09,110.262001,110.262001,104.848000,106.817001,106.817001,679950
2018-04-10,107.308998,108.786003,99.433098,100.417999,100.417999,999582
2018-04-11,101.402000,102.878998,98.448601,101.402000,101.402000,543450
2018-04-12,101.893997,103.371002,100.910004,100.910004,100.910004,259343
2018-04-13,101.402000,101.893997,98.940903,99.433098,99.433098,292934
2018-04-16,99.433098,99.433098,97.562599,97.562599,97.562599,274993
2018-04-17,97.759499,98.448601,96.971901,96.971901,96.971901,228670
2018-04-18,97.464203,98.448601,96.085899,96.479698,96.479698,251054
2018-04-19,97.464203,100.910004,97.464203,99.925400,99.925400,468203
2018-04-20,99.925400,101.893997,98.448601,100.417999,100.417999,262573
2018-04-23,101.893997,110.262001,101.893997,110.262001,110.262001,1847928
2018-04-24,112.723999,112.723999,104.356003,107.801003,107.801003,1401202
2018-04-25,106.324997,118.138000,106.324997,118.138000,118.138000,2482354
2018-04-26,116.662003,117.646004,108.293999,108.786003,108.786003,1880071
2018-04-27,110.754997,117.646004,103.371002,114.693001,114.693001,1227809
2018-04-30,113.216003,115.677002,110.754997,112.231003,112.231003,536474
2018-05-02,113.216003,115.184998,111.247002,114.199997,114.199997,430531
2018-05-03,115.184998,124.538002,115.184998,121.092003,121.092003,1728569
2018-05-04,124.044998,130.444000,120.107002,120.107002,120.107002,3127249
2018-05-07,121.092003,124.044998,118.630997,121.092003,121.092003,995188
2018-05-08,123.060997,123.060997,114.199997,114.199997,114.199997,1316219
2018-05-09,113.216003,114.199997,109.769997,111.247002,111.247002,931804
2018-05-10,112.723999,115.184998,109.278000,112.723999,112.723999,641969
2018-05-11,112.723999,113.708000,110.262001,110.754997,110.754997,491220
2018-05-14,111.247002,116.662003,106.817001,112.231003,112.231003,788603
2018-05-15,116.168999,119.614998,114.199997,116.168999,116.168999,1511887
2018-05-16,116.168999,121.092003,115.677002,116.168999,116.168999,1008962
2018-05-17,118.630997,118.630997,114.199997,117.153999,117.153999,417813
2018-05-18,118.138000,119.614998,116.662003,118.630997,118.630997,394342
2018-05-21,120.599998,122.075996,118.630997,121.092003,121.092003,861210
2018-05-22,121.584000,125.522003,119.123001,119.614998,119.614998,1038409
2018-05-23,120.599998,123.060997,119.123001,119.614998,119.614998,706435
2018-05-24,121.092003,122.569000,119.614998,120.599998,120.599998,412864
2018-05-25,121.092003,122.075996,112.231003,114.199997,114.199997,820112
2018-05-28,114.199997,115.184998,110.262001,112.231003,112.231003,633081
2018-05-29,112.231003,114.199997,111.247002,113.216003,113.216003,334912
2018-05-30,113.216003,113.216003,109.278000,110.262001,110.262001,401224
2018-05-31,112.231003,112.723999,109.278000,109.769997,109.769997,1210046
2018-06-01,111.738998,111.738998,108.293999,108.293999,108.293999,779087
2018-06-04,109.278000,111.247002,107.801003,107.801003,107.801003,628132
2018-06-05,108.786003,110.754997,108.293999,108.293999,108.293999,284412
2018-06-06,108.293999,108.293999,103.862999,103.862999,103.862999,522381
2018-06-07,104.356003,108.293999,102.387001,104.848000,104.848000,579093
2018-06-08,105.339996,105.339996,101.402000,101.402000,101.402000,449269
2018-06-11,102.878998,102.878998,100.417999,100.417999,100.417999,221536
2018-06-12,101.402000,102.387001,100.910004,101.893997,101.893997,196364
2018-06-13,101.893997,102.387001,98.448601,98.448601,98.448601,333371
2018-06-14,99.925400,99.925400,96.775002,97.464203,97.464203,331137
2018-06-15,97.464203,101.402000,96.085899,101.402000,101.402000,261517
2018-06-19,100.417999,101.893997,97.956398,97.956398,97.956398,179789
2018-06-20,97.956398,99.925400,97.956398,98.054901,98.054901,147406
2018-06-21,98.940903,105.339996,98.448601,103.862999,103.862999,387308
2018-06-22,102.878998,104.848000,101.402000,102.878998,102.878998,226615
2018-06-25,101.893997,103.862999,98.054901,98.251701,98.251701,316002
2018-06-26,98.940903,100.417999,98.153297,98.448601,98.448601,263232
2018-06-27,99.433098,99.433098,96.479698,97.562599,97.562599,222704
2018-06-28,97.956398,99.925400,97.464203,97.562599,97.562599,148300
2018-06-29,97.956398,101.402000,97.956398,100.910004,100.910004,213511
2018-07-02,100.417999,101.402000,98.448601,98.448601,98.448601,218596
2018-07-03,98.448601,99.433098,97.464203,97.464203,97.464203,127274
2018-07-04,96.479698,96.971901,91.557198,91.557198,91.557198,485837
2018-07-05,92.344803,93.329300,88.800697,88.800697,88.800697,213383
2018-07-06,89.096001,90.572800,88.800697,89.588303,89.588303,157950
2018-07-09,89.883598,96.479698,89.588303,93.723099,93.723099,342310
2018-07-10,93.386101,94.081497,91.597801,91.995201,91.995201,235940
2018-07-11,91.399101,93.386101,91.399101,91.995201,91.995201,58168
2018-07-12,93.286697,93.386101,92.392601,92.491997,92.491997,74486
2018-07-13,93.386101,96.863197,92.889297,95.074997,95.074997,192550
2018-07-16,96.366501,96.565201,93.485397,93.485397,93.485397,113746
2018-07-17,93.485397,93.485397,91.895897,92.392601,92.392601,90692
2018-07-18,92.392601,94.379501,91.796501,93.684097,93.684097,162068
2018-07-19,93.087997,93.286697,90.703697,90.902397,90.902397,191249
2018-07-20,91.001801,91.995201,90.405701,91.001801,91.001801,114850
2018-07-23,92.094597,92.094597,88.319397,88.418701,88.418701,220611
2018-07-24,88.220001,89.610901,86.928497,87.822701,87.822701,472183
2018-07-25,87.822701,89.213501,87.226601,88.120697,88.120697,283019
2018-07-26,92.193901,95.373001,89.809601,90.405701,90.405701,1088911
2018-07-27,90.703697,91.399101,88.418701,88.915497,88.915497,530687
2018-07-30,87.624001,88.418701,87.524597,88.021301,88.021301,233575
2018-07-31,87.524597,89.213501,87.524597,87.921997,87.921997,155767
2018-08-01,88.418701,89.908897,87.921997,87.921997,87.921997,254663
2018-08-02,88.418701,88.617401,87.226601,87.226601,87.226601,290279
2018-08-03,88.220001,88.319397,87.425301,88.021301,88.021301,176606
2018-08-06,88.220001,88.220001,87.325897,87.425301,87.425301,213073
2018-08-07,87.425301,87.524597,87.027901,87.226601,87.226601,171282
2018-08-08,87.425301,87.921997,86.928497,86.928497,86.928497,139410
2018-08-09,86.928497,87.325897,86.233101,86.431801,86.431801,162058
2018-08-10,86.431801,86.729797,85.537697,85.637001,85.637001,217419
2018-08-13,85.637001,85.637001,84.146797,84.246201,84.246201,558988
2018-08-14,84.444901,85.239601,84.246201,84.444901,84.444901,116967
2018-08-15,85.835701,85.835701,84.345497,84.345497,84.345497,403637
2018-08-16,84.941597,84.941597,82.457901,83.848801,83.848801,344298
2018-08-17,83.848801,86.233101,83.848801,84.544197,84.544197,422872
2018-08-20,84.544197,84.742897,83.451401,83.948097,83.948097,199301
2018-08-21,84.544197,85.040901,84.345497,84.444901,84.444901,338366
2018-08-22,84.444901,84.941597,84.345497,84.444901,84.444901,162159
2018-08-23,84.444901,84.842201,83.948097,84.047501,84.047501,166450
2018-08-24,87.425301,88.120697,85.040901,85.338997,85.338997,1013318
2018-08-27,85.338997,85.338997,83.650101,84.146797,84.146797,415111
2018-08-28,84.146797,84.643600,83.749397,83.848801,83.848801,290094
2018-08-29,83.948097,83.948097,82.159897,82.159897,82.159897,504394
2018-08-30,82.954697,84.444901,82.557297,83.948097,83.948097,181013
2018-08-31,83.948097,84.047501,83.252701,83.451401,83.451401,99751
2018-09-03,84.047501,84.047501,82.259201,82.457901,82.457901,123506
2018-09-04,82.755997,83.351997,81.166397,81.563797,81.563797,190243
2018-09-05,76.497101,81.265800,76.497101,80.471001,80.471001,2641729
2018-09-06,79.974297,80.471001,77.987297,78.583397,78.583397,600957
2018-09-07,77.987297,78.881401,76.695801,76.894501,76.894501,597303
2018-09-10,76.596497,76.596497,72.423897,73.019997,73.019997,771246
2018-09-11,74.510201,76.695801,74.212097,75.304901,75.304901,381024
2018-09-12,76.000397,76.795197,75.106300,75.801697,75.801697,210894
2018-09-13,75.801697,80.967697,75.801697,78.980797,78.980797,579802
2018-09-14,79.576897,79.576897,77.589897,77.788597,77.788597,310402
2018-09-17,77.788597,78.682701,76.795197,76.894501,76.894501,167091
2018-09-18,76.894501,77.192497,75.602997,75.801697,75.801697,115756
2018-09-19,76.099701,76.795197,75.503601,75.801697,75.801697,124352
2018-09-20,76.795197,77.689301,75.801697,76.397797,76.397797,257139
2018-09-21,76.397797,76.695801,75.602997,75.602997,75.602997,191651
2018-09-25,75.801697,75.801697,74.112801,74.311501,74.311501,209489
2018-09-26,74.311501,75.304901,74.311501,74.808197,74.808197,112837
2018-09-27,74.808197,75.702301,74.808197,75.503601,75.503601,322354
2018-09-28,77.490601,77.589897,74.907600,77.490601,77.490601,419054
2018-10-01,82.855301,84.345497,81.265800,81.563797,81.563797,1749080
2018-10-02,82.557297,84.047501,80.471001,80.471001,80.471001,1497109
2018-10-03,80.669701,81.067101,78.185997,78.185997,78.185997,415039
2018-10-04,78.185997,82.358597,77.689301,77.788597,77.788597,1599847
2018-10-05,77.987297,78.881401,75.602997,76.298401,76.298401,601653
2018-10-08,76.894501,77.093201,75.304901,75.503601,75.503601,327309
2018-10-09,75.503601,75.702301,71.529800,72.523201,72.523201,531176
2018-10-11,65.568901,68.251297,65.270897,65.270897,65.270897,1013785
2018-10-12,62.687901,65.072197,61.694401,64.078697,64.078697,694838
2018-10-15,64.575500,66.562401,64.178101,64.575500,64.575500,328633
2018-10-16,66.264397,67.456497,65.767601,66.562401,66.562401,436609
2018-10-17,67.059196,67.953300,66.562401,66.562401,66.562401,205928
2018-10-18,67.059196,67.357201,64.376801,64.575500,64.575500,262615
2018-10-19,63.482700,63.582001,61.793800,62.687901,62.687901,337222
2018-10-22,62.091801,64.376801,61.396400,64.376801,64.376801,254663
2018-10-23,64.277397,64.873497,63.085300,63.582001,63.582001,176150
2018-10-24,63.184601,63.880100,62.290501,62.489201,62.489201,208820
2018-10-25,59.608101,60.601601,57.621201,57.621201,57.621201,659758
2018-10-26,59.608101,60.104900,55.634300,55.634300,55.634300,406679
2018-10-29,52.852501,56.925800,52.653900,56.627701,56.627701,849749
2018-10-30,55.733601,56.131001,54.243401,54.640800,54.640800,288146
2018-10-31,55.435600,55.932301,54.938801,55.634300,55.634300,243691
2018-11-01,55.634300,58.316601,55.634300,57.124500,57.124500,207756
2018-11-02,57.124500,58.912701,57.124500,57.919201,57.919201,156038
2018-11-05,58.416000,58.515301,57.124500,57.124500,57.124500,127105
2018-11-06,57.919201,58.018600,54.740101,54.740101,54.740101,218124
2018-11-07,56.925800,57.025101,55.932301,56.429001,56.429001,181391
2018-11-08,57.025101,57.720501,56.230301,56.230301,56.230301,136276
2018-11-09,56.627701,57.919201,56.131001,57.025101,57.025101,133282
2018-11-12,56.925800,56.925800,55.932301,55.932301,55.932301,127330
2018-11-13,54.640800,56.727100,54.640800,55.137501,55.137501,153014
2018-11-14,55.932301,55.932301,54.839500,54.839500,54.839500,103692
2018-11-15,54.938801,54.938801,53.647301,53.945400,53.945400,144141
2018-11-16,54.640800,55.236900,53.945400,53.945400,53.945400,79408
2018-11-19,54.541401,55.038200,53.945400,54.342800,54.342800,121950
2018-11-20,54.342800,55.634300,54.144100,54.740101,54.740101,146959
2018-11-21,54.640800,57.919201,54.640800,57.025101,57.025101,407788
2018-11-22,57.521900,62.687901,57.521900,61.893101,61.893101,1463881
2018-11-23,62.091801,64.575500,59.806801,60.005501,60.005501,636290
2018-11-26,60.005501,61.793800,60.005501,60.601601,60.601601,142178
2018-11-27,61.396400,61.793800,60.104900,60.899601,60.899601,239856
2018-11-28,61.098301,62.290501,60.800301,61.595100,61.595100,197691
2018-11-29,63.184601,64.972900,62.787201,63.780701,63.780701,530061
2018-11-30,64.873497,65.966301,64.178101,64.277397,64.277397,480433
2018-12-03,65.370300,66.065697,64.575500,65.469597,65.469597,329242
2018-12-04,65.171600,65.866997,64.376801,64.376801,64.376801,296033
2018-12-05,62.886600,63.582001,61.992500,61.992500,61.992500,241859
2018-12-06,62.290501,62.290501,59.608101,59.707500,59.707500,329338
2018-12-07,60.402901,60.999001,60.402901,60.601601,60.601601,105186
2018-12-10,60.502300,61.197701,59.111401,59.111401,59.111401,124898
2018-12-11,59.111401,61.098301,59.111401,60.601601,60.601601,117076
2018-12-12,61.098301,61.297001,60.601601,60.701000,60.701000,72573
2018-12-13,60.701000,64.078697,60.701000,63.582001,63.582001,352804
2018-12-14,64.277397,64.277397,62.787201,63.681400,63.681400,276807
2018-12-17,63.582001,64.277397,63.085300,63.880100,63.880100,218441
2018-12-18,63.582001,63.780701,62.191200,62.191200,62.191200,183091
2018-12-19,62.687901,62.687901,61.396400,62.389900,62.389900,80342
2018-12-20,62.389900,62.687901,59.806801,60.800301,60.800301,133113
2018-12-21,60.204201,61.396400,60.204201,60.800301,60.800301,80827
2018-12-24,60.999001,61.495701,60.701000,60.701000,60.701000,48818
2018-12-25,59.906200,59.906200,58.813400,59.608101,59.608101,185886
2018-12-26,59.806801,60.800301,58.614700,58.614700,58.614700,107008
2018-12-27,59.707500,61.197701,59.608101,59.906200,59.906200,158032
2018-12-28,60.502300,63.085300,59.906200,62.091801,62.091801,455978
2019-01-02,62.489201,62.489201,61.098301,61.396400,61.396400,215469
2019-01-03,61.595100,64.178101,61.595100,62.588501,62.588501,297140
2019-01-04,63.383301,63.383301,61.694401,62.687901,62.687901,153112
2019-01-07,63.880100,64.575500,62.787201,63.184601,63.184601,145161
2019-01-08,63.184601,65.370300,63.184601,64.178101,64.178101,336548
2019-01-09,64.674797,65.072197,64.178101,64.178101,64.178101,223560
2019-01-10,64.277397,68.946701,64.277397,67.853897,67.853897,999134
2019-01-11,67.555901,67.853897,66.562401,67.555901,67.555901,331459
2019-01-14,67.555901,68.549400,66.661797,67.853897,67.853897,293005
2019-01-15,69.046097,70.436996,68.052597,68.251297,68.251297,271657
2019-01-16,67.953300,67.953300,66.065697,66.463097,66.463097,313547
2019-01-17,66.860497,67.059196,65.866997,66.065697,66.065697,129848
2019-01-18,66.165001,66.860497,66.065697,66.165001,66.165001,97738
2019-01-21,66.264397,67.953300,66.065697,67.555901,67.555901,249127
2019-01-22,67.555901,68.549400,66.860497,66.959801,66.959801,95558
2019-01-23,66.661797,69.244797,66.661797,68.052597,68.052597,250284
2019-01-24,69.344101,70.238297,68.350700,68.648697,68.648697,284921
2019-01-25,69.046097,69.244797,67.555901,67.754601,67.754601,148972
2019-01-28,67.754601,68.549400,67.655197,67.655197,67.655197,115856
2019-01-29,68.052597,68.052597,67.555901,68.052597,68.052597,90771
2019-01-30,68.052597,68.549400,68.052597,68.152000,68.152000,82539
2019-02-11,68.549400,72.523201,68.549400,69.940201,69.940201,488389
2019-02-12,71.032997,75.304901,70.635597,73.318001,73.318001,550595
2019-02-13,75.304901,75.304901,73.318001,73.318001,73.318001,330357
2019-02-14,74.311501,74.808197,73.417397,73.417397,73.417397,182863
2019-02-15,74.212097,75.006897,72.523201,72.523201,72.523201,239760
2019-02-18,73.516701,73.516701,72.523201,72.821297,72.821297,174657
2019-02-19,73.019997,75.801697,73.019997,75.801697,75.801697,417412
2019-02-20,77.192497,80.371597,76.099701,76.298401,76.298401,1062905
2019-02-21,76.497101,77.888000,75.006897,76.298401,76.298401,208360
2019-02-22,76.199097,77.093201,75.503601,75.901001,75.901001,110899
2019-02-25,75.503601,75.503601,74.112801,74.212097,74.212097,258286
2019-02-26,74.510201,75.205597,74.112801,75.205597,75.205597,91598
2019-02-27,75.404297,75.404297,73.417397,75.006897,75.006897,358341
2019-03-04,76.000397,76.000397,74.708900,75.503601,75.503601,121795
2019-03-05,75.106300,75.901001,74.609497,74.708900,74.708900,84552
2019-03-06,74.708900,75.106300,74.510201,74.609497,74.609497,57576
2019-03-07,74.410797,77.291901,74.212097,74.808197,74.808197,308909
2019-03-08,75.006897,75.404297,74.410797,74.808197,74.808197,101663
2019-03-11,75.006897,75.901001,75.006897,75.304901,75.304901,111009
2019-03-12,76.000397,76.000397,74.808197,74.808197,74.808197,112736
2019-03-13,75.404297,76.199097,74.808197,75.205597,75.205597,187474
2019-03-14,76.000397,76.000397,75.106300,75.106300,75.106300,57374
2019-03-15,75.106300,75.106300,73.914101,74.609497,74.609497,133802
2019-03-18,74.609497,74.609497,71.728500,72.920601,72.920601,251435
2019-03-19,73.318001,73.318001,71.827797,71.827797,71.827797,94829
2019-03-20,72.026497,72.026497,70.039597,70.436996,70.436996,171268
2019-03-21,71.629097,72.225197,71.331100,72.026497,72.026497,123808
2019-03-22,72.523201,73.218697,71.529800,71.529800,71.529800,77798
2019-03-25,71.529800,71.927101,70.337601,70.536301,70.536301,101534
2019-03-26,70.635597,71.728500,70.635597,71.132401,71.132401,130271
2019-03-27,71.231697,74.410797,71.231697,73.814697,73.814697,332923
2019-03-28,73.814697,74.907600,72.622597,73.119301,73.119301,238435
2019-03-29,73.218697,73.914101,72.920601,73.417397,73.417397,133145
2019-04-01,73.616096,73.814697,72.821297,72.821297,72.821297,99871
2019-04-02,72.920601,73.616096,72.920601,73.119301,73.119301,147988
2019-04-03,73.218697,73.417397,72.423897,72.821297,72.821297,122995
2019-04-08,72.821297,72.821297,72.125801,72.125801,72.125801,115051
2019-04-09,72.125801,73.019997,72.125801,72.225197,72.225197,113490
2019-04-10,72.324501,73.218697,72.324501,72.721901,72.721901,117060
2019-04-11,72.721901,72.821297,72.324501,72.423897,72.423897,114323
2019-04-12,72.423897,73.814697,72.324501,72.523201,72.523201,263193
2019-04-15,72.523201,73.318001,72.523201,72.523201,72.523201,136007
2019-04-16,73.417397,76.993797,73.218697,75.503601,75.503601,1113238
2019-04-17,75.503601,76.000397,74.013397,74.311501,74.311501,416973
2019-04-18,74.311501,75.205597,72.324501,72.324501,72.324501,433940
2019-04-19,72.523201,73.318001,72.125801,72.523201,72.523201,162130
2019-04-22,72.622597,72.721901,71.728500,72.125801,72.125801,126895
2019-04-23,72.225197,72.821297,72.125801,72.523201,72.523201,91333
2019-04-24,72.622597,73.019997,72.523201,72.523201,72.523201,91900
2019-04-25,72.622597,72.721901,71.728500,72.125801,72.125801,97986
2019-04-26,72.125801,72.125801,70.238297,70.536301,70.536301,210976
2019-04-29,70.834297,70.834297,70.039597,70.238297,70.238297,72629
2019-04-30,70.238297,70.635597,70.138901,70.138901,70.138901,73731
2019-05-02,70.138901,71.529800,70.138901,70.536301,70.536301,111931
2019-05-03,70.536301,71.231697,70.536301,70.933701,70.933701,98845
2019-05-06,70.238297,70.635597,68.052597,68.350700,68.350700,219533
2019-05-07,69.542801,70.536301,68.648697,68.648697,68.648697,87611
2019-05-08,68.648697,69.443497,68.152000,69.344101,69.344101,97838
2019-05-09,68.748001,69.344101,66.363701,67.158501,67.158501,259796
2019-05-10,66.661797,68.052597,66.363701,66.562401,66.562401,92806
2019-05-13,65.966301,66.363701,65.469597,65.469597,65.469597,181384
2019-05-14,64.674797,65.469597,63.284000,65.072197,65.072197,169124
2019-05-15,64.873497,66.860497,64.476097,64.774200,64.774200,199372
2019-05-16,64.774200,65.270897,63.284000,63.284000,63.284000,179321
2019-05-17,63.582001,64.774200,62.985901,63.184601,63.184601,145636
2019-05-20,63.184601,63.880100,63.184601,63.880100,63.880100,79519
2019-05-21,63.880100,68.251297,63.880100,66.959801,66.959801,252952
2019-05-22,66.761101,68.449997,66.761101,68.152000,68.152000,102220
2019-05-23,68.052597,68.152000,67.456497,67.555901,67.555901,98644
2019-05-24,67.555901,69.145401,67.158501,69.145401,69.145401,106395
2019-05-27,69.443497,71.927101,69.443497,71.629097,71.629097,204133
2019-05-28,71.629097,75.205597,71.032997,75.205597,75.205597,292362
2019-05-29,73.417397,75.404297,73.417397,73.516701,73.516701,279020
2019-05-30,73.516701,74.510201,73.516701,73.516701,73.516701,79013
2019-05-31,74.212097,74.410797,72.523201,73.715401,73.715401,111729
2019-06-03,73.715401,75.106300,72.423897,74.708900,74.708900,126023
2019-06-04,74.708900,75.901001,74.510201,75.304901,75.304901,211722
2019-06-05,75.702301,76.298401,74.708900,74.808197,74.808197,152078
2019-06-06,74.708900,74.708900,73.318001,74.212097,74.212097,106838
2019-06-10,75.503601,75.503601,73.814697,74.311501,74.311501,78512
2019-06-11,74.311501,74.311501,73.516701,73.516701,73.516701,99743
2019-06-12,74.212097,75.404297,73.616096,74.410797,74.410797,184669
2019-06-13,74.410797,74.907600,74.112801,74.808197,74.808197,165078
2019-06-14,74.808197,75.304901,74.410797,74.808197,74.808197,116863
2019-06-17,75.304901,75.304901,74.311501,74.311501,74.311501,86712
2019-06-18,74.808197,75.901001,74.410797,75.503601,75.503601,175647
2019-06-19,75.801697,77.391197,75.801697,76.497101,76.497101,496442
2019-06-20,76.993797,76.993797,75.702301,76.000397,76.000397,175269
2019-06-21,76.596497,76.894501,74.311501,74.510201,74.510201,311264
2019-06-24,74.510201,75.901001,74.510201,74.907600,74.907600,193558
2019-06-25,74.708900,75.404297,72.523201,73.119301,73.119301,237652
2019-06-26,73.119301,73.516701,72.721901,73.019997,73.019997,145056
2019-06-27,73.019997,74.410797,72.125801,73.019997,73.019997,196281
2019-06-28,73.914101,73.914101,72.721901,72.721901,72.721901,47432
2019-07-01,73.814697,73.914101,72.920601,73.417397,73.417397,104056
2019-07-02,73.119301,75.503601,73.119301,74.907600,74.907600,130854
2019-07-03,74.907600,76.000397,73.715401,74.410797,74.410797,274794
2019-07-04,74.510201,74.708900,73.914101,74.510201,74.510201,152093
2019-07-05,74.510201,75.006897,74.311501,74.708900,74.708900,118775
2019-07-08,74.510201,74.907600,73.914101,74.112801,74.112801,188229
2019-07-09,74.112801,74.708900,73.715401,74.112801,74.112801,98140
2019-07-10,74.112801,74.609497,73.814697,74.112801,74.112801,110823
2019-07-11,74.311501,74.410797,73.914101,74.013397,74.013397,54354
2019-07-12,74.112801,75.404297,73.914101,74.708900,74.708900,190745
2019-07-15,74.510201,74.609497,74.311501,74.510201,74.510201,50530
2019-07-16,74.510201,79.874901,74.311501,78.484001,78.484001,935767
2019-07-17,79.080101,81.067101,78.583397,79.477501,79.477501,1000633
2019-07-18,79.874901,80.868401,78.682701,79.080101,79.080101,689291
2019-07-19,79.576897,80.272301,78.682701,78.980797,78.980797,215700
2019-07-22,79.974297,83.351997,79.974297,80.073601,80.073601,546871
2019-07-23,80.570297,81.265800,79.080101,79.080101,79.080101,455374
2019-07-24,79.974297,79.974297,77.888000,77.888000,77.888000,308112
2019-07-25,77.490601,77.490601,75.006897,75.205597,75.205597,607064
2019-07-26,75.205597,76.298401,74.708900,75.901001,75.901001,150180
2019-07-29,75.503601,76.199097,75.106300,75.205597,75.205597,134666
2019-07-30,74.808197,75.404297,70.536301,71.529800,71.529800,490221
2019-07-31,71.231697,71.927101,70.933701,71.529800,71.529800,139017
2019-08-01,71.529800,72.026497,71.032997,71.231697,71.231697,124497
2019-08-02,70.337601,70.436996,69.542801,70.039597,70.039597,138001
2019-08-05,69.840897,69.840897,68.152000,69.542801,69.542801,294120
2019-08-06,67.655197,69.542801,67.655197,68.648697,68.648697,203529
2019-08-07,69.642197,69.741501,66.363701,67.059196,67.059196,198295
2019-08-08,67.158501,68.449997,67.158501,67.555901,67.555901,78512
2019-08-12,67.555901,67.754601,67.257797,67.357201,67.357201,135887
2019-08-13,67.555901,68.052597,66.165001,66.363701,66.363701,130854
2019-08-14,67.456497,68.350700,66.463097,66.860497,66.860497,139058
2019-08-15,65.767601,66.761101,65.767601,66.463097,66.463097,83646
2019-08-16,67.257797,69.443497,67.257797,68.648697,68.648697,251744
2019-08-19,69.244797,70.735001,69.244797,70.337601,70.337601,227485
2019-08-20,70.536301,70.635597,69.741501,69.741501,69.741501,263420
2019-08-21,69.840897,70.735001,69.443497,69.642197,69.642197,184343
2019-08-22,70.536301,70.536301,68.748001,68.748001,68.748001,170111
2019-08-23,68.648697,68.748001,68.052597,68.152000,68.152000,106747
2019-08-26,68.152000,68.748001,66.959801,67.853897,67.853897,111881
2019-08-27,67.853897,68.350700,67.059196,67.555901,67.555901,102771
2019-08-28,67.357201,67.754601,66.959801,67.059196,67.059196,61702
2019-08-29,67.555901,68.152000,67.059196,67.257797,67.257797,82337
2019-08-30,67.754601,69.741501,67.754601,68.847397,68.847397,178767
2019-09-02,69.443497,70.138901,68.449997,68.449997,68.449997,112793
2019-09-03,69.046097,69.642197,68.549400,68.648697,68.648697,100783
2019-09-04,69.344101,69.940201,68.946701,69.542801,69.542801,124925
2019-09-05,69.542801,70.337601,69.145401,69.344101,69.344101,75493
2019-09-06,70.238297,70.238297,69.145401,69.244797,69.244797,22446
2019-09-10,67.257797,68.052597,66.562401,66.661797,66.661797,193262
2019-09-11,66.959801,67.059196,65.469597,66.463097,66.463097,286370
2019-09-12,66.065697,66.761101,65.568901,66.761101,66.761101,99852
2019-09-16,67.059196,67.257797,66.860497,66.860497,66.860497,75493
2019-09-17,67.158501,67.754601,66.661797,67.257797,67.257797,59590
2019-09-18,67.555901,69.542801,67.555901,69.443497,69.443497,212429
2019-09-19,70.337601,73.019997,70.138901,71.231697,71.231697,560597
2019-09-20,71.231697,71.827797,70.436996,71.032997,71.032997,136894
2019-09-23,69.741501,70.933701,69.741501,70.039597,70.039597,106701
2019-09-24,69.840897,70.337601,69.244797,69.443497,69.443497,148972
2019-09-25,69.443497,69.443497,68.449997,69.046097,69.046097,52341
2019-09-26,68.549400,69.145401,65.767601,66.761101,66.761101,315158
2019-09-27,66.661797,66.661797,63.880100,64.575500,64.575500,395013
2019-10-01,64.277397,65.370300,64.178101,64.178101,64.178101,248395
2019-10-02,64.178101,65.171600,64.078697,64.376801,64.376801,291403
2019-10-03,64.376801,65.171600,64.078697,64.277397,64.277397,138907
2019-10-04,64.277397,64.277397,63.482700,63.582001,63.582001,149099
2019-10-07,63.780701,63.780701,63.085300,63.482700,63.482700,95633
2019-10-08,63.582001,64.078697,63.085300,63.582001,63.582001,137832
2019-10-09,63.184601,63.184601,61.495701,61.992500,61.992500,399756
2019-10-14,61.893101,61.992500,61.098301,61.396400,61.396400,308751
2019-10-15,61.197701,62.290501,59.409401,59.707500,59.707500,539136
2019-10-16,59.707500,59.806801,58.515301,59.012100,59.012100,421955
2019-10-17,59.111401,59.111401,58.117901,58.316601,58.316601,159876
2019-10-18,58.416000,58.912701,57.621201,57.621201,57.621201,343395
2019-10-21,57.621201,57.720501,54.640800,54.640800,54.640800,1054001
2019-10-22,55.236900,56.727100,55.236900,56.131001,56.131001,422953
2019-10-23,56.727100,57.025101,55.932301,56.230301,56.230301,267633
2019-10-24,56.925800,58.117901,56.826401,57.521900,57.521900,426183
2019-10-25,57.621201,57.819901,55.634300,55.634300,55.634300,458239
2019-10-28,55.634300,55.634300,54.442101,55.137501,55.137501,524525
2019-10-29,53.746700,54.541401,51.263000,52.157101,52.157101,1344699
2019-10-30,52.157101,52.157101,50.170200,50.666901,50.666901,915478
2019-10-31,51.461700,52.057800,50.567600,51.163700,51.163700,564796
2019-11-01,51.163700,53.548000,51.163700,53.349300,53.349300,451146
2019-11-04,51.599998,52.099998,50.799999,50.900002,50.900002,1410122
2019-11-05,50.599998,51.400002,49.950001,50.299999,50.299999,871302
2019-11-06,50.299999,51.000000,49.799999,49.950001,49.950001,586123
2019-11-07,49.900002,50.200001,49.299999,49.450001,49.450001,450800
2019-11-08,49.549999,50.799999,49.000000,50.799999,50.799999,416300
2019-11-11,51.000000,51.000000,48.950001,48.950001,48.950001,566406
2019-11-12,49.299999,49.500000,48.450001,48.549999,48.549999,365150
2019-11-13,48.549999,49.150002,48.000000,48.049999,48.049999,618900
2019-11-14,48.099998,49.200001,48.049999,48.150002,48.150002,444350
2019-11-15,48.150002,48.500000,47.750000,47.900002,47.900002,430092
2019-11-18,47.950001,48.200001,47.849998,47.900002,47.900002,252509
2019-11-19,48.000000,48.500000,47.900002,48.000000,48.000000,252100
2019-11-20,48.000000,48.099998,47.900002,47.950001,47.950001,352755
2019-11-21,48.299999,48.849998,48.049999,48.250000,48.250000,319493
2019-11-22,48.250000,49.950001,48.250000,48.400002,48.400002,760982
2019-11-25,48.400002,48.400002,47.849998,48.000000,48.000000,342054
2019-11-26,48.299999,48.900002,48.099998,48.900002,48.900002,386331
2019-11-27,48.799999,48.799999,48.200001,48.200001,48.200001,358439
2019-11-28,48.650002,50.200001,48.200001,49.650002,49.650002,957189
2019-11-29,50.099998,50.900002,49.200001,49.200001,49.200001,877088
2019-12-02,49.500000,49.500000,48.000000,48.000000,48.000000,483570
2019-12-03,47.950001,48.349998,47.750000,47.750000,47.750000,363100
2019-12-04,47.750000,47.750000,46.000000,46.349998,46.349998,648550
2019-12-05,46.349998,47.599998,46.349998,46.450001,46.450001,1252939
2019-12-06,46.450001,46.750000,44.500000,44.900002,44.900002,835292
2019-12-09,44.900002,44.900002,40.450001,40.450001,40.450001,3819319
2019-12-10,40.400002,41.299999,39.599998,40.849998,40.849998,1271624
2019-12-11,40.500000,40.849998,39.750000,39.799999,39.799999,800947
2019-12-12,39.900002,40.950001,39.849998,40.150002,40.150002,462103
2019-12-13,40.299999,40.299999,36.849998,37.599998,37.599998,927810
2019-12-16,38.049999,40.900002,38.049999,39.599998,39.599998,2079
2019-12-17,40.200001,41.299999,40.150002,40.650002,40.650002,696325
2019-12-18,40.400002,41.000000,39.799999,40.200001,40.200001,363300
2019-12-19,43.000000,44.200001,42.549999,44.200001,44.200001,1210100
2019-12-20,45.799999,47.900002,45.000000,45.099998,45.099998,4893048
2019-12-23,44.950001,44.950001,42.200001,42.950001,42.950001,849336
2019-12-24,42.950001,43.299999,42.200001,42.200001,42.200001,314663
2019-12-25,42.599998,42.799999,41.400002,41.400002,41.400002,464100
2019-12-26,41.599998,42.200001,40.700001,41.900002,41.900002,492001
2019-12-27,42.150002,44.799999,42.099998,44.099998,44.099998,1473650
2019-12-30,44.849998,46.500000,44.599998,44.700001,44.700001,947000
2019-12-31,44.700001,44.900002,44.099998,44.750000,44.750000,314452
2020-01-02,44.500000,45.099998,44.500000,44.549999,44.549999,288354
2020-01-03,44.549999,44.549999,43.299999,43.549999,43.549999,374011
2020-01-06,43.099998,43.900002,42.650002,42.650002,42.650002,178300
2020-01-07,42.650002,43.099998,42.349998,42.500000,42.500000,225050
2020-01-08,42.400002,42.400002,41.299999,41.400002,41.400002,256222
2020-01-09,41.500000,42.049999,41.450001,41.450001,41.450001,121392
2020-01-10,41.900002,42.150002,41.500000,41.849998,41.849998,176200
2020-01-13,42.000000,44.000000,42.000000,42.549999,42.549999,210200
2020-01-14,42.750000,42.750000,42.099998,42.099998,42.099998,84100
2020-01-15,41.700001,41.950001,41.299999,41.400002,41.400002,242950
2020-01-16,41.450001,42.049999,41.349998,41.849998,41.849998,168000
2020-01-17,42.599998,44.200001,42.400002,43.700001,43.700001,743125
2020-01-20,44.200001,44.400002,43.250000,44.000000,44.000000,284972
2020-01-30,43.000000,44.650002,41.500000,41.700001,41.700001,422399
2020-01-31,42.250000,43.299999,41.500000,41.750000,41.750000,178100
2020-02-03,41.900002,41.900002,38.750000,40.849998,40.849998,456876
2020-02-04,38.049999,41.099998,38.049999,41.099998,41.099998,178400
2020-02-05,41.150002,45.200001,41.099998,44.450001,44.450001,1366199
2020-02-06,44.000000,46.450001,44.000000,44.299999,44.299999,655598
2020-02-07,44.500000,44.500000,43.000000,43.000000,43.000000,286040
2020-02-10,42.950001,42.950001,42.000000,42.000000,42.000000,248000
2020-02-11,42.349998,42.400002,41.900002,42.000000,42.000000,154468
2020-02-12,42.000000,42.750000,42.000000,42.500000,42.500000,221565
2020-02-13,42.549999,43.099998,42.000000,42.000000,42.000000,170921
2020-02-14,41.900002,42.549999,41.900002,42.049999,42.049999,93100
2020-02-17,42.500000,42.500000,41.299999,41.950001,41.950001,116000
2020-02-18,42.400002,42.549999,42.000000,42.049999,42.049999,96000
2020-02-19,42.299999,45.200001,42.299999,44.900002,44.900002,776500
2020-02-20,45.700001,46.400002,44.150002,44.400002,44.400002,747583
2020-02-21,44.400002,45.049999,43.750000,44.849998,44.849998,396035
2020-02-24,44.200001,47.750000,44.150002,47.200001,47.200001,1307637
2020-02-25,46.950001,48.849998,46.000000,47.549999,47.549999,1808924
2020-02-26,47.549999,47.549999,46.000000,46.000000,46.000000,836400
2020-02-27,45.549999,47.000000,44.150002,44.450001,44.450001,609000
2020-03-02,43.500000,44.500000,42.549999,44.200001,44.200001,505566
2020-03-03,44.750000,45.500000,44.200001,44.349998,44.349998,274300
2020-03-04,44.650002,44.650002,43.700001,43.700001,43.700001,212000
2020-03-05,44.200001,46.250000,44.000000,45.599998,45.599998,518100
2020-03-06,45.349998,48.450001,45.000000,48.450001,48.450001,1067665
2020-03-09,48.500000,48.500000,43.799999,44.099998,44.099998,1249597
2020-03-10,41.599998,43.200001,41.150002,43.099998,43.099998,795050
2020-03-11,43.099998,43.750000,41.750000,41.750000,41.750000,512813
2020-03-12,41.200001,41.450001,38.049999,38.599998,38.599998,808524
2020-03-13,36.000000,36.000000,34.750000,35.950001,35.950001,1190184
2020-03-16,35.200001,36.000000,32.450001,32.599998,32.599998,745100
2020-03-17,30.100000,31.500000,29.350000,29.750000,29.750000,768245
2020-03-18,29.400000,30.250000,26.799999,26.850000,26.850000,1102216
2020-03-19,28.100000,29.500000,24.500000,25.500000,25.500000,1282705
2020-03-20,28.049999,28.049999,27.000000,28.049999,28.049999,736392
2020-03-23,26.799999,27.350000,25.299999,26.500000,26.500000,325235
2020-03-24,27.049999,28.250000,27.049999,27.950001,27.950001,309000
2020-03-25,29.200001,30.700001,28.950001,30.700001,30.700001,596659
2020-03-26,32.750000,32.750000,29.600000,30.700001,30.700001,768559
2020-03-27,31.000000,31.750000,31.000000,31.400000,31.400000,413223
2020-03-30,31.450001,31.450001,29.600000,30.400000,30.400000,262800
2020-03-31,30.900000,31.049999,30.350000,30.400000,30.400000,175700
2020-04-01,30.549999,33.000000,29.900000,31.700001,31.700001,402000