Date,Open,High,Low,Close,Adj Close,Volume
2017-09-26,37.433300,37.481899,35.488701,35.974800,34.828854,3074178
2017-09-27,35.488701,36.169300,35.002499,35.974800,34.828854,1080436
2017-09-28,35.974800,41.808601,35.488701,41.711300,40.382622,4378298
2017-09-29,40.155701,42.683601,39.134800,41.419701,40.100307,3178828
2017-10-02,42.780899,46.329700,42.002998,46.329700,44.853905,3689380
2017-10-03,47.253399,50.948101,46.669998,50.364700,48.760372,4953906
2017-10-05,50.364700,52.406601,48.614601,50.364700,48.760372,2737907
2017-10-06,50.267502,55.226200,48.711800,54.059502,52.337479,3352340
2017-10-11,55.809601,56.393002,52.601002,55.031700,53.278709,3137441
2017-10-12,54.059502,54.642799,52.601002,53.767799,52.055069,1699283
2017-10-13,55.226200,55.226200,53.378799,54.059502,52.337479,1476652
2017-10-16,53.476101,53.767799,50.559200,50.559200,48.948677,1808921
2017-10-17,49.975800,50.948101,47.642300,48.809101,47.254322,1528587
2017-10-18,49.198002,52.309299,49.100800,51.337002,49.701702,1390769
2017-10-19,51.337002,52.503799,50.559200,50.656399,49.042782,948274
2017-10-20,50.656399,50.656399,49.100800,49.295200,47.724941,623372
2017-10-23,50.170300,50.850899,49.489700,49.975800,48.383858,615555
2017-10-24,50.364700,50.559200,48.711800,49.100800,47.536736,731364
2017-10-25,49.198002,49.198002,47.739601,47.739601,46.218891,1008133
2017-10-26,46.864498,47.836800,45.697701,46.475601,44.995159,1175798
2017-10-27,46.864498,51.045300,45.940800,51.045300,49.419292,2336144
2017-10-30,53.378799,56.101299,52.309299,56.101299,54.314236,4324062
2017-10-31,57.851398,61.643299,57.754200,61.643299,59.679699,2961393
2017-11-01,65.143600,67.185402,61.643299,64.754700,62.691990,3381544
2017-11-02,62.226700,63.685101,59.893200,60.476601,58.550163,2408202
2017-11-03,61.254398,66.504799,60.476601,66.504799,64.386337,3007768
2017-11-06,71.949600,73.116402,69.032799,73.116402,70.787338,3492084
2017-11-07,70.004997,77.783401,67.185402,74.866501,72.481689,3485865
2017-11-08,70.102303,74.185898,70.102303,71.074600,68.810570,1796919
2017-11-09,71.074600,78.172302,70.491203,77.783401,75.305672,3328469
2017-11-10,75.838799,83.617104,74.963699,80.894699,78.317863,2086974
2017-11-13,77.783401,80.700302,74.672096,74.963699,72.575790,2406972
2017-11-14,77.102798,79.047401,73.991402,76.616600,74.176041,1762001
2017-11-15,76.616600,78.755699,74.866501,77.686203,75.211571,1345428
2017-11-16,76.908302,78.366798,74.866501,74.866501,72.481689,1389972
2017-11-17,74.866501,76.324898,68.254898,71.949600,69.657707,1893710
2017-11-20,70.880096,71.949600,68.546600,69.032799,66.833817,851926
2017-11-21,70.782898,75.935997,69.616096,75.935997,73.517113,1884947
2017-11-22,73.991402,77.783401,71.755203,71.949600,69.657707,1699227
2017-11-23,70.588402,74.380402,70.588402,72.435799,70.128418,802227
2017-11-24,72.824699,73.408096,70.588402,70.685600,68.433968,726437
2017-11-27,70.685600,70.685600,68.352097,68.838303,66.645515,815892
2017-11-28,70.004997,75.644302,69.810600,74.866501,72.481689,2033709
2017-11-29,73.699799,74.380402,71.949600,72.046898,69.751900,1348925
2017-11-30,70.102303,71.755203,70.004997,70.199501,67.963348,504035
2017-12-01,71.268997,71.755203,66.115898,68.060501,65.892487,906157
2017-12-04,67.088203,67.379898,63.199001,63.199001,61.185848,1139143
2017-12-05,61.254398,63.199001,58.045799,58.920898,57.044018,1054374
2017-12-06,58.920898,61.837799,58.337502,59.309799,57.420528,628051
2017-12-07,59.990398,60.282101,56.393002,56.976299,55.161366,456652
2017-12-08,57.559700,58.434799,55.420700,57.948601,56.102692,462211
2017-12-11,61.060001,62.712898,60.379398,61.448898,59.491493,656345
2017-12-12,62.032200,62.129501,59.796001,59.990398,58.079453,548291
2017-12-13,60.573799,60.768299,59.601501,60.282101,58.361862,313691
2017-12-14,60.476601,62.226700,58.920898,59.212601,57.326431,456801
2017-12-15,59.309799,59.407101,57.754200,58.143101,56.290997,270700
2017-12-18,57.851398,58.337502,56.393002,56.393002,54.596645,395981
2017-12-19,57.268002,57.268002,53.476101,53.670502,51.960873,635714
2017-12-20,53.962200,59.018101,53.767799,59.018101,57.138123,814672
2017-12-21,59.407101,64.851898,59.407101,64.851898,62.786095,1386474
2017-12-22,66.310303,70.004997,66.115898,67.088203,64.951157,1528439
2017-12-25,66.601997,66.601997,62.226700,63.685101,61.656464,643890
2017-12-26,62.907299,63.199001,60.087700,60.768299,58.832573,560906
2017-12-27,61.254398,65.629700,61.254398,64.657402,62.597790,641011
2017-12-28,65.921402,66.504799,63.685101,64.560204,62.503689,569910
2017-12-29,65.629700,65.629700,63.199001,63.685101,61.656464,401432
2018-01-02,64.657402,69.032799,64.171303,68.060501,65.892487,959252
2018-01-03,66.893700,67.379898,65.435303,66.699203,64.574554,685287
2018-01-04,66.601997,67.185402,65.240799,66.893700,64.762856,439271
2018-01-05,66.893700,68.546600,65.921402,65.921402,63.821526,518362
2018-01-08,65.921402,66.699203,63.393501,63.685101,61.656464,413520
2018-01-09,63.685101,64.365700,61.740601,61.935001,59.962109,358019
2018-01-10,61.254398,63.685101,61.254398,61.643299,59.679699,222236
2018-01-11,63.296200,67.768799,63.296200,67.768799,65.610077,1144820
2018-01-12,68.935501,69.032799,65.435303,66.310303,64.198036,947095
2018-01-15,65.726997,66.893700,64.462997,65.726997,63.633316,407935
2018-01-16,66.310303,68.741096,65.726997,66.796501,64.668747,545159
2018-01-17,66.310303,67.768799,65.435303,66.018600,63.915630,406386
2018-01-18,66.990898,67.088203,65.726997,65.824203,63.727428,319038
2018-01-19,65.435303,65.629700,64.268501,64.365700,62.315380,391060
2018-01-22,64.365700,65.532501,63.782398,64.171303,62.127174,214048
2018-01-23,64.268501,65.435303,63.782398,63.782398,61.750660,185643
2018-01-24,63.782398,63.782398,62.615601,63.296200,61.279949,248958
2018-01-25,63.296200,63.976799,62.323898,62.323898,60.338619,228714
2018-01-26,62.518398,63.101799,61.254398,61.837799,59.868008,216148
2018-01-29,62.226700,62.712898,61.546101,61.740601,59.773903,162502
2018-01-30,61.643299,62.226700,60.962700,60.962700,59.020782,201585
2018-01-31,60.282101,60.573799,59.018101,60.573799,58.644268,240766
2018-02-01,61.157200,64.560204,60.768299,63.393501,61.374149,420935
2018-02-02,63.004501,63.393501,61.448898,62.226700,60.244518,217012
2018-02-05,58.532001,60.865501,58.532001,60.282101,58.361862,143989
2018-02-06,58.920898,59.309799,54.448399,55.420700,53.655319,474805
2018-02-07,56.879101,58.823700,56.393002,56.393002,54.596645,170987
2018-02-08,56.393002,56.393002,54.059502,54.934502,53.184605,158388
2018-02-09,50.559200,54.448399,50.267502,53.087200,51.396149,187186
2018-02-12,57.851398,57.851398,55.420700,56.393002,54.596645,298264
2018-02-21,57.559700,58.726501,56.879101,57.754200,55.914482,278757
2018-02-22,58.143101,59.018101,56.976299,58.726501,56.855816,159478
2018-02-23,59.893200,61.643299,59.893200,60.087700,58.173653,340628
2018-02-26,60.476601,61.157200,58.920898,59.115398,57.232323,200894
2018-02-27,59.893200,60.282101,58.920898,60.087700,58.173653,202922
2018-03-01,59.698700,59.698700,59.115398,59.309799,57.420528,160455
2018-03-02,59.990398,63.976799,59.504299,63.199001,61.185848,853786
2018-03-05,62.226700,62.226700,59.407101,59.407101,57.514732,581460
2018-03-06,60.573799,60.573799,59.601501,59.601501,57.702942,193511
2018-03-07,59.601501,61.157200,59.601501,59.990398,58.079453,262403
2018-03-08,59.990398,63.199001,59.990398,62.323898,60.338619,411512
2018-03-09,61.837799,62.226700,60.282101,60.282101,58.361862,243789
2018-03-12,60.865501,61.643299,58.920898,59.796001,57.891247,290036
2018-03-13,60.282101,60.282101,59.115398,59.601501,57.702942,123466
2018-03-14,59.601501,59.601501,58.532001,58.823700,56.949917,249924
2018-03-15,59.212601,59.309799,58.823700,59.115398,57.232323,91536
2018-03-16,58.823700,58.823700,58.337502,58.434799,56.573406,184101
2018-03-19,58.920898,59.309799,58.337502,58.337502,56.479206,114163
2018-03-20,58.337502,58.337502,56.490200,56.781898,54.973156,250233
2018-03-21,56.781898,58.823700,56.781898,58.337502,56.479206,254054
2018-03-22,58.337502,59.018101,57.170799,57.170799,55.349667,173096
2018-03-23,56.393002,56.393002,54.934502,55.517899,53.749416,116323
2018-03-26,57.073601,58.240299,55.517899,56.781898,54.973156,139052
2018-03-27,57.559700,61.254398,57.365200,60.087700,58.173653,497124
2018-03-28,59.309799,60.962700,58.434799,59.018101,57.138123,241851
2018-03-29,58.823700,58.920898,57.559700,57.559700,55.726181,238662
2018-03-30,57.948601,58.823700,57.268002,57.365200,55.537876,241926
2018-04-02,58.240299,58.240299,57.268002,57.365200,55.537876,72046
2018-04-03,56.879101,56.879101,55.906799,55.906799,54.125931,213069
2018-04-09,56.004002,56.781898,55.420700,55.712299,53.937626,59776
2018-04-10,56.393002,56.393002,54.740101,55.226200,53.467010,161474
2018-04-11,56.393002,56.393002,53.767799,54.156700,52.431580,187392
2018-04-12,54.253899,54.253899,53.476101,53.476101,51.772663,150295
2018-04-13,53.476101,54.351101,51.531502,51.725899,50.078213,219574
2018-04-16,52.989899,53.476101,52.212101,53.378799,51.678459,154276
2018-04-17,54.253899,54.253899,50.753700,50.948101,49.325191,163531
2018-04-18,51.531502,52.017601,49.586899,49.684101,48.101452,155519
2018-04-19,50.170300,51.142601,47.739601,47.836800,46.312996,283865
2018-04-20,48.322899,48.322899,46.913101,47.447899,45.936481,364242
2018-04-23,46.572800,47.836800,45.308800,45.892200,44.430340,185272
2018-04-24,45.697701,45.697701,41.808601,43.266998,41.888760,263349
2018-04-25,43.266998,43.558701,41.905800,43.266998,41.888760,131726
2018-04-26,43.655899,44.336498,42.294701,42.294701,40.947437,130619
2018-04-27,43.169800,43.169800,42.294701,42.489201,41.135738,68919
2018-04-30,43.169800,43.266998,42.489201,42.489201,41.135738,55538
2018-05-02,44.725399,46.718601,44.725399,46.718601,45.230419,265897
2018-05-03,48.614601,51.337002,48.614601,51.337002,49.701702,957870
2018-05-04,53.476101,56.295700,51.628700,51.628700,49.984108,1387587
2018-05-07,49.392399,53.476101,49.392399,49.489700,47.913246,649352
2018-05-08,50.948101,51.920399,49.975800,50.267502,48.666271,439374
2018-05-09,51.239799,51.531502,49.878601,49.878601,48.289761,256629
2018-05-10,49.878601,50.364700,48.711800,48.809101,47.254322,143989
2018-05-11,48.809101,48.809101,46.669998,47.058899,45.559875,288349
2018-05-14,47.204800,48.614601,47.058899,48.517399,46.971916,177930
2018-05-15,49.586899,49.684101,47.836800,48.322899,46.783611,269518
2018-05-16,43.850399,44.968498,43.510101,43.704498,42.312328,770620
2018-05-17,44.385101,44.385101,43.266998,43.898998,42.500629,161679
2018-05-18,44.530998,44.530998,43.315601,43.315601,41.935818,133704
2018-05-21,43.947601,44.044800,43.364201,43.704498,42.312328,96884
2018-05-22,43.704498,44.239300,42.780899,42.780899,41.418144,155354
2018-05-23,42.780899,43.753201,42.780899,43.218399,41.841713,110049
2018-05-24,43.753201,44.725399,43.412800,43.753201,42.359478,122170
2018-05-25,45.017101,45.017101,43.558701,44.093498,42.688934,120334
2018-05-28,44.239300,44.239300,43.266998,43.461498,42.077068,119442
2018-05-29,44.433800,44.433800,43.753201,43.753201,42.359478,130619
2018-05-30,43.753201,43.753201,43.266998,43.558701,42.171169,110514
2018-05-31,45.697701,47.885399,44.968498,47.885399,46.360046,633760
2018-06-01,51.045300,52.017601,49.100800,50.073101,48.478062,1509072
2018-06-04,51.337002,51.531502,49.100800,49.100800,47.536736,411398
2018-06-05,49.392399,49.392399,46.669998,46.815899,45.324615,390074
2018-06-06,47.836800,47.836800,47.058899,47.642300,46.124691,246839
2018-06-07,48.322899,48.322899,46.767300,47.010300,45.512825,151189
2018-06-08,47.156200,47.545101,45.794998,46.426998,44.948101,114677
2018-06-11,46.815899,48.031200,46.815899,46.864498,45.371666,184203
2018-06-12,48.566002,51.531502,48.225700,50.073101,48.478062,690445
2018-06-13,49.878601,49.975800,47.496498,47.496498,45.983532,273683
2018-06-14,47.933998,48.128502,47.156200,47.204800,45.701126,118395
2018-06-15,47.350601,48.614601,47.350601,47.642300,46.124691,106963
2018-06-19,47.399300,47.447899,46.669998,47.204800,45.701126,97707
2018-06-20,49.100800,51.045300,47.739601,47.739601,46.218891,1125195
2018-06-21,48.031200,49.295200,47.836800,48.128502,46.595406,216156
2018-06-22,49.392399,50.656399,48.614601,48.614601,47.066021,709663
2018-06-25,49.586899,49.586899,47.739601,47.788200,46.265945,168916
2018-06-26,47.642300,48.128502,46.864498,47.204800,45.701126,121465
2018-06-27,47.836800,47.836800,46.767300,46.767300,45.277565,92575
2018-06-28,46.183899,46.183899,44.871300,44.968498,43.536060,277797
2018-06-29,45.600498,45.697701,45.211601,45.308800,43.865524,74054
2018-07-02,46.037998,47.545101,45.989399,46.718601,45.230419,223218
2018-07-03,47.253399,48.031200,45.794998,46.135300,44.665695,196447
2018-07-04,46.135300,46.135300,45.406101,45.406101,43.959724,58624
2018-07-05,45.017101,45.211601,43.947601,44.142101,42.735989,92564
2018-07-06,44.725399,45.406101,43.266998,44.336498,42.924191,100826
2018-07-09,44.336498,44.676800,43.947601,44.044800,42.641785,26764
2018-07-10,44.239300,46.183899,44.239300,44.530998,43.112499,150164
2018-07-11,44.530998,44.725399,42.878101,44.725399,43.300705,215984
2018-07-12,44.530998,45.697701,44.385101,45.697701,44.242035,201585
2018-07-13,46.183899,46.232498,43.898998,45.697701,44.242035,471193
2018-07-16,45.794998,45.794998,44.287899,44.725399,43.300705,185129
2018-07-17,44.725399,47.642300,44.676800,46.913101,45.418720,665443
2018-07-18,47.253399,47.253399,45.308800,46.572800,45.089256,394952
2018-07-19,46.572800,46.621399,44.725399,46.475601,44.995159,367178
2018-07-20,46.086700,46.183899,45.211601,45.211601,43.771420,96678
2018-07-23,45.211601,45.211601,44.336498,44.822701,43.394909,108053
2018-07-24,43.850399,44.676800,43.558701,44.142101,43.711193,92564
2018-07-25,44.579601,44.579601,43.753201,43.850399,43.422337,57595
2018-07-26,44.433800,44.433800,43.315601,43.753201,43.326088,55538
2018-07-27,44.190701,44.385101,43.753201,43.898998,43.470463,52453
2018-07-30,44.385101,44.385101,43.364201,43.412800,42.989010,108026
2018-07-31,43.753201,43.753201,43.218399,43.510101,43.085361,127533
2018-08-01,44.287899,44.725399,43.655899,43.801800,43.374214,283865
2018-08-02,44.239300,44.336498,43.266998,43.753201,43.326088,145138
2018-08-03,43.707298,44.536598,43.512199,44.292702,43.860321,139400
2018-08-06,44.487801,48.438999,44.487801,46.926800,46.468708,736185
2018-08-07,46.926800,47.756100,46.390202,47.024399,46.565353,568875
2018-08-08,47.024399,49.756100,46.829300,48.780499,48.304310,937060
2018-08-09,49.365898,50.341499,47.219501,47.853699,47.386559,906308
2018-08-10,47.853699,47.853699,45.853699,46.341499,45.889118,271628
2018-08-13,45.902401,45.902401,43.122002,44.487801,44.053516,221415
2018-08-14,44.487801,44.877998,44.000000,44.000000,43.570477,92289
2018-08-15,44.097599,44.097599,43.317101,43.463402,43.039116,97375
2018-08-16,44.195099,44.877998,43.317101,44.877998,44.439907,267525
2018-08-17,44.877998,44.877998,43.902401,44.000000,43.570477,74825
2018-08-20,44.000000,44.390202,43.609798,44.097599,43.667126,83143
2018-08-21,44.097599,44.390202,43.707298,44.146301,43.715351,32034
2018-08-22,44.146301,47.902401,44.000000,45.512199,45.067917,737039
2018-08-23,45.512199,46.146301,45.073200,45.902401,45.454308,195775
2018-08-24,45.951199,48.000000,45.414600,46.829300,46.372158,868205
2018-08-27,47.024399,47.463402,46.536598,46.585400,46.130638,246000
2018-08-28,46.585400,47.317101,45.365898,45.804901,45.357761,546325
2018-08-29,45.804901,48.146301,45.804901,47.804901,47.338238,798577
2018-08-30,48.780499,48.780499,46.634102,46.877998,46.420380,304497
2018-08-31,46.877998,47.707298,46.829300,47.609798,47.145039,49200
2018-09-03,47.804901,47.804901,46.341499,46.341499,45.889118,109675
2018-09-04,46.341499,47.609798,45.658501,46.243900,45.792473,279825
2018-09-05,46.243900,46.780499,46.243900,46.292702,45.840797,58484
2018-09-06,45.951199,46.536598,45.609798,45.951199,45.502628,112750
2018-09-07,45.951199,46.487801,43.707298,44.731701,44.295036,394625
2018-09-10,44.585400,44.585400,42.926800,42.926800,42.507755,221431
2018-09-11,43.853699,43.853699,42.048801,42.487801,42.073040,69085
2018-09-12,42.487801,42.487801,41.951199,42.146301,41.734875,69796
2018-09-13,42.146301,42.877998,41.951199,42.146301,41.734875,144525
2018-09-14,42.195099,42.585400,42.146301,42.146301,41.734875,147600
2018-09-17,42.536598,43.268299,41.707298,42.097599,41.686649,197284
2018-09-18,40.829300,41.609798,40.195099,40.585400,40.189209,164864
2018-09-19,39.804901,41.219501,39.804901,40.292702,39.899368,48175
2018-09-20,40.000000,40.829300,39.024399,39.122002,38.740097,209253
2018-09-21,39.170700,40.390202,39.170700,39.561001,39.174812,224387
2018-09-25,39.512199,40.000000,39.317101,39.561001,39.174812,109706
2018-09-26,39.122002,39.219501,38.048801,38.536598,38.160408,98400
2018-09-27,38.536598,39.219501,38.536598,38.536598,38.160408,143339
2018-09-28,39.024399,39.122002,38.487801,38.487801,38.112087,134562
2018-10-01,38.829300,40.000000,38.829300,39.365898,38.981613,210263
2018-10-02,39.463402,41.170700,39.463402,40.195099,39.802719,306475
2018-10-03,40.877998,40.926800,39.024399,39.219501,38.836647,72082
2018-10-04,39.365898,39.365898,38.634102,38.877998,38.498478,48175
2018-10-05,38.877998,39.707298,37.170700,37.170700,36.807846,121975
2018-10-08,37.170700,37.170700,36.097599,37.073200,36.711296,148967
2018-10-09,37.073200,37.073200,35.170700,36.487801,36.131611,90200
2018-10-11,34.146301,36.048801,32.877998,36.048801,35.696899,254264
2018-10-12,35.609798,35.609798,33.658501,34.048801,33.716423,210168
2018-10-15,32.195099,32.195099,31.219500,32.097599,31.784266,205160
2018-10-16,32.195099,32.438999,31.219500,31.365900,31.059710,94505
2018-10-17,31.707300,32.048801,30.878000,32.048801,31.735945,182751
2018-10-18,32.048801,32.048801,31.512199,31.902399,31.590973,44075
2018-10-19,31.707300,31.707300,30.926800,31.219500,30.914740,42031
2018-10-22,31.073200,31.268299,31.024401,31.268299,30.963062,58668
2018-10-23,31.268299,31.268299,28.146299,28.146299,27.871538,369000
2018-10-24,28.146299,28.780500,27.122000,28.195101,27.919865,267212
2018-10-25,27.951200,27.951200,26.487801,27.122000,26.857239,161960
2018-10-26,27.414600,28.097601,25.707300,26.048800,25.794514,120950
2018-10-29,25.804899,27.122000,25.804899,26.000000,25.746191,78925
2018-10-30,25.951200,25.951200,23.414600,23.463400,23.234354,276842
2018-10-31,23.902399,24.341499,23.609800,23.951200,23.717392,190890
2018-11-01,24.000000,25.024401,24.000000,24.780500,24.538597,141450
2018-11-02,24.780500,25.756100,24.195101,25.414600,25.166506,125567
2018-11-05,25.414600,26.780500,25.414600,26.195101,25.939388,84050
2018-11-06,26.780500,26.780500,25.170700,25.170700,24.924988,74825
2018-11-07,26.292700,26.292700,25.804899,25.853701,25.601320,7714
2018-11-08,25.853701,25.853701,25.365900,25.463400,25.214830,20503
2018-11-09,25.804899,25.804899,24.682899,25.073200,24.828440,14351
2018-11-12,25.073200,25.317101,24.390200,24.390200,24.152105,16400
2018-11-13,23.512199,23.512199,22.438999,22.926800,22.702991,127233
2018-11-14,22.926800,23.707300,22.926800,22.926800,22.702991,61602
2018-11-15,22.926800,23.170700,22.682899,22.926800,22.702991,60577
2018-11-16,22.682899,23.707300,22.682899,23.317101,23.089481,154775
2018-11-19,22.731701,23.561001,22.731701,23.365900,23.137806,35875
2018-11-20,23.317101,23.707300,23.170700,23.512199,23.282677,22847
2018-11-21,23.609800,24.682899,23.609800,24.000000,23.765715,76884
2018-11-22,24.585400,24.585400,23.463400,23.463400,23.234354,81047
2018-11-23,23.414600,23.463400,23.317101,23.317101,23.089481,24907
2018-11-26,23.414600,23.853701,23.414600,23.707300,23.475872,40310
2018-11-27,23.463400,23.756100,23.463400,23.658501,23.427549,13341
2018-11-28,25.756100,25.756100,24.000000,24.926800,24.683468,102500
2018-11-29,24.926800,26.585400,24.926800,26.146299,25.891062,198850
2018-11-30,26.146299,26.195101,25.365900,26.146299,25.891062,103525
2018-12-03,26.195101,26.926800,26.195101,26.926800,26.663944,69700
2018-12-04,26.926800,27.170700,26.243900,26.243900,25.987711,70756
2018-12-05,26.048800,26.048800,25.609800,25.853701,25.601320,23225
2018-12-06,25.853701,26.000000,24.585400,24.585400,24.345400,38950
2018-12-07,24.390200,24.829300,24.195101,24.195101,23.958912,56375
2018-12-10,23.707300,24.097601,23.219500,24.000000,23.765715,52275
2018-12-11,23.902399,23.902399,22.926800,23.122000,22.896286,121975
2018-12-12,23.609800,24.585400,23.609800,24.146299,23.910585,76966
2018-12-13,24.585400,24.878000,23.707300,23.756100,23.524197,80003
2018-12-14,23.512199,23.707300,23.122000,23.707300,23.475872,33825
2018-12-17,23.707300,23.707300,22.926800,22.926800,22.702991,71750
2018-12-18,22.780500,22.975599,22.438999,22.878000,22.654669,58425
2018-12-19,22.926800,22.926800,22.634100,22.634100,22.413149,29725
2018-12-20,22.438999,22.438999,20.731701,22.097601,21.881887,127229
2018-12-21,21.951200,22.000000,21.463400,21.951200,21.736916,34850
2018-12-24,21.951200,22.146299,21.512199,22.146299,21.930111,21535
2018-12-25,21.609800,21.804899,21.219500,21.804899,21.592043,15375
2018-12-26,21.804899,22.000000,20.975599,20.975599,20.770838,35888
2018-12-27,21.268299,22.097601,21.268299,21.512199,21.302200,48185
2018-12-28,21.512199,21.561001,21.365900,21.561001,21.350525,17425
2019-01-02,21.561001,22.146299,21.024401,21.122000,20.915810,30750
2019-01-03,20.975599,21.463400,20.682899,21.122000,20.915810,21525
2019-01-04,20.682899,20.780500,20.000000,20.780500,20.577644,75850
2019-01-07,20.780500,20.780500,20.195101,20.487801,20.287802,75867
2019-01-08,20.487801,20.975599,20.487801,20.634100,20.432673,28715
2019-01-09,21.024401,21.170700,20.829300,20.829300,20.625967,72263
2019-01-10,20.829300,20.829300,20.731701,20.780500,20.577644,29598
2019-01-11,20.487801,20.682899,20.341499,20.487801,20.287802,42025
2019-01-14,20.292700,21.122000,20.292700,20.829300,20.625967,100463
2019-01-15,20.829300,22.878000,20.829300,22.878000,22.654669,168100
2019-01-16,24.390200,25.122000,24.390200,25.122000,24.876762,219354
2019-01-17,27.317101,27.317101,25.170700,25.268299,25.021633,862518
2019-01-18,25.756100,26.243900,24.975599,25.414600,25.166506,224912
2019-01-21,26.341499,26.341499,25.414600,25.463400,25.214830,111725
2019-01-22,25.463400,26.292700,24.975599,25.756100,25.504671,89222
2019-01-23,26.048800,27.658501,26.048800,26.341499,26.084356,351815
2019-01-24,26.975599,26.975599,25.658501,25.658501,25.408026,86227
2019-01-25,25.707300,25.902399,25.414600,25.414600,25.166506,34850
2019-01-28,25.414600,26.341499,25.414600,25.609800,25.359800,67683
2019-01-29,25.414600,26.487801,25.414600,25.609800,25.359800,76879
2019-01-30,25.609800,25.756100,25.463400,25.512199,25.263153,32831
2019-02-11,26.146299,26.146299,25.561001,25.658501,25.408026,36931
2019-02-12,25.658501,25.853701,25.365900,25.658501,25.408026,58593
2019-02-13,25.658501,25.853701,25.365900,25.414600,25.166506,62573
2019-02-14,25.463400,25.853701,25.414600,25.756100,25.504671,42025
2019-02-15,25.902399,25.902399,25.365900,25.658501,25.408026,39975
2019-02-18,25.658501,26.634100,25.658501,26.146299,25.891062,238825
2019-02-19,26.634100,26.829300,26.048800,26.097601,25.842840,104550
2019-02-20,25.853701,26.243900,25.707300,26.243900,25.987711,41010
2019-02-21,26.243900,26.243900,26.048800,26.097601,25.842840,43210
2019-02-22,26.097601,26.292700,25.365900,25.756100,25.504671,45459
2019-02-25,25.756100,25.951200,25.658501,25.658501,25.408026,96350
2019-02-26,25.756100,25.804899,25.170700,25.268299,25.021633,56375
2019-02-27,25.268299,25.853701,23.804899,24.536600,24.297077,198850
2019-03-04,24.585400,24.878000,23.414600,23.414600,23.186029,249075
2019-03-05,23.317101,24.390200,23.317101,23.804899,23.572519,947377
2019-03-06,23.561001,23.902399,23.512199,23.512199,23.282677,78925
2019-03-07,23.561001,24.097601,23.561001,23.804899,23.572519,73801
2019-03-08,23.756100,23.902399,23.317101,23.707300,23.475872,65601
2019-03-11,23.707300,23.707300,23.414600,23.414600,23.186029,64577
2019-03-12,23.512199,23.512199,22.926800,23.219500,22.992834,91225
2019-03-13,23.219500,23.365900,23.073200,23.365900,23.137806,26650
2019-03-14,23.414600,23.512199,23.317101,23.317101,23.089481,31805
2019-03-15,22.829300,23.414600,22.829300,23.122000,22.896286,109675
2019-03-18,23.122000,23.122000,22.878000,22.878000,22.654669,36285
2019-03-19,22.682899,22.780500,22.634100,22.634100,22.413149,74877
2019-03-20,22.731701,23.268299,22.731701,23.268299,23.041157,37060
2019-03-21,23.268299,23.317101,23.170700,23.317101,23.089481,56925
2019-03-22,23.804899,24.048800,23.512199,23.609800,23.379324,52276
2019-03-25,24.000000,24.000000,23.317101,23.414600,23.186029,35875
2019-03-26,23.463400,23.658501,23.463400,23.658501,23.427549,17425
2019-03-27,23.902399,26.000000,23.902399,26.000000,25.746191,254520
2019-03-28,26.536600,28.292700,26.243900,26.487801,26.229231,1072959
2019-03-29,26.341499,26.438999,25.853701,25.853701,25.601320,111110
2019-04-01,25.853701,26.048800,24.975599,24.975599,24.731791,95336
2019-04-02,25.658501,25.658501,24.682899,24.780500,24.538597,53300
2019-04-03,24.390200,25.561001,24.390200,24.878000,24.635145,95842
2019-04-08,24.878000,24.975599,24.682899,24.682899,24.441948,61634
2019-04-09,24.780500,26.829300,24.682899,25.268299,25.021633,170462
2019-04-10,25.756100,25.853701,24.926800,25.365900,25.118282,83159
2019-04-11,25.365900,27.317101,25.365900,26.536600,26.277554,272650
2019-04-12,27.317101,27.951200,26.243900,26.243900,25.987711,323928
2019-04-15,26.634100,27.609800,26.243900,26.341499,26.084356,160925
2019-04-16,27.268299,27.317101,26.731701,27.024401,26.760592,155800
2019-04-17,27.317101,27.512199,26.634100,26.634100,26.374102,93329
2019-04-18,26.634100,28.292700,26.341499,28.292700,28.016510,308853
2019-04-19,29.756100,31.122000,29.268299,31.122000,30.818192,1141937
2019-04-22,31.951200,32.877998,29.317101,29.317101,29.030910,1556975
2019-04-23,29.317101,29.707300,28.390200,28.390200,28.113058,370025
2019-04-24,28.926800,28.926800,27.853701,28.048800,27.774990,173321
2019-04-25,28.048800,28.292700,27.756100,28.097601,27.823317,50276
2019-04-26,28.097601,28.097601,27.365900,27.512199,27.243629,94403
2019-04-29,27.561001,27.561001,26.634100,26.731701,26.470749,84196
2019-04-30,26.731701,27.317101,26.731701,27.219500,26.953787,44075
2019-05-02,27.414600,29.024401,27.317101,27.804899,27.533472,191880
2019-05-03,28.097601,28.975599,28.097601,28.634100,28.354578,199875
2019-05-06,27.219500,28.536600,27.219500,27.756100,27.485147,42148
2019-05-07,27.756100,28.390200,27.756100,28.390200,28.113058,81329
2019-05-08,27.902399,28.243900,27.756100,28.243900,27.968187,62627
2019-05-09,27.902399,27.902399,26.585400,26.585400,26.325876,84152
2019-05-10,26.926800,27.024401,26.585400,26.634100,26.374102,69700
2019-05-13,26.682899,26.829300,25.658501,25.658501,25.408026,75235
2019-05-14,25.365900,25.463400,24.780500,25.268299,25.021633,51250
2019-05-15,25.365900,25.853701,25.365900,25.512199,25.263153,10314
2019-05-16,25.609800,25.609800,24.878000,24.926800,24.683468,52275
2019-05-17,25.463400,25.463400,23.902399,23.902399,23.669067,45100
2019-05-20,23.902399,24.000000,22.926800,22.926800,22.702991,82000
2019-05-21,23.024401,23.512199,23.024401,23.463400,23.234354,26650
2019-05-22,23.658501,24.390200,23.658501,23.756100,23.524197,66625
2019-05-23,23.414600,23.853701,23.219500,23.414600,23.186029,13325
2019-05-24,23.219500,23.317101,23.122000,23.122000,22.896286,17425
2019-05-27,22.634100,23.024401,22.097601,22.097601,21.881887,144525
2019-05-28,22.438999,22.438999,21.170700,22.048800,21.833563,255225
2019-05-29,22.048800,22.048800,21.707300,22.048800,21.833563,56376
2019-05-30,22.097601,22.438999,22.097601,22.390200,22.171629,20500
2019-05-31,22.390200,22.438999,22.000000,22.390200,22.171629,51314
2019-06-03,22.390200,22.390200,22.097601,22.195101,21.978436,78989
2019-06-04,21.512199,22.195101,21.512199,22.195101,21.978436,121975
2019-06-05,22.195101,23.317101,22.146299,23.317101,23.089481,167075
2019-06-06,23.561001,23.707300,22.975599,23.414600,23.186029,151700
2019-06-10,23.463400,24.097601,23.463400,23.512199,23.282677,24600
2019-06-11,22.487801,23.463400,22.487801,23.317101,23.089481,100870
2019-06-12,23.317101,23.414600,23.317101,23.317101,23.089481,10250
2019-06-13,23.414600,24.097601,22.926800,23.170700,22.944511,26650
2019-06-14,23.707300,23.804899,23.170700,23.219500,22.992834,96350
2019-06-17,23.170700,23.170700,23.024401,23.073200,22.847963,62525
2019-06-18,22.975599,23.317101,22.487801,22.780500,22.558121,71750
2019-06-19,22.926800,23.414600,22.878000,22.975599,22.751314,128125
2019-06-20,23.024401,23.365900,22.829300,23.122000,22.896286,53300
2019-06-21,23.365900,23.365900,22.878000,22.926800,22.702991,23575
2019-06-24,22.341499,22.975599,22.341499,22.975599,22.751314,24600
2019-06-25,22.975599,23.024401,22.975599,22.975599,22.751314,10250
2019-06-26,22.975599,22.975599,22.634100,22.829300,22.606443,29725
2019-06-27,22.829300,23.268299,22.829300,23.122000,22.896286,26650
2019-06-28,23.170700,23.268299,23.024401,23.024401,22.799639,27675
2019-07-01,23.414600,23.414600,23.024401,23.024401,22.799639,31775
2019-07-02,23.073200,23.317101,23.024401,23.317101,23.089481,51410
2019-07-03,23.414600,23.414600,22.975599,22.975599,22.751314,24693
2019-07-04,22.975599,23.170700,22.926800,23.170700,22.944511,21526
2019-07-05,23.122000,24.390200,23.122000,23.512199,23.282677,128126
2019-07-08,23.707300,23.707300,23.365900,23.414600,23.186029,78990
2019-07-09,23.414600,23.512199,23.414600,23.414600,23.186029,38980
2019-07-10,23.365900,23.463400,23.365900,23.414600,23.186029,13325
2019-07-11,23.365900,23.414600,22.926800,23.024401,22.799639,59450
2019-07-12,23.024401,23.170700,22.731701,22.829300,22.606443,99485
2019-07-15,22.975599,23.024401,22.926800,22.975599,22.751314,29725
2019-07-16,22.926800,23.170700,22.926800,22.975599,22.751314,49441
2019-07-17,23.024401,24.243900,22.926800,23.902399,23.669067,184582
2019-07-18,24.195101,26.292700,24.195101,26.292700,26.036034,413883
2019-07-19,26.731701,28.195101,26.243900,26.634100,26.374102,1294462
2019-07-22,26.634100,27.219500,25.951200,26.000000,25.746191,208546
2019-07-23,26.341499,26.341499,25.658501,25.853701,25.601320,76875
2019-07-24,25.951200,26.195101,25.365900,25.609800,25.359800,140888
2019-07-25,25.450001,25.600000,24.950001,25.000000,25.000000,96485
2019-07-26,24.900000,25.299999,24.500000,25.000000,25.000000,61016
2019-07-29,25.299999,25.299999,24.900000,25.150000,25.150000,15031
2019-07-30,25.299999,25.299999,24.700001,24.900000,24.900000,42100
2019-07-31,24.750000,24.850000,24.750000,24.850000,24.850000,6000
2019-08-01,24.350000,24.600000,24.350000,24.600000,24.600000,16000
2019-08-02,24.600000,24.600000,23.900000,23.900000,23.900000,40024
2019-08-05,23.500000,23.549999,23.000000,23.000000,23.000000,55494
2019-08-06,22.049999,23.000000,21.500000,22.750000,22.750000,54000
2019-08-07,22.750000,24.799999,22.750000,23.850000,23.850000,45000
2019-08-08,24.000000,24.000000,23.350000,23.600000,23.600000,26000
2019-08-12,23.549999,24.450001,23.549999,24.450001,24.450001,23000
2019-08-13,24.400000,24.400000,23.650000,24.100000,24.100000,31000
2019-08-14,24.400000,24.400000,23.500000,23.799999,23.799999,16000
2019-08-15,22.400000,22.950001,22.400000,22.799999,22.799999,40000
2019-08-16,22.900000,23.500000,22.850000,23.000000,23.000000,50032
2019-08-19,23.200001,23.299999,22.799999,23.200001,23.200001,21000
2019-08-20,23.200001,23.549999,23.000000,23.250000,23.250000,47947
2019-08-21,23.250000,23.600000,23.100000,23.250000,23.250000,72033
2019-08-22,23.150000,23.799999,23.150000,23.250000,23.250000,22031
2019-08-23,23.200001,23.400000,23.100000,23.400000,23.400000,12000
2019-08-26,22.500000,23.850000,22.500000,22.900000,22.900000,22415
2019-08-27,22.850000,23.400000,22.850000,23.350000,23.350000,61863
2019-08-28,23.400000,23.400000,23.000000,23.049999,23.049999,17990
2019-08-29,23.000000,23.299999,22.850000,23.000000,23.000000,81281
2019-08-30,23.299999,23.500000,23.000000,23.000000,23.000000,22148
2019-09-02,23.000000,23.600000,22.900000,23.299999,23.299999,18862
2019-09-03,23.299999,23.299999,23.250000,23.299999,23.299999,16049
2019-09-04,23.400000,23.400000,23.100000,23.150000,23.150000,25152
2019-09-05,23.200001,23.250000,23.100000,23.150000,23.150000,17945
2019-09-06,23.200001,23.450001,23.100000,23.250000,23.250000,10451
2019-09-10,23.500000,23.500000,23.100000,23.150000,23.150000,13222
2019-09-11,23.150000,23.650000,23.150000,23.600000,23.600000,47174
2019-09-12,23.950001,23.950001,23.350000,23.400000,23.400000,15502
2019-09-16,23.400000,23.600000,23.400000,23.500000,23.500000,23851
2019-09-17,23.500000,23.700001,23.299999,23.400000,23.400000,16000
2019-09-18,23.600000,25.700001,23.600000,25.700001,25.700001,304560
2019-09-19,26.750000,27.400000,25.000000,25.000000,25.000000,723349
2019-09-20,24.750000,24.799999,24.200001,24.200001,24.200001,116547
2019-09-23,24.500000,24.799999,24.100000,24.100000,24.100000,88159
2019-09-24,24.299999,24.450001,24.200001,24.200001,24.200001,40519
2019-09-25,24.549999,24.549999,24.049999,24.049999,24.049999,19024
2019-09-26,24.500000,24.500000,24.100000,24.100000,24.100000,24047
2019-09-27,23.950001,23.950001,23.200001,23.250000,23.250000,46100
2019-10-01,23.250000,23.950001,23.250000,23.549999,23.549999,58172
2019-10-02,23.549999,23.799999,23.500000,23.500000,23.500000,24173
2019-10-03,23.200001,23.500000,23.200001,23.299999,23.299999,10456
2019-10-04,23.600000,24.000000,23.450001,23.500000,23.500000,34294
2019-10-07,23.500000,23.500000,23.150000,23.150000,23.150000,48773
2019-10-08,23.000000,23.450001,23.000000,23.000000,23.000000,43163
2019-10-09,23.299999,23.299999,22.750000,22.750000,22.750000,39300
2019-10-14,23.200001,23.200001,22.700001,22.700001,22.700001,47371
2019-10-15,23.100000,23.250000,22.850000,22.850000,22.850000,41172
2019-10-16,23.400000,24.000000,22.850000,23.549999,23.549999,102214
2019-10-17,23.600000,23.700001,23.250000,23.650000,23.650000,24024
2019-10-18,23.650000,24.150000,23.049999,23.600000,23.600000,38000
2019-10-21,23.600000,23.650000,23.350000,23.650000,23.650000,11951
2019-10-22,23.500000,23.700001,23.350000,23.650000,23.650000,31174
2019-10-23,23.700001,23.700001,23.500000,23.500000,23.500000,18824
2019-10-24,23.600000,23.750000,23.450001,23.450001,23.450001,32036
2019-10-25,23.700001,23.700001,23.400000,23.400000,23.400000,17287
2019-10-28,23.799999,23.799999,23.250000,23.350000,23.350000,31249
2019-10-29,23.299999,23.650000,23.250000,23.250000,23.250000,16122
2019-10-30,23.299999,24.200001,23.250000,23.799999,23.799999,138983
2019-10-31,24.400000,24.400000,23.200001,23.600000,23.600000,66976
2019-11-01,23.350000,23.450001,23.350000,23.450001,23.450001,16272
2019-11-04,23.450001,23.600000,23.250000,23.250000,23.250000,21304
2019-11-05,23.500000,23.900000,23.400000,23.400000,23.400000,46124
2019-11-06,24.000000,25.700001,23.950001,25.100000,25.100000,1206144
2019-11-07,24.500000,24.950001,23.200001,23.200001,23.200001,481526
2019-11-08,23.350000,23.549999,23.299999,23.400000,23.400000,47148
2019-11-11,23.299999,23.450001,22.900000,22.900000,22.900000,78024
2019-11-12,23.400000,23.549999,23.049999,23.400000,23.400000,41198
2019-11-13,23.700001,23.700001,23.049999,23.049999,23.049999,36000
2019-11-14,23.100000,23.400000,22.950001,23.000000,23.000000,56049
2019-11-15,23.000000,23.200001,22.900000,22.900000,22.900000,23174
2019-11-18,22.900000,23.200001,22.900000,22.950001,22.950001,39082
2019-11-19,22.900000,23.299999,22.650000,22.650000,22.650000,48921
2019-11-20,22.500000,22.850000,22.299999,22.799999,22.799999,60135
2019-11-21,22.650000,23.150000,22.600000,23.100000,23.100000,14024
2019-11-22,22.650000,23.100000,22.650000,22.700001,22.700001,5048
2019-11-25,23.000000,23.350000,22.600000,23.250000,23.250000,19048
2019-11-26,23.250000,23.350000,22.799999,23.250000,23.250000,19055
2019-11-27,23.299999,23.299999,22.850000,22.850000,22.850000,26148
2019-11-28,22.500000,23.000000,22.500000,22.799999,22.799999,23163
2019-11-29,23.000000,23.000000,22.700001,22.950001,22.950001,32402
2019-12-02,23.000000,23.150000,22.700001,23.049999,23.049999,32712
2019-12-03,23.049999,23.150000,22.700001,23.049999,23.049999,9286
2019-12-04,23.299999,23.299999,23.100000,23.250000,23.250000,31000
2019-12-05,23.250000,25.549999,23.250000,23.799999,23.799999,698207
2019-12-06,24.150000,26.049999,24.000000,24.750000,24.750000,700178
2019-12-09,24.549999,25.450001,24.150000,24.150000,24.150000,112124
2019-12-10,24.250000,25.000000,24.200001,24.600000,24.600000,105471
2019-12-11,24.799999,25.350000,24.500000,24.549999,24.549999,90200
2019-12-12,24.549999,24.549999,23.600000,23.600000,23.600000,114199
2019-12-13,23.950001,23.950001,23.250000,23.450001,23.450001,42665
2019-12-16,23.450001,23.900000,23.450001,23.500000,23.500000,1300
2019-12-17,23.650000,23.900000,23.650000,23.750000,23.750000,20311
2019-12-18,24.049999,26.049999,24.049999,24.650000,24.650000,712298
2019-12-19,25.000000,25.299999,24.299999,25.000000,25.000000,160128
2019-12-20,25.000000,25.450001,24.799999,24.900000,24.900000,114044
2019-12-23,25.100000,27.000000,25.000000,25.299999,25.299999,872326
2019-12-24,25.850000,26.299999,25.450001,25.750000,25.750000,313482
2019-12-25,26.250000,26.250000,25.350000,25.500000,25.500000,81863
2019-12-26,25.650000,26.049999,25.400000,25.400000,25.400000,66000
2019-12-27,25.400000,25.600000,25.000000,25.000000,25.000000,102321
2019-12-30,25.000000,25.500000,25.000000,25.000000,25.000000,29000
2019-12-31,25.100000,25.500000,23.700001,24.500000,24.500000,155143
2020-01-02,24.750000,26.000000,24.750000,25.500000,25.500000,285465
2020-01-03,25.600000,26.350000,24.850000,24.900000,24.900000,160075
2020-01-06,24.400000,24.549999,24.000000,24.200001,24.200001,71000
2020-01-07,24.150000,24.750000,24.000000,24.100000,24.100000,66224
2020-01-08,23.850000,24.049999,23.650000,23.799999,23.799999,98000
2020-01-09,23.799999,24.100000,23.500000,23.799999,23.799999,73000
2020-01-10,24.100000,24.200001,23.799999,23.950001,23.950001,51398
2020-01-13,23.950001,24.650000,23.950001,24.450001,24.450001,61249
2020-01-14,25.350000,25.650000,24.650000,24.700001,24.700001,164000
2020-01-15,24.799999,25.150000,24.650000,24.650000,24.650000,62000
2020-01-16,24.799999,24.900000,24.000000,24.450001,24.450001,64771
2020-01-17,24.450001,24.700001,24.049999,24.200001,24.200001,63400
2020-01-20,24.750000,24.750000,23.850000,24.000000,24.000000,103195
2020-01-30,22.299999,22.350000,21.600000,21.750000,21.750000,283105
2020-01-31,22.500000,22.950001,21.799999,22.049999,22.049999,159148
2020-02-03,21.799999,21.799999,20.200001,20.799999,20.799999,184272
2020-02-04,21.350000,21.450001,20.850000,21.299999,21.299999,86000
2020-02-05,21.799999,21.900000,20.600000,20.900000,20.900000,68624
2020-02-06,20.299999,21.299999,20.299999,20.799999,20.799999,155998
2020-02-07,20.850000,20.850000,20.450001,20.500000,20.500000,104301
2020-02-10,20.500000,20.549999,20.000000,20.400000,20.400000,66900
2020-02-11,20.400000,21.000000,20.400000,20.900000,20.900000,59149
2020-02-12,21.100000,21.100000,20.700001,20.900000,20.900000,109049
2020-02-13,21.100000,21.200001,20.900000,20.950001,20.950001,39080
2020-02-14,20.950001,21.100000,20.799999,21.100000,21.100000,64516
2020-02-17,21.200001,21.600000,20.900000,21.299999,21.299999,103973
2020-02-18,21.299999,21.299999,20.850000,20.850000,20.850000,52066
2020-02-19,21.200001,21.200001,20.950001,20.950001,20.950001,17001
2020-02-20,20.950001,21.000000,20.700001,20.700001,20.700001,59148
2020-02-21,20.700001,20.700001,20.350000,20.450001,20.450001,67000
2020-02-24,20.250000,20.400000,20.200001,20.400000,20.400000,19089
2020-02-25,19.700001,20.500000,19.700001,20.299999,20.299999,33075
2020-02-26,20.049999,20.100000,19.950001,20.100000,20.100000,44623
2020-02-27,20.100000,20.150000,19.799999,19.799999,19.799999,81074
2020-03-02,19.700001,19.799999,19.049999,19.450001,19.450001,97378
2020-03-03,19.500000,19.900000,19.500000,19.700001,19.700001,43568
2020-03-04,19.400000,19.450001,19.250000,19.299999,19.299999,29297
2020-03-05,19.750000,20.299999,19.500000,19.799999,19.799999,55074
2020-03-06,19.799999,20.000000,19.650000,19.700001,19.700001,39024
2020-03-09,19.250000,20.400000,19.100000,19.150000,19.150000,73131
2020-03-10,19.100000,19.150000,18.700001,19.000000,19.000000,66406
2020-03-11,19.250000,20.500000,19.000000,20.200001,20.200001,106377
2020-03-12,19.650000,20.500000,18.299999,19.900000,19.900000,180000
2020-03-13,19.900000,19.900000,17.950001,18.100000,18.100000,167397
2020-03-16,18.000000,18.400000,17.000000,18.000000,18.000000,84270
2020-03-17,16.250000,17.000000,16.200001,16.200001,16.200001,250198
2020-03-18,16.400000,16.400000,15.100000,15.350000,15.350000,60000
2020-03-19,14.000000,14.150000,13.850000,13.850000,13.850000,173164
2020-03-20,13.100000,14.350000,13.100000,13.550000,13.550000,153044
2020-03-23,13.650000,13.650000,12.250000,13.300000,13.300000,87147
2020-03-24,13.900000,13.900000,13.250000,13.250000,13.250000,37763
2020-03-25,13.800000,13.800000,13.350000,13.350000,13.350000,96792
2020-03-26,13.500000,13.800000,13.250000,13.700000,13.700000,49473
2020-03-27,14.000000,14.700000,13.950000,13.950000,13.950000,50000
2020-03-30,13.300000,14.200000,13.150000,13.950000,13.950000,51000
2020-03-31,13.950000,14.400000,13.300000,14.300000,14.300000,68000
2020-04-01,13.800000,15.400000,13.800000,14.350000,14.350000,89508