Date,Open,High,Low,Close,Adj Close,Volume
2016-06-06,125.000000,137.000000,102.500000,125.000000,105.405922,126280
2016-06-07,125.000000,125.000000,125.000000,125.000000,105.405922,0
2016-06-08,134.970001,135.389999,129.110001,134.970001,113.813095,73643
2016-06-13,132.009995,135.770004,129.029999,132.009995,111.317078,37060
2016-06-14,131.000000,132.000000,130.009995,131.000000,110.465401,13651
2016-06-15,126.000000,130.100006,123.019997,126.000000,106.249161,41608
2016-06-16,124.000000,125.000000,121.010002,124.000000,104.562660,21553
2016-06-17,124.000000,125.500000,123.510002,124.000000,104.562660,14601
2016-06-20,125.000000,126.000000,123.500000,125.000000,105.405922,29800
2016-06-21,127.000000,128.990005,125.860001,127.000000,107.092407,18156
2016-06-22,127.000000,127.000000,127.000000,127.000000,107.092407,0
2016-06-23,127.000000,127.000000,127.000000,127.000000,107.092407,0
2016-06-24,127.000000,127.000000,127.000000,127.000000,107.092407,0
2016-06-27,121.500000,121.989998,120.500000,121.500000,102.454544,10500
2016-06-28,121.000000,121.500000,121.000000,121.000000,102.032921,16100
2016-06-29,121.000000,121.000000,121.000000,121.000000,102.032921,0
2016-06-30,121.000000,123.000000,121.000000,121.000000,102.032921,3150
2016-07-01,120.000000,121.000000,120.000000,120.000000,101.189674,21701
2016-07-04,116.029999,120.000000,115.010002,116.029999,97.841980,22000
2016-07-05,117.489998,118.489998,116.010002,117.489998,99.073120,3600
2016-07-06,116.500000,116.500000,115.010002,116.500000,98.238319,3100
2016-07-07,118.870003,118.870003,115.010002,118.870003,100.236816,20014
2016-07-08,null,null,null,null,null,null
2016-07-11,118.000000,118.000000,118.000000,118.000000,99.503181,4000
2016-07-12,117.989998,117.989998,116.010002,117.989998,99.494743,3651
2016-07-13,116.010002,116.010002,116.010002,116.010002,97.825127,5000
2016-07-14,122.000000,122.000000,116.010002,122.000000,102.876183,59900
2016-07-15,120.500000,124.000000,120.000000,120.500000,101.611298,23003
2016-07-18,119.010002,119.510002,119.010002,119.010002,100.354866,7060
2016-07-19,119.010002,119.010002,119.010002,119.010002,100.354866,2300
2016-07-20,122.000000,122.989998,119.010002,122.000000,102.876183,14000
2016-07-21,119.010002,122.489998,119.010002,119.010002,100.354866,20500
2016-07-22,121.150002,121.150002,121.150002,121.150002,102.159409,1000
2016-07-25,120.000000,120.000000,120.000000,120.000000,101.189674,1000
2016-07-26,118.010002,120.000000,118.010002,118.010002,99.511620,5530
2016-07-27,118.010002,118.010002,118.010002,118.010002,99.511620,8630
2016-07-28,120.000000,120.000000,118.010002,120.000000,101.189674,1100
2016-07-29,118.029999,118.190002,118.029999,118.029999,99.528481,2000
2016-08-01,118.010002,119.989998,118.000000,118.010002,99.511620,18501
2016-08-02,118.010002,119.500000,118.010002,118.010002,99.511620,3380
2016-08-03,116.599998,117.000000,116.599998,116.599998,98.322632,6500
2016-08-04,118.000000,119.489998,117.000000,118.000000,99.503181,14000
2016-08-05,118.500000,119.000000,118.000000,118.500000,99.924805,10000
2016-08-08,118.010002,119.989998,118.010002,118.010002,99.511620,16000
2016-08-09,118.010002,118.010002,118.010002,118.010002,99.511620,0
2016-08-10,118.000000,119.000000,117.010002,118.000000,99.503181,12200
2016-08-11,118.000000,118.879997,117.010002,118.000000,99.503181,6000
2016-08-12,116.010002,116.510002,116.010002,116.010002,97.825127,2000
2016-08-15,116.260002,116.260002,115.510002,116.260002,98.035942,4500
2016-08-16,115.000000,116.989998,114.949997,115.000000,96.973442,10000
2016-08-17,115.000000,115.000000,115.000000,115.000000,96.973442,0
2016-08-18,111.000000,115.730003,110.199997,111.000000,93.600456,12501
2016-08-19,107.510002,110.489998,107.510002,107.510002,90.657516,21250
2016-08-22,107.989998,108.000000,107.349998,107.989998,91.062279,23305
2016-08-23,105.800003,108.250000,105.800003,105.800003,89.215569,13300
2016-08-24,100.000000,105.959999,99.510002,100.000000,84.324730,84702
2016-08-25,100.000000,101.290001,100.000000,100.000000,86.932709,10551
2016-08-26,104.129997,114.510002,102.000000,104.129997,90.523033,43100
2016-08-29,109.989998,110.400002,105.000000,109.989998,95.617287,29700
2016-08-30,110.000000,110.489998,108.010002,110.000000,95.625977,12600
2016-08-31,108.389999,108.989998,108.000000,108.389999,94.226357,13100
2016-09-01,107.989998,108.000000,106.510002,107.989998,93.878632,7100
2016-09-02,106.510002,106.510002,106.510002,106.510002,92.592033,1000
2016-09-05,108.370003,108.989998,106.010002,108.370003,94.208984,13200
2016-09-06,108.000000,108.000000,107.500000,108.000000,93.887321,7000
2016-09-07,108.000000,108.010002,107.599998,108.000000,93.887321,9000
2016-09-08,107.029999,108.489998,107.029999,107.029999,93.044083,3050
2016-09-09,107.010002,107.010002,107.010002,107.010002,93.026695,2000
2016-09-10,null,null,null,null,null,null
2016-09-12,107.010002,107.010002,107.010002,107.010002,93.026695,2000
2016-09-13,107.099998,107.300003,106.000000,107.099998,93.104935,18900
2016-09-14,107.099998,107.099998,107.099998,107.099998,93.104935,0
2016-09-19,108.000000,108.500000,107.000000,108.000000,93.887321,12600
2016-09-20,108.000000,108.489998,107.000000,108.000000,93.887321,20000
2016-09-21,108.000000,108.489998,107.500000,108.000000,93.887321,37100
2016-09-22,107.500000,107.900002,107.500000,107.500000,93.452660,23000
2016-09-23,108.000000,108.500000,108.000000,108.000000,93.887321,6550
2016-09-26,107.519997,107.519997,107.519997,107.519997,93.470055,700
2016-09-27,107.519997,107.519997,107.519997,107.519997,93.470055,0
2016-09-28,107.519997,107.519997,107.519997,107.519997,93.470055,0
2016-09-29,108.500000,108.500000,108.500000,108.500000,94.321999,1300
2016-09-30,109.800003,109.800003,108.300003,109.800003,95.452118,22000
2016-10-03,114.980003,114.989998,109.300003,114.980003,99.955231,26700
2016-10-04,109.019997,113.000000,109.019997,109.019997,94.774033,18200
2016-10-05,109.500000,110.000000,109.500000,109.500000,95.191315,3000
2016-10-06,110.000000,110.489998,109.099998,110.000000,95.625977,11051
2016-10-07,110.010002,111.360001,109.510002,110.010002,95.634674,7200
2016-10-11,114.989998,116.489998,111.489998,114.989998,99.963921,29600
2016-10-12,112.970001,114.000000,112.000000,112.970001,98.207878,16500
2016-10-13,113.000000,113.000000,110.010002,113.000000,98.233955,13800
2016-10-14,109.010002,110.989998,109.010002,109.010002,94.765343,9800
2016-10-17,109.010002,110.000000,109.010002,109.010002,94.765343,1200
2016-10-18,108.500000,109.010002,108.010002,108.500000,94.321999,9090
2016-10-19,107.510002,108.010002,107.510002,107.510002,93.461357,1200
2016-10-20,108.989998,108.989998,106.000000,108.989998,94.747955,13246
2016-10-21,107.000000,108.989998,107.000000,107.000000,93.017998,2046
2016-10-24,106.529999,108.019997,106.529999,106.529999,92.609421,1000
2016-10-25,106.529999,106.529999,106.529999,106.529999,92.609421,0
2016-10-26,106.019997,107.000000,106.019997,106.019997,92.166054,9500
2016-10-27,106.019997,106.500000,106.019997,106.019997,92.166054,15500
2016-10-28,107.500000,107.790001,106.019997,107.500000,93.452660,22500
2016-10-31,108.480003,108.480003,108.000000,108.480003,94.304604,1100
2016-11-01,106.529999,108.779999,106.529999,106.529999,92.609421,8000
2016-11-02,106.519997,107.400002,106.519997,106.519997,92.600716,16000
2016-11-03,106.519997,106.519997,106.519997,106.519997,92.600716,0
2016-11-04,106.519997,106.519997,106.519997,106.519997,92.600716,2000
2016-11-07,107.500000,107.500000,107.000000,107.500000,93.452660,7000
2016-11-08,108.599998,108.599998,108.599998,108.599998,94.408920,1000
2016-11-09,110.000000,114.000000,109.000000,110.000000,95.625977,30700
2016-11-10,110.010002,110.989998,108.029999,110.010002,95.634674,15700
2016-11-11,109.190002,109.500000,107.610001,109.190002,94.921822,7509
2016-11-14,107.510002,107.510002,107.510002,107.510002,93.461357,1500
2016-11-15,107.599998,108.000000,107.599998,107.599998,93.539597,23000
2016-11-16,108.000000,108.000000,108.000000,108.000000,93.887321,2000
2016-11-17,108.000000,108.000000,108.000000,108.000000,93.887321,0
2016-11-18,107.000000,107.000000,106.519997,107.000000,93.017998,2000
2016-11-21,107.489998,107.489998,107.010002,107.489998,93.443970,6000
2016-11-22,108.000000,108.489998,107.029999,108.000000,93.887321,9000
2016-11-23,109.000000,109.989998,109.000000,109.000000,94.756660,1500
2016-11-24,110.510002,112.989998,110.389999,110.510002,96.069344,21000
2016-11-25,110.010002,111.000000,110.010002,110.010002,95.634674,5800
2016-11-28,111.000000,111.000000,110.010002,111.000000,96.495316,6000
2016-11-29,111.800003,111.959999,109.650002,111.800003,97.190773,29500
2016-11-30,110.519997,111.430000,110.519997,110.519997,96.078033,2500
2016-12-01,110.019997,110.800003,110.010002,110.019997,95.643372,3500
2016-12-02,111.989998,111.989998,111.989998,111.989998,97.355942,1000
2016-12-05,111.000000,111.980003,110.500000,111.000000,96.495316,6092
2016-12-06,111.000000,111.000000,111.000000,111.000000,96.495316,1000
2016-12-07,111.010002,112.330002,111.010002,111.010002,96.504005,2800
2016-12-08,112.000000,112.410004,112.000000,112.000000,97.364639,12000
2016-12-09,112.989998,112.989998,111.510002,112.989998,98.225273,300
2016-12-12,113.599998,115.489998,112.000000,113.599998,98.755554,21249
2016-12-13,113.000000,113.000000,112.610001,113.000000,98.233955,3000
2016-12-14,113.000000,114.000000,113.000000,113.000000,98.233955,4120
2016-12-15,113.000000,113.000000,112.529999,113.000000,98.233955,6200
2016-12-16,112.599998,112.680000,111.709999,112.599998,97.886230,8500
2016-12-19,116.000000,117.489998,112.599998,116.000000,100.841942,46500
2016-12-20,117.489998,117.489998,117.489998,117.489998,102.137238,5500
2016-12-21,115.099998,117.489998,113.519997,115.099998,100.059555,35050
2016-12-22,113.000000,116.500000,113.000000,113.000000,98.233955,54500
2016-12-23,112.500000,113.000000,112.500000,112.500000,97.799301,15100
2016-12-26,114.449997,114.449997,112.019997,114.449997,99.494484,44210
2016-12-27,112.019997,112.019997,112.019997,112.019997,97.382011,4500
2016-12-28,116.000000,116.989998,114.000000,116.000000,100.841942,7100
2016-12-29,116.000000,116.000000,116.000000,116.000000,100.841942,0
2016-12-30,116.000000,116.000000,116.000000,116.000000,100.841942,10
2017-01-03,116.900002,116.980003,114.000000,116.900002,101.624336,85110
2017-01-04,116.000000,116.500000,116.000000,116.000000,100.841942,2000
2017-01-05,116.000000,116.000000,116.000000,116.000000,100.841942,5010
2017-01-06,116.000000,116.000000,116.000000,116.000000,100.841942,0
2017-01-09,124.489998,124.489998,116.000000,124.489998,108.222527,87504
2017-01-10,123.000000,125.000000,120.529999,123.000000,106.927231,7330
2017-01-11,120.599998,124.000000,120.010002,120.599998,104.840851,21803
2017-01-12,120.000000,121.000000,116.500000,120.000000,104.319252,11300
2017-01-13,117.000000,118.000000,116.010002,117.000000,101.711273,33600
2017-01-16,117.000000,117.000000,117.000000,117.000000,101.711273,0
2017-01-17,117.500000,118.500000,117.500000,117.500000,102.145935,6000
2017-01-18,118.000000,118.000000,118.000000,118.000000,102.580597,21
2017-01-19,116.500000,117.000000,116.500000,116.500000,101.276611,3500
2017-01-20,117.000000,117.500000,117.000000,117.000000,101.711273,2000
2017-01-23,121.980003,121.980003,121.980003,121.980003,106.040520,1000
2017-01-24,120.000000,121.980003,116.500000,120.000000,104.319252,3000
2017-02-02,117.010002,120.000000,117.010002,117.010002,101.719963,10000
2017-02-03,117.910004,117.910004,116.029999,117.910004,102.502365,1100
2017-02-06,117.000000,117.000000,116.010002,117.000000,101.711273,4000
2017-02-07,117.000000,117.000000,117.000000,117.000000,101.711273,0
2017-02-08,119.000000,119.989998,119.000000,119.000000,103.449921,7000
2017-02-09,119.000000,119.000000,119.000000,119.000000,103.449921,0
2017-02-10,118.000000,119.989998,117.000000,118.000000,102.580597,4100
2017-02-13,119.989998,119.989998,116.500000,119.989998,104.310562,10005
2017-02-14,118.000000,118.000000,116.500000,118.000000,102.580597,10000
2017-02-15,117.849998,117.849998,117.000000,117.849998,102.450195,4000
2017-02-16,118.000000,119.989998,117.000000,118.000000,102.580597,4500
2017-02-17,120.000000,120.000000,118.000000,120.000000,104.319252,6700
2017-02-18,null,null,null,null,null,null
2017-02-20,118.050003,121.970001,117.000000,118.050003,102.624069,95695
2017-02-21,119.000000,119.000000,118.000000,119.000000,103.449921,8000
2017-02-22,119.989998,119.989998,117.500000,119.989998,104.310562,14000
2017-02-23,119.000000,119.989998,118.500000,119.000000,103.449921,900
2017-02-24,117.500000,117.500000,117.500000,117.500000,102.145935,1000
2017-03-01,113.800003,117.500000,104.519997,113.800003,98.929428,60830
2017-03-02,115.000000,115.000000,112.010002,115.000000,99.972618,11000
2017-03-03,115.010002,115.010002,115.010002,115.010002,99.981316,1000
2017-03-06,116.500000,118.000000,116.000000,116.500000,101.276611,13500
2017-03-07,115.010002,115.010002,115.010002,115.010002,99.981316,3300
2017-03-08,117.000000,120.500000,116.599998,117.000000,101.711273,4200
2017-03-09,116.500000,116.500000,116.500000,116.500000,101.276611,2000
2017-03-10,117.000000,117.000000,117.000000,117.000000,101.711273,1000
2017-03-13,117.599998,118.000000,117.000000,117.599998,102.232872,32300
2017-03-14,118.000000,118.500000,116.000000,118.000000,102.580597,11500
2017-03-15,118.500000,118.500000,117.169998,118.500000,103.015259,9000
2017-03-16,117.000000,121.040001,117.000000,117.000000,101.711273,39710
2017-03-17,117.010002,118.500000,117.000000,117.010002,101.719963,18100
2017-03-20,118.500000,119.000000,117.010002,118.500000,103.015259,27750
2017-03-21,119.500000,122.000000,118.000000,119.500000,103.884598,43530
2017-03-22,120.500000,120.500000,120.050003,120.500000,104.753914,17010
2017-03-23,119.000000,121.000000,118.010002,119.000000,103.449921,15980
2017-03-24,122.000000,122.000000,118.500000,122.000000,106.057915,14500
2017-03-27,118.010002,120.000000,118.010002,118.010002,102.589294,10000
2017-03-28,119.000000,120.000000,118.010002,119.000000,103.449921,8200
2017-03-29,119.000000,119.000000,118.010002,119.000000,103.449921,5000
2017-03-30,118.010002,120.000000,118.010002,118.010002,102.589294,19210
2017-03-31,118.010002,118.010002,118.010002,118.010002,102.589294,9000
2017-04-05,119.000000,119.000000,118.010002,119.000000,103.449921,5000
2017-04-06,118.500000,119.000000,118.010002,118.500000,103.015259,8500
2017-04-07,118.010002,118.010002,118.010002,118.010002,102.589294,3030
2017-04-10,118.010002,119.000000,118.010002,118.010002,102.589294,9000
2017-04-11,120.000000,120.000000,118.010002,120.000000,104.319252,6000
2017-04-12,119.000000,120.000000,118.000000,119.000000,103.449921,13000
2017-04-13,119.000000,119.000000,119.000000,119.000000,103.449921,0
2017-04-14,117.000000,117.000000,116.010002,117.000000,101.711273,4800
2017-04-17,116.010002,116.010002,116.010002,116.010002,100.850639,2000
2017-04-18,116.010002,116.010002,116.010002,116.010002,100.850639,0
2017-04-19,118.000000,118.199997,117.000000,118.000000,102.580597,29000
2017-04-20,117.500000,117.500000,117.500000,117.500000,102.145935,2000
2017-04-21,119.980003,120.000000,118.019997,119.980003,104.301865,19002
2017-04-24,124.199997,124.199997,118.019997,124.199997,107.970428,82808
2017-04-25,118.019997,124.199997,118.019997,118.019997,102.597984,41004
2017-04-26,118.019997,121.000000,118.019997,118.019997,102.597984,34104
2017-04-27,118.000000,120.500000,115.000000,118.000000,102.580597,35102
2017-04-28,117.500000,119.989998,116.699997,117.500000,102.145935,14502
2017-05-02,117.000000,119.000000,116.019997,117.000000,101.711273,12202
2017-05-03,118.000000,119.489998,116.019997,118.000000,102.580597,12512
2017-05-04,116.019997,119.489998,116.019997,116.019997,100.859329,5041
2017-05-05,119.489998,119.489998,119.489998,119.489998,103.875893,2000
2017-05-08,118.000000,119.489998,118.000000,118.000000,102.580597,11000
2017-05-09,117.000000,118.000000,117.000000,117.000000,101.711273,5600
2017-05-10,116.620003,117.839996,116.620003,116.620003,101.380928,10600
2017-05-11,117.000000,117.989998,117.000000,117.000000,101.711273,8000
2017-05-12,117.000000,117.000000,117.000000,117.000000,101.711273,0
2017-05-15,117.410004,118.250000,116.620003,117.410004,102.067696,10000
2017-05-16,116.510002,117.500000,116.510002,116.510002,101.285301,5700
2017-05-17,118.000000,118.400002,118.000000,118.000000,102.580597,7000
2017-05-18,117.610001,117.610001,117.599998,117.610001,102.241562,2000
2017-05-19,118.000000,119.489998,117.610001,118.000000,102.580597,4000
2017-05-22,119.190002,119.489998,118.000000,119.190002,103.615097,13000
2017-05-23,118.000000,119.190002,118.000000,118.000000,102.580597,6000
2017-05-24,116.019997,118.099998,116.019997,116.019997,100.859329,21600
2017-05-25,118.089996,118.089996,118.089996,118.089996,102.658836,6400
2017-05-26,118.989998,118.989998,116.019997,118.989998,103.441231,9530
2017-05-31,118.889999,118.989998,117.000000,118.889999,103.354294,13600
2017-06-01,116.019997,116.019997,116.019997,116.019997,100.859329,1000
2017-06-02,117.000000,119.489998,117.000000,117.000000,101.711273,15000
2017-06-03,null,null,null,null,null,null
2017-06-05,116.489998,118.000000,115.000000,116.489998,101.267914,29410
2017-06-06,116.989998,116.989998,114.010002,116.989998,101.702576,81300
2017-06-07,116.000000,116.000000,115.000000,116.000000,100.841942,5100
2017-06-08,115.000000,116.000000,115.000000,115.000000,99.972618,18000
2017-06-09,115.500000,115.500000,115.500000,115.500000,100.407280,2000
2017-06-12,115.500000,115.500000,115.500000,115.500000,100.407280,0
2017-06-13,118.589996,118.930000,115.010002,118.589996,103.093498,28000
2017-06-14,117.000000,118.930000,117.000000,117.000000,101.711273,9406
2017-06-15,116.790001,118.989998,115.010002,116.790001,101.528717,114194
2017-06-16,117.449997,117.449997,115.010002,117.449997,102.102470,16128
2017-06-19,118.000000,120.000000,117.440002,118.000000,102.580597,62000
2017-06-20,116.010002,118.000000,116.000000,116.010002,100.850639,76100
2017-06-21,116.599998,117.739998,116.209999,116.599998,101.363533,30100
2017-06-22,117.000000,117.480003,116.599998,117.000000,101.711273,7000
2017-06-23,116.989998,117.000000,115.010002,116.989998,101.702576,23500
2017-06-26,115.620003,117.000000,115.010002,115.620003,100.511604,18500
2017-06-27,116.400002,117.699997,116.400002,116.400002,101.189682,38010
2017-06-28,116.010002,116.010002,116.010002,116.010002,100.850639,5700
2017-06-29,114.500000,116.500000,114.000000,114.500000,99.537956,72150
2017-06-30,113.510002,114.500000,113.510002,113.510002,98.677322,10100
2017-07-03,113.510002,114.500000,113.510002,113.510002,98.677322,3001
2017-07-04,113.000000,114.169998,113.000000,113.000000,98.233955,15500
2017-07-05,108.050003,110.000000,105.809998,108.050003,93.930801,55450
2017-07-06,106.000000,109.989998,104.500000,106.000000,92.148682,74630
2017-07-07,104.500000,104.500000,104.300003,104.500000,90.844681,1158
2017-07-10,110.199997,111.400002,108.000000,110.199997,95.799843,38441
2017-07-11,110.000000,114.000000,109.010002,110.000000,95.625977,42750
2017-07-12,110.000000,112.000000,109.599998,110.000000,95.625977,42550
2017-07-13,110.000000,110.669998,109.889999,110.000000,95.625977,25100
2017-07-14,110.000000,110.500000,110.000000,110.000000,95.625977,7000
2017-07-17,110.000000,110.000000,110.000000,110.000000,95.625977,16000
2017-07-18,109.000000,110.290001,108.500000,109.000000,94.756660,10100
2017-07-19,109.000000,109.500000,108.000000,109.000000,94.756660,43450
2017-07-20,110.000000,111.989998,108.629997,110.000000,95.625977,96950
2017-07-21,112.500000,114.000000,110.040001,112.500000,97.799301,79800
2017-07-24,115.000000,115.500000,112.120003,115.000000,99.972618,104852
2017-07-25,116.000000,118.930000,114.629997,116.000000,100.841942,57562
2017-07-26,125.250000,125.250000,116.000000,125.250000,108.883217,308368
2017-07-27,129.000000,130.000000,124.000000,129.000000,112.143196,307842
2017-07-28,131.000000,134.990005,129.009995,131.000000,113.881851,321842
2017-07-31,129.100006,132.990005,127.519997,129.100006,112.230133,205648
2017-08-01,130.889999,133.669998,128.089996,130.889999,113.786232,133307
2017-08-02,130.250000,132.000000,128.009995,130.250000,113.229858,92602
2017-08-03,124.000000,130.199997,122.000000,124.000000,107.796555,172203
2017-08-04,125.739998,128.410004,123.010002,125.739998,109.309189,58301
2017-08-07,122.000000,125.750000,119.610001,122.000000,106.057915,150112
2017-08-08,135.000000,137.350006,122.000000,135.000000,117.359154,436555
2017-08-09,130.990005,135.500000,129.009995,130.990005,113.873161,161272
2017-08-10,125.500000,134.720001,124.589996,125.500000,109.100555,163888
2017-08-11,129.389999,129.470001,125.000000,129.389999,112.482231,90224
2017-08-14,128.899994,131.559998,127.000000,128.899994,112.056259,70330
2017-08-15,127.199997,129.990005,126.000000,127.199997,110.578407,44247
2017-08-16,126.830002,129.070007,126.500000,126.830002,110.256760,71361
2017-08-17,129.990005,129.990005,127.000000,129.990005,113.003838,65637
2017-08-18,128.899994,133.970001,126.010002,128.899994,112.056259,254329
2017-08-21,114.000000,116.500000,110.000000,112.500000,97.799301,2567000
2017-08-22,112.000000,112.500000,108.000000,109.000000,94.756660,1214000
2017-08-23,110.000000,121.500000,109.000000,119.000000,103.449921,2070500
2017-08-24,119.000000,122.000000,117.000000,118.000000,102.580597,817000
2017-08-25,118.500000,119.000000,113.500000,114.000000,99.103294,895250
2017-08-28,113.500000,114.000000,111.500000,114.000000,99.103294,415806
2017-08-29,114.000000,116.000000,114.000000,114.000000,99.103294,363091
2017-08-30,115.000000,115.000000,113.000000,113.000000,98.233955,308023
2017-08-31,114.000000,114.500000,113.500000,114.500000,99.537956,252000
2017-09-01,114.500000,117.000000,114.500000,115.000000,99.972618,341050
2017-09-04,115.000000,115.000000,113.000000,113.500000,98.668617,477471
2017-09-05,113.500000,114.500000,113.000000,114.000000,99.103294,514200
2017-09-06,109.500000,110.000000,107.500000,107.500000,97.088951,380429
2017-09-07,108.000000,110.000000,104.500000,105.000000,94.831070,418968
2017-09-08,106.000000,106.500000,104.500000,105.000000,94.831070,223130
2017-09-11,104.500000,105.000000,100.000000,101.000000,91.218460,563011
2017-09-12,102.000000,104.000000,102.000000,103.500000,93.476341,205001
2017-09-13,104.500000,105.000000,103.500000,103.500000,93.476341,135500
2017-09-14,105.000000,105.000000,102.000000,102.500000,92.573189,195030
2017-09-15,103.500000,103.500000,101.500000,102.500000,92.573189,143760
2017-09-18,102.500000,103.000000,101.500000,102.000000,92.121613,124078
2017-09-19,103.000000,103.000000,101.500000,102.000000,92.121613,86000
2017-09-20,102.500000,102.500000,99.099998,99.800003,90.134682,229234
2017-09-21,99.800003,100.500000,99.800003,100.500000,90.766884,89500
2017-09-22,100.500000,100.500000,99.000000,99.000000,89.412155,252314
2017-09-25,99.099998,99.099998,96.000000,96.699997,87.334900,219140
2017-09-26,96.199997,97.000000,96.000000,96.599998,87.244583,168294
2017-09-27,96.800003,99.900002,96.699997,99.300003,89.683105,136120
2017-09-28,99.800003,99.800003,97.500000,98.400002,88.870262,107220
2017-09-29,98.000000,98.000000,96.500000,97.199997,87.786476,110430
2017-10-02,99.000000,104.500000,99.000000,101.500000,91.670036,327053
2017-10-03,101.000000,102.000000,99.800003,100.000000,90.315300,164438
2017-10-05,100.000000,102.000000,99.800003,100.000000,90.315300,60600
2017-10-06,100.000000,100.500000,98.099998,99.300003,89.683105,83011
2017-10-11,98.000000,98.000000,93.300003,93.900002,84.806068,327210
2017-10-12,94.000000,94.000000,92.800003,93.500000,84.444809,77050
2017-10-13,92.800003,95.000000,92.800003,94.300003,85.167336,62000
2017-10-16,94.599998,94.599998,92.800003,93.000000,83.993233,90350
2017-10-17,93.099998,93.199997,90.099998,90.300003,81.554726,213010
2017-10-18,90.400002,90.500000,88.400002,89.500000,80.832191,222000
2017-10-19,89.500000,90.400002,89.400002,90.199997,81.464401,180000
2017-10-20,90.199997,92.199997,89.800003,91.099998,82.277245,87020
2017-10-23,91.099998,91.099998,90.000000,90.000000,81.283775,55085
2017-10-24,90.099998,90.099998,89.300003,89.500000,80.832191,89000
2017-10-25,90.500000,91.000000,89.500000,90.000000,81.283775,34000
2017-10-26,90.000000,90.599998,89.400002,90.599998,81.825668,29350
2017-10-27,90.099998,90.400002,89.400002,89.400002,80.741890,62015
2017-10-30,90.000000,90.000000,88.500000,88.500000,79.929047,72335
2017-10-31,88.500000,89.000000,88.500000,88.599998,80.019363,35311
2017-11-01,88.500000,90.199997,88.500000,89.699997,81.012825,70000
2017-11-02,89.699997,90.500000,89.500000,89.900002,81.193466,57000
2017-11-03,90.099998,94.000000,89.699997,92.400002,83.451347,183100
2017-11-06,92.800003,94.000000,91.599998,91.800003,82.909454,145040
2017-11-07,91.800003,93.199997,91.199997,93.099998,84.083549,76060
2017-11-08,92.800003,93.000000,91.800003,92.400002,83.451347,66500
2017-11-09,92.400002,93.000000,91.199997,91.400002,82.548187,70350
2017-11-10,91.000000,91.900002,90.199997,90.599998,81.825668,40000
2017-11-13,90.599998,90.599998,89.699997,89.800003,81.103149,56000
2017-11-14,89.500000,89.699997,88.099998,89.699997,81.012825,60000
2017-11-15,89.599998,90.000000,89.000000,89.000000,80.380623,42015
2017-11-16,89.199997,89.199997,88.000000,88.400002,79.838730,98200
2017-11-17,88.300003,90.500000,88.300003,90.500000,81.735352,89000
2017-11-20,92.500000,94.400002,92.000000,92.000000,83.090080,223100
2017-11-21,92.000000,92.599998,91.500000,91.500000,82.638504,84000
2017-11-22,92.400002,92.500000,91.000000,91.500000,82.638504,106000
2017-11-23,91.500000,92.500000,90.900002,90.900002,82.096611,62000
2017-11-24,90.900002,92.500000,90.800003,92.000000,83.090080,54200
2017-11-27,91.099998,91.500000,91.000000,91.300003,82.457878,37300
2017-11-28,91.199997,91.800003,91.199997,91.199997,82.367561,36000
2017-11-29,91.199997,91.400002,90.099998,90.300003,81.554726,68000
2017-11-30,90.000000,90.199997,89.400002,89.400002,80.741890,49102
2017-12-01,89.699997,90.099998,89.300003,89.500000,80.832191,53150
2017-12-04,89.500000,89.500000,89.199997,89.300003,80.651573,53060
2017-12-05,90.300003,90.300003,89.000000,89.099998,80.470932,56100
2017-12-06,89.300003,89.599998,88.900002,89.099998,80.470932,44000
2017-12-07,89.400002,90.000000,88.800003,89.199997,80.561249,65111
2017-12-08,89.800003,90.000000,89.199997,89.699997,81.012825,38000
2017-12-11,90.199997,91.300003,90.199997,91.300003,82.457878,26030
2017-12-12,91.900002,93.199997,91.500000,92.000000,83.090080,127000
2017-12-13,92.500000,92.500000,91.300003,91.500000,82.638504,33389
2017-12-14,91.400002,94.500000,91.400002,92.300003,83.361031,103260
2017-12-15,93.300003,93.300003,91.900002,92.099998,83.180389,70300
2017-12-18,92.000000,92.699997,92.000000,92.400002,83.451347,30000
2017-12-19,92.400002,92.900002,92.000000,92.199997,83.270706,56200
2017-12-20,92.099998,92.099998,91.699997,91.800003,82.909454,40068
2017-12-21,91.500000,91.500000,90.000000,90.300003,81.554726,151132
2017-12-22,90.400002,90.900002,90.099998,90.599998,81.825668,59000
2017-12-25,90.699997,91.199997,90.000000,90.800003,82.006294,35000
2017-12-26,90.300003,90.300003,89.199997,89.599998,80.922508,33228
2017-12-27,89.599998,89.900002,89.500000,89.599998,80.922508,24000
2017-12-28,89.599998,90.500000,89.599998,89.800003,81.103149,25050
2017-12-29,90.099998,92.699997,90.099998,91.000000,82.186928,69189
2018-01-02,91.800003,92.500000,91.099998,92.099998,83.180389,55050
2018-01-03,92.500000,93.400002,92.199997,92.199997,83.270706,69000
2018-01-04,92.000000,93.199997,92.000000,92.199997,83.270706,51070
2018-01-05,92.199997,92.199997,91.599998,91.699997,82.819130,44000
2018-01-08,92.000000,92.500000,90.800003,91.000000,82.186928,74000
2018-01-09,91.099998,91.199997,90.500000,90.500000,81.735352,49051
2018-01-10,90.699997,91.300003,90.300003,90.699997,81.915985,23000
2018-01-11,90.300003,91.000000,90.099998,90.099998,81.374092,36000
2018-01-12,90.099998,90.400002,90.000000,90.099998,81.374092,45030
2018-01-15,90.500000,91.000000,90.199997,90.199997,81.464401,70172
2018-01-16,90.900002,91.199997,90.400002,90.900002,82.096611,107000
2018-01-17,91.000000,91.000000,90.199997,90.599998,81.825668,100000
2018-01-18,92.000000,92.000000,90.500000,91.000000,82.186928,107200
2018-01-19,91.000000,91.000000,90.300003,90.400002,81.645035,110000
2018-01-22,90.199997,90.199997,89.199997,89.500000,80.832191,81200
2018-01-23,89.500000,89.900002,88.900002,89.000000,80.380623,108000
2018-01-24,89.000000,89.300003,88.800003,88.900002,80.290306,87000
2018-01-25,89.099998,90.900002,89.000000,90.099998,81.374092,45250
2018-01-26,90.300003,90.300003,89.199997,89.599998,80.922508,35211
2018-01-29,90.500000,91.000000,89.900002,90.300003,81.554726,29000
2018-01-30,90.300003,91.000000,89.400002,90.000000,81.283775,37000
2018-01-31,89.300003,89.900002,88.699997,89.400002,80.741890,54000
2018-02-01,90.599998,90.599998,89.300003,89.599998,80.922508,43000
2018-02-02,89.800003,89.800003,89.099998,89.199997,80.561249,54000
2018-02-05,88.300003,88.599998,87.500000,88.099998,79.567787,58000
2018-02-06,87.500000,87.500000,82.500000,83.000000,74.961700,187000
2018-02-07,85.000000,85.500000,83.699997,84.400002,76.226120,76330
2018-02-08,84.500000,84.500000,83.199997,84.300003,76.135803,66000
2018-02-09,80.500000,82.099998,80.500000,81.500000,73.606972,111000
2018-02-12,81.900002,83.699997,81.900002,83.099998,75.052017,66090
2018-02-21,84.000000,85.300003,84.000000,84.599998,76.406746,43000
2018-02-22,84.599998,85.000000,84.599998,85.000000,76.768013,24215
2018-02-23,85.199997,85.500000,84.599998,84.800003,76.587379,37004
2018-02-26,85.099998,85.500000,84.800003,84.800003,76.587379,74000
2018-02-27,85.000000,87.199997,85.000000,85.800003,77.490532,55000
2018-03-01,85.000000,88.400002,85.000000,87.900002,79.387154,100165
2018-03-02,87.000000,88.500000,86.800003,88.400002,79.838730,65301
2018-03-05,90.000000,93.500000,89.199997,93.000000,83.993233,377300
2018-03-06,93.000000,93.699997,91.099998,92.199997,83.270706,190113
2018-03-07,91.800003,91.800003,88.800003,88.800003,80.199997,167000
2018-03-08,89.800003,89.800003,89.000000,89.099998,80.470932,18000
2018-03-09,89.500000,89.500000,88.500000,88.500000,79.929047,45001
2018-03-12,88.599998,88.900002,87.000000,88.000000,79.477470,65000
2018-03-13,88.800003,88.800003,86.800003,88.099998,79.567787,43000
2018-03-14,88.800003,88.800003,87.800003,88.000000,79.477470,29050
2018-03-15,88.000000,88.199997,87.599998,87.699997,79.206520,39000
2018-03-16,87.500000,88.300003,86.900002,87.000000,78.574318,56000
2018-03-19,87.099998,87.099998,85.900002,85.900002,77.580849,105000
2018-03-20,85.800003,86.199997,85.400002,86.000000,77.671158,36022
2018-03-21,85.900002,87.900002,85.900002,86.900002,78.484001,102100
2018-03-22,87.300003,87.900002,86.800003,86.800003,78.393692,56000
2018-03-23,86.199997,86.199997,84.000000,85.500000,77.219589,44001
2018-03-26,85.500000,86.000000,85.199997,85.300003,77.038956,47050
2018-03-27,85.599998,86.500000,85.500000,85.500000,77.219589,49000
2018-03-28,85.199997,85.699997,85.000000,85.000000,76.768013,36050
2018-03-29,85.400002,86.199997,85.400002,86.000000,77.671158,60868
2018-03-30,86.199997,87.199997,86.099998,86.199997,77.851791,51022
2018-04-02,86.199997,86.500000,85.800003,86.199997,77.851791,38000
2018-04-03,86.300003,86.300003,85.800003,86.199997,77.851791,9000
2018-04-09,86.099998,86.099998,84.400002,84.800003,76.587379,58004
2018-04-10,85.800003,86.000000,85.000000,85.300003,77.038956,30003
2018-04-11,85.900002,86.000000,85.199997,85.199997,76.948639,25200
2018-04-12,85.199997,85.199997,84.300003,85.099998,76.858330,37000
2018-04-13,85.099998,85.199997,84.900002,85.000000,76.768013,38350
2018-04-16,86.000000,87.500000,85.500000,86.099998,77.761475,82085
2018-04-17,85.099998,85.800003,85.099998,85.800003,77.490532,32000
2018-04-18,85.699997,85.699997,84.699997,85.599998,77.309898,25500
2018-04-19,85.599998,85.900002,85.199997,85.699997,77.400215,22000
2018-04-20,85.900002,85.900002,85.199997,85.199997,76.948639,12000
2018-04-23,85.199997,86.000000,85.199997,85.699997,77.400215,25000
2018-04-24,85.699997,85.699997,84.699997,84.900002,76.677696,39000
2018-04-25,84.900002,84.900002,84.000000,84.400002,76.226120,15010
2018-04-26,84.900002,84.900002,84.000000,84.000000,75.864853,33000
2018-04-27,84.000000,84.000000,83.500000,83.599998,75.503593,21000
2018-04-30,83.199997,83.599998,83.000000,83.400002,75.322960,47000
2018-05-02,83.599998,83.599998,83.500000,83.500000,75.413277,63000
2018-05-03,83.500000,83.500000,82.000000,82.599998,74.600441,35000
2018-05-04,85.199997,86.900002,84.400002,86.500000,78.122734,332220
2018-05-07,87.099998,87.199997,85.300003,85.400002,77.129272,125352
2018-05-08,85.400002,85.400002,83.500000,83.699997,75.593910,68050
2018-05-09,83.000000,84.300003,83.000000,83.599998,75.503593,37000
2018-05-10,83.800003,83.800003,83.599998,83.699997,75.593910,14000
2018-05-11,83.800003,84.500000,83.500000,83.699997,75.593910,14000
2018-05-14,83.699997,84.500000,83.199997,83.199997,75.142334,80000
2018-05-15,83.400002,83.900002,82.099998,82.300003,74.329498,77173
2018-05-16,82.500000,83.699997,82.099998,83.500000,75.413277,46585
2018-05-17,85.199997,88.900002,85.099998,88.400002,79.838730,569460
2018-05-18,95.000000,95.400002,92.500000,94.199997,85.077019,1230373
2018-05-21,95.000000,96.099998,93.599998,94.300003,85.167336,709122
2018-05-22,94.000000,94.000000,90.900002,90.900002,82.096611,295273
2018-05-23,90.300003,93.300003,90.300003,91.400002,82.548187,193000
2018-05-24,92.400002,92.500000,89.199997,89.199997,80.561249,219340
2018-05-25,89.199997,90.300003,88.699997,88.699997,80.109673,139196
2018-05-28,88.800003,92.199997,88.000000,91.000000,82.186928,281463
2018-05-29,92.000000,92.800003,90.599998,90.599998,81.825668,293150
2018-05-30,90.599998,90.599998,89.900002,89.900002,81.193466,107070
2018-05-31,90.400002,90.599998,89.800003,89.900002,81.193466,75085
2018-06-01,89.900002,91.699997,88.599998,91.500000,82.638504,101300
2018-06-04,92.500000,93.800003,92.400002,92.900002,83.902924,267263
2018-06-05,93.500000,93.599998,91.800003,92.400002,83.451347,196392
2018-06-06,92.500000,93.500000,92.400002,93.199997,84.173859,239020
2018-06-07,93.599998,93.699997,91.900002,92.599998,83.631966,177220
2018-06-08,92.500000,93.199997,92.000000,93.000000,83.993233,220250
2018-06-11,93.000000,93.000000,93.000000,93.000000,83.993233,0
2018-06-12,88.900002,89.000000,84.699997,86.500000,82.327644,475350
2018-06-13,87.599998,87.599998,84.800003,84.800003,80.709648,146108
2018-06-14,85.400002,85.400002,84.900002,85.300003,81.185532,67289
2018-06-15,85.599998,85.900002,85.000000,85.000000,80.900002,100150
2018-06-19,86.000000,86.000000,83.500000,84.300003,80.233765,135000
2018-06-20,84.099998,84.900002,83.900002,83.900002,79.853058,105000
2018-06-21,83.900002,85.199997,83.900002,84.500000,80.424118,54120
2018-06-22,84.599998,85.199997,84.599998,84.699997,80.614464,52000
2018-06-25,85.300003,85.300003,84.400002,84.400002,80.328941,46010
2018-06-26,84.000000,84.400002,83.500000,84.099998,80.043411,64058
2018-06-27,84.099998,84.300003,83.500000,83.599998,79.567528,48050
2018-06-28,83.199997,83.199997,81.000000,81.000000,77.092941,180209
2018-06-29,81.000000,81.599998,81.000000,81.400002,77.473648,35000
2018-07-02,81.900002,82.500000,81.300003,82.300003,78.330238,39000
2018-07-03,81.800003,82.000000,81.400002,81.599998,77.664001,38200
2018-07-04,81.800003,82.000000,81.199997,81.599998,77.664001,31020
2018-07-05,81.400002,81.400002,80.500000,81.000000,77.092941,59000
2018-07-06,80.699997,81.000000,79.500000,79.800003,75.950829,64000
2018-07-09,79.599998,80.300003,79.199997,79.699997,75.855644,75070
2018-07-10,80.000000,80.599998,80.000000,80.599998,76.712234,22000
2018-07-11,80.000000,80.199997,79.900002,80.000000,76.141174,24000
2018-07-12,79.400002,80.300003,79.199997,80.000000,76.141174,24050
2018-07-13,80.199997,81.199997,80.000000,81.000000,77.092941,48000
2018-07-16,81.199997,81.199997,80.099998,80.199997,76.331528,37200
2018-07-17,81.500000,81.500000,80.500000,80.500000,76.617058,25270
2018-07-18,80.500000,81.199997,80.300003,80.800003,76.902588,30000
2018-07-19,80.800003,80.800003,80.300003,80.400002,76.521881,23040
2018-07-20,80.800003,80.800003,80.400002,80.400002,76.521881,14000
2018-07-23,80.599998,81.000000,80.400002,80.500000,76.617058,15000
2018-07-24,80.900002,80.900002,80.500000,80.599998,76.712234,21000
2018-07-25,80.599998,82.000000,80.599998,81.699997,77.759171,52000
2018-07-26,81.900002,81.900002,81.300003,81.500000,77.568825,18000
2018-07-27,81.500000,81.699997,81.500000,81.599998,77.664001,10000
2018-07-30,82.300003,82.300003,81.300003,81.400002,77.473648,20000
2018-07-31,81.400002,81.699997,81.099998,81.500000,77.568825,15000
2018-08-01,81.500000,81.900002,81.199997,81.900002,77.949532,23100
2018-08-02,83.199997,84.199997,82.699997,83.000000,78.996468,137400
2018-08-03,83.400002,86.699997,82.599998,86.000000,81.851761,198000
2018-08-06,88.000000,89.500000,86.699997,86.699997,82.517998,317205
2018-08-07,87.000000,87.199997,85.500000,85.800003,81.661415,109095
2018-08-08,85.000000,85.599998,85.000000,85.199997,81.090347,71300
2018-08-09,85.199997,85.400002,85.000000,85.400002,81.280708,28300
2018-08-10,85.199997,85.400002,84.500000,84.500000,80.424118,77000
2018-08-13,89.500000,89.500000,85.800003,86.199997,82.042114,244209
2018-08-14,87.000000,87.199997,86.000000,86.400002,82.232475,94150
2018-08-15,86.400002,86.400002,84.900002,84.900002,80.804825,176000
2018-08-16,84.699997,85.099998,84.099998,84.099998,80.043411,88000
2018-08-17,84.599998,86.199997,84.599998,85.199997,81.090347,44000
2018-08-20,84.800003,85.699997,84.800003,85.099998,80.995178,28000
2018-08-21,87.000000,87.000000,85.400002,85.400002,81.280708,30000
2018-08-22,85.400002,86.000000,85.099998,85.400002,81.280708,41000
2018-08-23,85.900002,86.000000,85.500000,85.900002,81.756592,37000
2018-08-24,85.300003,85.500000,84.699997,85.500000,81.375885,33000
2018-08-27,86.000000,86.500000,85.300003,85.400002,81.280708,40000
2018-08-28,85.800003,85.800003,85.300003,85.800003,81.661415,36000
2018-08-29,86.000000,86.000000,85.099998,86.000000,81.851761,37200
2018-08-30,86.199997,86.500000,85.699997,85.699997,81.566231,40000
2018-08-31,86.099998,86.099998,85.199997,85.300003,81.185532,29117
2018-09-03,85.000000,85.300003,84.699997,84.699997,80.614464,62408
2018-09-04,85.000000,85.400002,84.599998,85.000000,80.900002,51000
2018-09-05,85.000000,85.000000,84.699997,84.699997,80.614464,44000
2018-09-06,84.699997,85.199997,84.400002,85.199997,81.090347,37000
2018-09-07,85.500000,86.400002,85.500000,86.000000,81.851761,106034
2018-09-10,87.000000,87.400002,84.599998,85.000000,80.900002,90018
2018-09-11,85.199997,85.199997,84.199997,84.599998,80.519295,59000
2018-09-12,84.699997,85.099998,84.599998,85.099998,80.995178,26080
2018-09-13,85.599998,85.699997,85.099998,85.500000,81.375885,28000
2018-09-14,85.500000,85.800003,85.400002,85.500000,81.375885,38050
2018-09-17,85.599998,86.199997,85.599998,86.000000,81.851761,60000
2018-09-18,85.800003,85.800003,84.599998,84.900002,80.804825,46000
2018-09-19,85.800003,85.800003,85.000000,85.400002,81.280708,23017
2018-09-20,85.800003,85.900002,85.000000,85.000000,80.900002,28000
2018-09-21,84.500000,84.900002,84.300003,84.900002,80.804825,36250
2018-09-25,84.900002,84.900002,84.500000,84.599998,80.519295,19015
2018-09-26,84.599998,84.699997,84.599998,84.599998,80.519295,17200
2018-09-27,85.500000,85.500000,84.300003,84.500000,80.424118,26000
2018-09-28,84.500000,84.500000,83.800003,83.900002,79.853058,61016
2018-10-01,83.900002,85.400002,83.900002,85.400002,81.280708,29132
2018-10-02,85.000000,85.900002,85.000000,85.500000,81.375885,26000
2018-10-03,85.500000,85.900002,85.500000,85.500000,81.375885,22011
2018-10-04,85.500000,85.599998,84.800003,85.400002,81.280708,79500
2018-10-05,84.800003,85.400002,83.400002,84.900002,80.804825,47000
2018-10-08,85.800003,85.800003,83.300003,83.599998,79.567528,43000
2018-10-09,84.900002,85.000000,83.599998,84.500000,80.424118,51118
2018-10-11,79.099998,80.000000,77.000000,77.599998,73.856941,135276
2018-10-12,74.199997,78.400002,74.199997,78.199997,74.427994,70486
2018-10-15,78.199997,79.599998,77.599998,78.199997,74.427994,52000
2018-10-16,78.900002,78.900002,78.000000,78.599998,74.808701,24000
2018-10-17,79.699997,79.699997,78.199997,78.199997,74.427994,13000
2018-10-18,78.800003,78.800003,77.500000,77.500000,73.761765,15000
2018-10-19,76.000000,76.800003,75.900002,76.800003,73.095535,23000
2018-10-22,77.800003,78.099998,77.800003,78.000000,74.237648,21000
2018-10-23,78.500000,78.500000,76.400002,77.900002,74.142471,6000
2018-10-24,76.099998,77.300003,76.099998,77.099998,73.381058,14132
2018-10-25,77.000000,77.000000,74.900002,75.199997,71.572701,41432
2018-10-26,77.500000,77.500000,75.199997,75.199997,71.572701,17000
2018-10-29,76.300003,76.800003,75.500000,75.699997,72.048584,19000
2018-10-30,75.500000,75.699997,74.300003,75.500000,71.858238,35000
2018-10-31,76.500000,76.800003,76.199997,76.199997,72.524467,21010
2018-11-01,76.300003,78.199997,76.300003,77.500000,73.761765,29058
2018-11-02,77.599998,78.300003,77.500000,77.900002,74.142471,30000
2018-11-05,77.900002,78.699997,77.000000,77.599998,73.856941,35018
2018-11-06,78.400002,79.300003,77.500000,77.900002,74.142471,92040
2018-11-07,78.400002,79.099998,78.300003,78.800003,74.999062,44000
2018-11-08,78.800003,79.699997,78.800003,79.000000,75.189415,82000
2018-11-09,79.500000,79.599998,79.000000,79.599998,75.760468,15020
2018-11-12,79.599998,79.800003,79.099998,79.699997,75.855644,51000
2018-11-13,75.599998,75.599998,72.000000,74.199997,70.620941,315001
2018-11-14,74.199997,74.199997,73.599998,73.800003,70.240234,50000
2018-11-15,74.099998,74.099998,72.300003,73.000000,69.478821,65060
2018-11-16,72.900002,73.300003,72.000000,72.300003,68.812592,86000
2018-11-19,72.500000,72.500000,72.000000,72.099998,68.622231,55000
2018-11-20,72.400002,72.400002,71.699997,71.900002,68.431885,46000
2018-11-21,71.900002,72.000000,71.699997,71.900002,68.431885,31000
2018-11-22,71.900002,72.099998,71.599998,71.800003,68.336708,39050
2018-11-23,71.699997,72.000000,71.300003,72.000000,68.527061,41080
2018-11-26,72.099998,72.199997,71.900002,71.900002,68.431885,32050
2018-11-27,72.000000,72.199997,71.800003,72.199997,68.717407,24105
2018-11-28,72.199997,72.800003,72.199997,72.199997,68.717407,32071
2018-11-29,72.800003,73.000000,72.199997,72.400002,68.907768,67184
2018-11-30,72.400002,73.000000,72.400002,72.400002,68.907768,50200
2018-12-03,72.800003,74.300003,72.800003,73.699997,70.145058,96200
2018-12-04,73.000000,73.699997,73.000000,73.300003,69.764359,44200
2018-12-05,73.000000,73.199997,72.300003,72.800003,69.288475,28200
2018-12-06,72.599998,72.599998,71.500000,71.699997,68.241524,77021
2018-12-07,72.000000,72.300003,71.599998,72.199997,68.717407,19151
2018-12-10,71.599998,72.000000,71.300003,71.500000,68.051178,39149
2018-12-11,71.599998,72.199997,71.599998,72.099998,68.622231,12000
2018-12-12,72.500000,72.599998,72.199997,72.400002,68.907768,26000
2018-12-13,75.099998,76.000000,75.000000,75.199997,71.572701,205218
2018-12-14,75.300003,75.300003,74.000000,74.099998,70.525764,56000
2018-12-17,73.300003,75.000000,73.300003,74.199997,70.620941,45079
2018-12-18,74.199997,74.599998,74.099998,74.099998,70.525764,33000
2018-12-19,74.300003,74.500000,74.000000,74.000000,70.430588,29000
2018-12-20,74.000000,74.000000,73.099998,73.500000,69.954704,11000
2018-12-21,73.000000,73.300003,72.800003,73.199997,69.669174,19120
2018-12-24,73.199997,74.199997,73.199997,74.199997,70.620941,16000
2018-12-25,73.000000,73.599998,73.000000,73.199997,69.669174,24000
2018-12-26,73.599998,73.599998,72.300003,72.300003,68.812592,26000
2018-12-27,72.300003,73.300003,72.300003,72.599998,69.098114,20000
2018-12-28,73.000000,73.000000,72.300003,72.599998,69.098114,44000
2019-01-02,72.699997,73.000000,72.599998,72.599998,69.098114,16250
2019-01-03,72.599998,72.599998,72.000000,72.199997,68.717407,14000
2019-01-04,72.199997,73.000000,72.099998,73.000000,69.478821,12000
2019-01-07,73.099998,73.599998,73.099998,73.199997,69.669174,27000
2019-01-08,72.900002,73.500000,72.900002,72.900002,69.383652,21000
2019-01-09,72.500000,73.099998,72.500000,72.900002,69.383652,27000
2019-01-10,73.099998,73.599998,73.099998,73.500000,69.954704,18003
2019-01-11,73.400002,73.500000,73.000000,73.199997,69.669174,33000
2019-01-14,73.199997,73.199997,72.900002,73.000000,69.478821,19000
2019-01-15,73.000000,73.400002,72.599998,72.800003,69.288475,41050
2019-01-16,72.800003,73.500000,72.800003,73.000000,69.478821,19000
2019-01-17,73.500000,73.500000,72.300003,72.500000,69.002937,49000
2019-01-18,73.199997,73.400002,72.599998,72.599998,69.098114,33000
2019-01-21,72.699997,72.900002,72.500000,72.699997,69.193291,44000
2019-01-22,73.500000,74.099998,73.000000,73.099998,69.573997,40000
2019-01-23,72.800003,73.199997,72.800003,73.199997,69.669174,7000
2019-01-24,73.599998,74.500000,73.500000,74.300003,70.716118,45000
2019-01-25,74.500000,74.800003,74.000000,74.800003,71.192001,38000
2019-01-28,75.500000,75.500000,74.599998,74.800003,71.192001,48000
2019-01-29,74.599998,75.000000,74.500000,75.000000,71.382355,24000
2019-01-30,75.300003,75.400002,74.599998,74.800003,71.192001,38300
2019-02-11,75.199997,75.199997,74.699997,74.699997,71.096817,38004
2019-02-12,74.699997,75.300003,74.699997,75.000000,71.382355,21050
2019-02-13,75.599998,77.300003,75.599998,77.000000,73.285881,102143
2019-02-14,77.099998,77.199997,76.599998,76.900002,73.190704,54000
2019-02-15,77.500000,78.500000,77.500000,78.000000,74.237648,79252
2019-02-18,78.800003,79.800003,78.099998,78.199997,74.427994,125200
2019-02-19,78.000000,78.300003,77.800003,77.800003,74.047295,40003
2019-02-20,78.699997,78.800003,78.199997,78.599998,74.808701,29157
2019-02-21,78.599998,79.099998,78.300003,78.599998,74.808701,123000
2019-02-22,78.699997,78.699997,77.599998,77.599998,73.856941,115218
2019-02-25,77.599998,78.400002,77.000000,77.099998,73.381058,77133
2019-02-26,77.099998,77.300003,76.900002,77.000000,73.285881,48000
2019-02-27,77.000000,77.300003,76.400002,77.300003,73.571411,47000
2019-03-04,77.300003,77.800003,77.300003,77.699997,73.952118,35100
2019-03-05,77.699997,77.800003,77.199997,77.400002,73.666588,17088
2019-03-06,77.199997,77.300003,77.000000,77.000000,73.285881,34000
2019-03-07,77.599998,78.400002,77.000000,77.000000,73.285881,52130
2019-03-08,76.199997,76.300003,75.800003,76.099998,72.429291,24000
2019-03-11,76.099998,76.199997,75.599998,75.699997,72.048584,36000
2019-03-12,76.400002,76.400002,75.500000,75.500000,71.858238,41000
2019-03-13,75.300003,76.099998,75.199997,75.199997,71.572701,28000
2019-03-14,76.099998,76.300003,75.300003,75.300003,71.667885,27000
2019-03-15,75.599998,76.099998,75.599998,75.599998,71.953407,26030
2019-03-18,76.400002,77.000000,75.900002,77.000000,73.285881,44065
2019-03-19,77.300003,77.500000,76.300003,76.400002,72.714828,58000
2019-03-20,77.300003,77.300003,76.300003,77.000000,73.285881,35100
2019-03-21,76.900002,77.500000,76.699997,77.500000,73.761765,46230
2019-03-22,77.599998,77.699997,76.599998,76.800003,73.095535,35367
2019-03-25,75.800003,76.199997,75.800003,75.900002,72.238945,12090
2019-03-26,76.199997,76.400002,76.199997,76.199997,72.524467,18318
2019-03-27,75.900002,75.900002,75.199997,75.599998,71.953407,17000
2019-03-28,75.400002,75.699997,75.400002,75.699997,72.048584,21000
2019-03-29,75.500000,76.000000,75.500000,76.000000,72.334114,9100
2019-04-01,76.099998,76.300003,76.000000,76.199997,72.524467,16000
2019-04-02,76.000000,76.199997,75.400002,75.900002,72.238945,29050
2019-04-03,75.699997,76.099998,75.699997,76.000000,72.334114,9000
2019-04-08,76.199997,76.800003,76.199997,76.800003,73.095535,39000
2019-04-09,76.800003,77.000000,76.300003,77.000000,73.285881,19000
2019-04-10,77.000000,77.199997,77.000000,77.199997,73.476234,14000
2019-04-11,78.500000,79.400002,78.099998,78.099998,74.332825,234020
2019-04-12,78.099998,78.699997,78.000000,78.400002,74.618355,58000
2019-04-15,79.400002,79.400002,78.400002,78.599998,74.808701,53160
2019-04-16,78.800003,78.800003,78.500000,78.599998,74.808701,50200
2019-04-17,78.599998,79.900002,78.500000,79.300003,75.474945,144000
2019-04-18,80.000000,80.800003,78.199997,78.199997,74.427994,139000
2019-04-19,78.800003,78.800003,78.099998,78.300003,74.523178,54000
2019-04-22,78.599998,80.300003,78.400002,78.500000,74.713531,103200
2019-04-23,78.500000,78.599998,78.300003,78.400002,74.618355,17200
2019-04-24,78.400002,79.400002,78.400002,78.800003,74.999062,70026
2019-04-25,78.800003,79.199997,78.599998,78.599998,74.808701,22000
2019-04-26,78.199997,78.599998,78.099998,78.400002,74.618355,66058
2019-04-29,78.699997,78.800003,78.400002,78.400002,74.618355,124000
2019-04-30,78.199997,78.500000,78.199997,78.199997,74.427994,77042
2019-05-02,79.199997,82.300003,79.199997,82.000000,78.044708,312739
2019-05-03,82.300003,83.300003,81.699997,82.099998,78.139877,187003
2019-05-06,82.199997,82.199997,80.000000,80.099998,76.236351,113000
2019-05-07,80.900002,81.599998,80.599998,81.500000,77.568825,67100
2019-05-08,80.599998,81.500000,80.099998,81.500000,77.568825,76040
2019-05-09,80.800003,81.099998,80.099998,80.500000,76.617058,117404
2019-05-10,80.500000,81.099998,78.599998,80.099998,76.236351,83050
2019-05-13,79.500000,79.599998,78.900002,79.500000,75.665291,45040
2019-05-14,77.400002,79.800003,77.400002,79.800003,75.950829,70000
2019-05-15,79.900002,80.099998,79.800003,80.000000,76.141174,37000
2019-05-16,80.000000,80.400002,79.800003,80.099998,76.236351,29061
2019-05-17,80.099998,80.500000,78.800003,79.800003,75.950829,40193
2019-05-20,80.000000,80.099998,79.699997,79.900002,76.045998,23300
2019-05-21,79.800003,79.900002,79.300003,79.900002,76.045998,26040
2019-05-22,80.000000,80.400002,79.900002,80.000000,76.141174,35020
2019-05-23,80.000000,80.000000,78.699997,78.800003,74.999062,22100
2019-05-24,78.800003,79.000000,78.699997,78.900002,75.094238,17000
2019-05-27,78.900002,79.000000,78.800003,79.000000,75.189415,5120
2019-05-28,79.199997,79.900002,79.000000,79.900002,76.045998,13100
2019-05-29,79.900002,80.000000,79.000000,80.000000,76.141174,26022
2019-05-30,80.800003,81.400002,80.500000,81.400002,77.473648,88150
2019-05-31,81.500000,82.199997,81.099998,81.099998,77.188118,112000
2019-06-03,80.199997,81.000000,79.500000,80.800003,76.902588,47165
2019-06-04,81.400002,81.400002,79.800003,80.900002,76.997765,108000
2019-06-05,81.000000,82.000000,80.599998,80.599998,76.712234,77000
2019-06-06,80.500000,81.000000,80.199997,80.800003,76.902588,83000
2019-06-10,81.500000,82.300003,81.400002,81.400002,77.473648,140003
2019-06-11,82.000000,82.000000,81.300003,81.300003,77.378471,76100
2019-06-12,81.300003,81.500000,81.199997,81.500000,77.568825,52120
2019-06-13,81.400002,81.400002,81.000000,81.000000,77.092941,23000
2019-06-14,81.099998,82.300003,81.099998,81.599998,77.664001,79190
2019-06-17,81.500000,81.900002,81.199997,81.199997,77.283295,59300
2019-06-18,81.800003,81.900002,81.300003,81.900002,77.949532,61000
2019-06-19,82.300003,82.400002,81.699997,82.400002,78.425415,107080
2019-06-20,82.400002,82.599998,82.000000,82.400002,78.425415,87000
2019-06-21,82.500000,84.000000,82.400002,84.000000,79.948235,147252
2019-06-24,84.500000,85.500000,84.500000,85.199997,81.090347,231379
2019-06-25,85.400002,85.800003,84.599998,84.900002,80.804825,116290
2019-06-26,84.900002,84.900002,84.199997,84.900002,80.804825,70000
2019-06-27,85.000000,85.500000,84.800003,85.000000,80.900002,101000
2019-06-28,85.000000,85.199997,84.500000,84.699997,80.614464,106080
2019-07-01,86.199997,86.199997,84.599998,85.000000,80.900002,211118
2019-07-02,81.000000,81.699997,80.900002,81.500000,81.500000,155145
2019-07-03,82.099998,84.699997,82.000000,83.300003,83.300003,208204
2019-07-04,84.000000,84.099998,82.900002,83.000000,83.000000,115100
2019-07-05,82.500000,82.800003,82.300003,82.800003,82.800003,50200
2019-07-08,82.500000,82.599998,82.000000,82.000000,82.000000,72663
2019-07-09,81.500000,81.599998,81.099998,81.500000,81.500000,58030
2019-07-10,81.000000,83.000000,81.000000,82.900002,82.900002,60316
2019-07-11,82.900002,82.900002,82.199997,82.599998,82.599998,30130
2019-07-12,82.599998,82.800003,82.300003,82.300003,82.300003,50030
2019-07-15,82.300003,82.800003,81.800003,82.599998,82.599998,34000
2019-07-16,82.900002,83.599998,82.900002,83.099998,83.099998,68000
2019-07-17,83.099998,83.099998,82.300003,83.000000,83.000000,55010
2019-07-18,83.000000,83.000000,82.699997,82.699997,82.699997,17000
2019-07-19,83.199997,83.199997,82.400002,82.400002,82.400002,31000
2019-07-22,82.699997,83.199997,82.199997,82.199997,82.199997,68090
2019-07-23,82.500000,83.099998,82.099998,83.099998,83.099998,47350
2019-07-24,83.199997,83.699997,83.099998,83.300003,83.300003,67030
2019-07-25,83.300003,83.800003,83.199997,83.699997,83.699997,35000
2019-07-26,83.699997,84.699997,83.699997,84.000000,84.000000,63120
2019-07-29,84.500000,84.900002,84.099998,84.599998,84.599998,57320
2019-07-30,85.000000,85.400002,83.699997,83.699997,83.699997,85319
2019-07-31,83.699997,83.699997,83.400002,83.500000,83.500000,29230
2019-08-01,83.500000,83.500000,83.000000,83.500000,83.500000,18061
2019-08-02,82.500000,82.500000,81.000000,82.000000,82.000000,49641
2019-08-05,82.000000,82.000000,79.599998,80.199997,80.199997,59039
2019-08-06,80.000000,80.199997,78.500000,79.900002,79.900002,46126
2019-08-07,80.199997,80.800003,79.199997,79.199997,79.199997,68474
2019-08-08,78.599998,78.699997,75.800003,76.599998,76.599998,267644
2019-08-12,75.599998,75.599998,73.800003,74.500000,74.500000,269326
2019-08-13,74.500000,75.000000,73.800003,74.599998,74.599998,101000
2019-08-14,75.300003,75.300003,74.800003,74.800003,74.800003,53000
2019-08-15,74.000000,74.300003,73.900002,74.000000,74.000000,45000
2019-08-16,74.000000,74.699997,74.000000,74.500000,74.500000,27040
2019-08-19,74.500000,74.500000,73.800003,74.500000,74.500000,33000
2019-08-20,74.500000,74.500000,74.000000,74.099998,74.099998,34000
2019-08-21,74.099998,75.300003,74.099998,75.300003,75.300003,41000
2019-08-22,75.599998,75.599998,74.800003,75.000000,75.000000,20000
2019-08-23,75.099998,75.199997,74.699997,75.000000,75.000000,12000
2019-08-26,73.800003,74.599998,73.800003,74.300003,74.300003,25000
2019-08-27,74.300003,74.800003,74.300003,74.599998,74.599998,17000
2019-08-28,74.699997,75.000000,74.699997,74.699997,74.699997,10000
2019-08-29,74.699997,75.000000,74.599998,74.900002,74.900002,22090
2019-08-30,76.000000,77.000000,75.000000,75.300003,75.300003,47000
2019-09-02,75.400002,75.400002,73.900002,74.199997,74.199997,96192
2019-09-03,74.099998,74.099998,73.800003,73.900002,73.900002,41000
2019-09-04,73.699997,74.800003,73.699997,74.800003,74.800003,58000
2019-09-05,74.699997,74.800003,74.300003,74.500000,74.500000,52000
2019-09-06,74.699997,75.000000,74.099998,74.400002,74.400002,44000
2019-09-10,74.099998,74.699997,74.099998,74.699997,74.699997,16000
2019-09-11,74.699997,74.699997,74.599998,74.699997,74.699997,27000
2019-09-12,75.000000,75.599998,74.900002,75.400002,75.400002,32020
2019-09-16,75.400002,75.900002,75.400002,75.500000,75.500000,24000
2019-09-17,75.500000,75.599998,75.300003,75.400002,75.400002,30000
2019-09-18,75.500000,76.400002,75.500000,76.300003,76.300003,53000
2019-09-19,76.199997,76.199997,76.199997,76.199997,76.199997,6000
2019-09-20,76.099998,76.099998,75.300003,75.300003,75.300003,22000
2019-09-23,75.300003,75.300003,74.900002,75.000000,75.000000,20000
2019-09-24,75.000000,75.300003,75.000000,75.000000,75.000000,21000
2019-09-25,75.099998,75.099998,74.199997,74.300003,74.300003,15000
2019-09-26,74.800003,75.699997,74.300003,74.300003,74.300003,29000
2019-09-27,74.500000,74.500000,73.699997,73.800003,73.800003,74003
2019-10-01,74.099998,74.300003,73.699997,74.099998,74.099998,19136
2019-10-02,73.699997,74.199997,73.699997,74.199997,74.199997,8150
2019-10-03,74.400002,74.500000,74.000000,74.199997,74.199997,22000
2019-10-04,74.199997,74.199997,73.699997,73.699997,73.699997,37000
2019-10-07,73.800003,74.000000,73.800003,73.900002,73.900002,18000
2019-10-08,74.000000,74.099998,73.800003,73.800003,73.800003,15000
2019-10-09,73.000000,73.000000,70.000000,71.000000,71.000000,280390
2019-10-14,71.500000,71.500000,70.400002,70.800003,70.800003,76100
2019-10-15,70.699997,71.000000,70.500000,70.800003,70.800003,64025
2019-10-16,71.000000,73.199997,71.000000,73.099998,73.099998,84005
2019-10-17,73.099998,73.900002,71.099998,72.800003,72.800003,39100
2019-10-18,72.699997,73.000000,72.000000,72.400002,72.400002,24000
2019-10-21,72.199997,72.199997,72.000000,72.099998,72.099998,14054
2019-10-22,72.199997,72.500000,72.000000,72.300003,72.300003,19000
2019-10-23,72.599998,72.599998,71.500000,71.599998,71.599998,28000
2019-10-24,71.800003,72.300003,71.800003,72.099998,72.099998,23000
2019-10-25,72.099998,72.099998,71.500000,71.599998,71.599998,41050
2019-10-28,71.500000,71.599998,70.699997,71.000000,71.000000,63008
2019-10-29,71.000000,71.500000,71.000000,71.000000,71.000000,54000
2019-10-30,71.800003,71.900002,71.300003,71.400002,71.400002,10000
2019-10-31,71.699997,71.699997,71.300003,71.500000,71.500000,20000
2019-11-01,71.199997,71.800003,71.199997,71.800003,71.800003,14000
2019-11-04,71.400002,71.800003,71.400002,71.599998,71.599998,49000
2019-11-05,71.800003,71.800003,71.500000,71.500000,71.500000,35000
2019-11-06,71.699997,72.199997,71.000000,71.400002,71.400002,60000
2019-11-07,72.199997,72.199997,70.800003,70.900002,70.900002,75000
2019-11-08,71.300003,73.900002,71.099998,73.099998,73.099998,53050
2019-11-11,73.199997,73.199997,71.099998,71.500000,71.500000,73000
2019-11-12,72.199997,72.199997,71.500000,71.500000,71.500000,12000
2019-11-13,71.500000,71.500000,71.000000,71.000000,71.000000,108000
2019-11-14,71.000000,71.500000,71.000000,71.099998,71.099998,27000
2019-11-15,71.199997,71.800003,71.199997,71.800003,71.800003,22000
2019-11-18,72.000000,72.000000,71.800003,71.900002,71.900002,12013
2019-11-19,72.000000,72.300003,71.900002,72.300003,72.300003,19000
2019-11-20,72.300003,72.500000,72.099998,72.199997,72.199997,60053
2019-11-21,72.199997,72.500000,72.099998,72.199997,72.199997,26000
2019-11-22,72.199997,72.300003,72.000000,72.300003,72.300003,28004
2019-11-25,73.300003,73.300003,72.500000,72.599998,72.599998,19000
2019-11-26,72.599998,72.599998,72.000000,72.300003,72.300003,22000
2019-11-27,72.500000,72.800003,72.500000,72.699997,72.699997,10000
2019-11-28,72.699997,73.099998,72.699997,73.099998,73.099998,13000
2019-11-29,72.500000,72.599998,72.000000,72.000000,72.000000,37000
2019-12-02,72.400002,72.599998,72.099998,72.300003,72.300003,31000
2019-12-03,72.199997,72.400002,72.199997,72.300003,72.300003,8000
2019-12-04,72.099998,72.300003,72.099998,72.300003,72.300003,4000
2019-12-05,72.500000,72.500000,72.199997,72.500000,72.500000,14020
2019-12-06,72.400002,72.400002,72.099998,72.400002,72.400002,16000
2019-12-09,72.400002,72.500000,72.199997,72.300003,72.300003,8000
2019-12-10,72.199997,72.500000,72.199997,72.199997,72.199997,21212
2019-12-11,72.199997,72.199997,72.000000,72.199997,72.199997,19903
2019-12-12,72.199997,72.500000,72.000000,72.099998,72.099998,17640
2019-12-13,72.000000,72.000000,71.300003,71.300003,71.300003,32116
2019-12-16,71.300003,71.900002,71.300003,71.800003,71.800003,400
2019-12-17,71.800003,72.199997,71.800003,71.900002,71.900002,18010
2019-12-18,71.900002,72.099998,71.900002,72.099998,72.099998,23024
2019-12-19,72.099998,72.199997,71.900002,72.199997,72.199997,14000
2019-12-20,72.300003,72.599998,72.099998,72.199997,72.199997,18150
2019-12-23,72.599998,72.599998,72.099998,72.099998,72.099998,19000
2019-12-24,72.000000,72.500000,72.000000,72.500000,72.500000,19002
2019-12-25,72.500000,72.699997,72.300003,72.599998,72.599998,31350
2019-12-26,72.500000,72.500000,72.199997,72.500000,72.500000,8095
2019-12-27,72.599998,72.699997,72.199997,72.300003,72.300003,21000
2019-12-30,72.400002,72.400002,72.000000,72.000000,72.000000,25128
2019-12-31,72.000000,72.199997,71.599998,72.099998,72.099998,12000
2020-01-02,72.099998,72.699997,71.900002,72.699997,72.699997,29043
2020-01-03,72.599998,72.699997,72.300003,72.699997,72.699997,15150
2020-01-06,72.599998,73.099998,71.900002,72.500000,72.500000,32002
2020-01-07,72.599998,72.699997,72.000000,72.699997,72.699997,34000
2020-01-08,72.699997,73.000000,72.699997,73.000000,73.000000,33005
2020-01-09,72.800003,72.900002,72.800003,72.900002,72.900002,7010
2020-01-10,73.300003,73.300003,72.800003,72.900002,72.900002,15000
2020-01-13,73.199997,73.199997,72.699997,72.900002,72.900002,18013
2020-01-14,73.099998,73.099998,72.900002,73.000000,73.000000,38000
2020-01-15,73.099998,73.099998,72.199997,72.300003,72.300003,30100
2020-01-16,72.400002,72.500000,72.300003,72.500000,72.500000,30000
2020-01-17,72.599998,72.599998,72.400002,72.500000,72.500000,10100
2020-01-20,73.000000,73.000000,72.400002,72.400002,72.400002,33200
2020-01-30,71.599998,71.900002,70.000000,70.500000,70.500000,93000
2020-01-31,70.500000,71.099998,70.500000,70.800003,70.800003,18000
2020-02-03,70.599998,70.599998,69.099998,70.000000,70.000000,62000
2020-02-04,71.300003,71.300003,70.000000,70.000000,70.000000,53000
2020-02-05,70.099998,70.199997,69.699997,69.699997,69.699997,23000
2020-02-06,69.699997,70.300003,69.699997,70.300003,70.300003,44000
2020-02-07,70.000000,70.000000,69.599998,69.699997,69.699997,28000
2020-02-10,69.099998,70.000000,69.099998,69.500000,69.500000,23031
2020-02-11,69.599998,70.099998,69.500000,70.099998,70.099998,12007
2020-02-12,70.300003,70.800003,70.300003,70.800003,70.800003,20000
2020-02-13,71.099998,71.099998,70.300003,70.500000,70.500000,15290
2020-02-14,70.599998,71.000000,70.599998,70.599998,70.599998,11213
2020-02-17,70.300003,70.300003,70.099998,70.099998,70.099998,5000
2020-02-18,70.099998,70.300003,69.900002,70.000000,70.000000,33000
2020-02-19,70.599998,70.599998,69.900002,70.199997,70.199997,9000
2020-02-20,70.199997,70.199997,69.900002,69.900002,69.900002,27207
2020-02-21,69.699997,69.900002,69.199997,69.699997,69.699997,25000
2020-02-24,69.800003,69.800003,69.300003,69.300003,69.300003,29555
2020-02-25,69.199997,70.599998,69.199997,70.599998,70.599998,41000
2020-02-26,70.400002,71.199997,70.400002,70.900002,70.900002,43150
2020-02-27,71.599998,71.599998,70.000000,70.000000,70.000000,40050
2020-03-02,70.800003,70.800003,69.500000,70.000000,70.000000,37256
2020-03-03,70.199997,70.500000,70.199997,70.500000,70.500000,19000
2020-03-04,70.000000,70.400002,69.800003,70.400002,70.400002,11000
2020-03-05,70.699997,70.699997,70.400002,70.699997,70.699997,34000
2020-03-06,70.400002,70.400002,69.699997,70.000000,70.000000,26057
2020-03-09,70.099998,71.000000,69.500000,69.699997,69.699997,52000
2020-03-10,68.199997,69.599998,68.199997,69.000000,69.000000,50477
2020-03-11,69.099998,69.400002,69.000000,69.000000,69.000000,20000
2020-03-12,68.099998,68.099998,66.500000,66.500000,66.500000,54300
2020-03-13,61.599998,62.700001,61.000000,62.700001,62.700001,75000
2020-03-16,63.000000,63.000000,62.000000,62.099998,62.099998,73050
2020-03-17,60.200001,61.200001,60.099998,60.700001,60.700001,92030
2020-03-18,60.799999,60.900002,59.700001,60.200001,60.200001,115041
2020-03-19,59.200001,59.200001,54.299999,54.400002,54.400002,158000
2020-03-20,56.500000,57.500000,56.200001,56.200001,56.200001,39000
2020-03-23,55.599998,56.200001,54.900002,55.599998,55.599998,44020
2020-03-24,56.700001,59.400002,56.200001,56.400002,56.400002,14000
2020-03-25,58.900002,60.200001,58.000000,58.200001,58.200001,85000
2020-03-26,57.500000,58.799999,57.500000,58.799999,58.799999,28037
2020-03-27,59.299999,60.099998,59.000000,59.299999,59.299999,46010
2020-03-30,58.799999,60.700001,58.799999,59.500000,59.500000,60023
2020-03-31,59.500000,60.000000,59.000000,59.700001,59.700001,70000
2020-04-01,60.099998,60.500000,60.000000,60.500000,60.500000,15040