Date,Open,High,Low,Close,Adj Close,Volume
2016-11-30,82.902702,83.723503,63.835098,82.902702,76.506287,104738
2016-12-01,74.612396,82.894402,74.612396,74.612396,68.855629,64008
2016-12-02,77.099503,77.099503,77.099503,77.099503,71.150848,301
2016-12-05,72.539902,77.099503,72.539902,72.539902,66.943039,8202
2016-12-06,75.441498,77.663300,74.612396,75.441498,69.620758,37574
2016-12-07,75.027000,75.441498,75.027000,75.027000,69.238243,5307
2016-12-08,74.446602,75.441498,74.197899,74.446602,68.702621,11398
2016-12-09,74.529503,75.690201,74.529503,74.529503,68.779129,22194
2016-12-12,73.783401,74.612396,73.783401,73.783401,68.090599,2412
2016-12-13,76.602097,76.602097,72.954399,76.602097,70.691811,8202
2016-12-14,75.027000,77.091202,74.612396,75.027000,69.238243,14354
2016-12-15,74.604202,74.604202,71.304604,74.604202,68.848061,39867
2016-12-16,74.197899,78.707802,74.197899,74.197899,68.473114,63085
2016-12-19,75.856003,75.856003,73.385498,75.856003,70.003281,9022
2016-12-20,75.856003,75.856003,75.856003,75.856003,70.003281,0
2016-12-21,73.775101,76.684998,72.125397,73.775101,68.082939,62868
2016-12-22,68.129501,73.775101,68.129501,68.129501,62.872921,38671
2016-12-23,70.052803,70.682899,70.052803,70.052803,64.647835,5428
2016-12-26,73.733704,73.733704,72.954399,73.733704,68.044724,8443
2016-12-27,74.032097,75.441498,73.783401,74.032097,68.320107,72434
2016-12-28,76.684998,83.723503,76.270500,76.684998,70.768318,122052
2016-12-29,77.945099,79.395897,74.612396,77.945099,71.931198,28949
2016-12-30,80.415604,81.982498,78.011497,80.415604,74.211082,11519
2017-01-03,78.757599,82.073700,78.343102,78.757599,72.681000,115822
2017-01-04,84.643700,84.643700,73.783401,84.643700,78.112961,63207
2017-01-05,81.252998,85.083099,80.001099,81.252998,74.983871,194227
2017-01-06,81.244698,82.073700,78.774200,81.244698,74.976212,17152
2017-01-09,83.723503,87.047897,78.774200,83.723503,77.263771,85521
2017-01-10,80.001099,83.731697,79.586601,80.001099,73.828560,144168
2017-01-11,81.742104,84.552498,81.244698,81.742104,75.435234,195056
2017-01-12,94.003403,95.976501,82.156601,94.003403,86.750511,252618
2017-01-13,106.107002,109.431999,94.003403,106.107002,97.920250,333331
2017-01-16,100.311996,106.945000,95.620003,100.311996,92.572365,126872
2017-01-17,102.807999,108.105003,99.483299,102.807999,94.875778,131069
2017-01-18,103.943001,104.457001,101.140999,103.943001,95.923210,67645
2017-01-19,101.805000,106.107002,97.684303,101.805000,93.950172,74788
2017-01-20,99.748596,101.140999,98.654198,99.748596,92.052429,54443
2017-01-23,99.060501,100.304001,97.825203,99.060501,91.417419,57158
2017-01-24,95.172302,98.239700,95.097702,95.172302,87.829224,60311
2017-02-02,93.265602,97.825203,93.265602,93.265602,86.069626,47408
2017-02-03,93.265602,95.752602,92.776398,93.265602,86.069626,58624
2017-02-06,96.158897,96.996201,92.063499,96.158897,88.739700,60191
2017-02-07,94.011703,95.752602,93.265602,94.011703,86.758171,94218
2017-02-08,92.022003,93.132896,91.657204,92.022003,84.921982,44245
2017-02-09,88.879997,92.022003,87.047897,88.879997,82.022408,42409
2017-02-10,86.019897,87.462402,86.019897,86.019897,79.382980,7382
2017-02-13,74.612396,86.019897,67.341904,74.612396,68.855629,587519
2017-02-14,76.684998,77.182404,73.791702,76.684998,70.768318,102517
2017-02-15,75.466301,78.973099,75.466301,75.466301,69.643646,45185
2017-02-16,76.030098,77.099503,76.030098,76.030098,70.163948,18262
2017-02-17,77.099503,77.099503,76.452904,77.099503,71.150848,34649
2017-02-18,null,null,null,null,null,null
2017-02-20,75.856003,76.767899,75.856003,75.856003,70.003281,42254
2017-02-21,75.640404,76.270500,75.275703,75.640404,69.804321,51857
2017-02-22,75.441498,75.441498,74.463203,75.441498,69.620758,18589
2017-02-23,75.192802,75.441498,74.703598,75.192802,69.391243,14595
2017-02-24,74.612396,75.441498,74.289101,74.612396,68.855629,15681
2017-03-01,75.441498,77.099503,75.259102,75.441498,69.620758,15102
2017-03-02,75.856003,77.107803,75.524399,75.856003,70.003281,9957
2017-03-03,76.262199,77.514000,75.938904,76.262199,70.378136,32073
2017-03-06,75.814499,75.856003,75.027000,75.814499,69.964981,22279
2017-03-07,75.441498,75.532700,74.637299,75.441498,69.620758,41195
2017-03-08,75.690201,75.690201,75.690201,75.690201,69.850273,2050
2017-03-09,74.861198,75.433197,74.628998,74.861198,69.085236,10675
2017-03-10,74.952301,75.449799,74.952301,74.952301,69.169312,10741
2017-03-13,74.861198,75.358597,74.620697,74.861198,69.085236,4583
2017-03-14,76.792801,76.792801,75.267403,76.792801,70.867805,13632
2017-03-15,82.894402,82.894402,77.348198,82.894402,76.498627,83740
2017-03-16,85.539001,91.184700,82.902702,85.539001,78.939186,198636
2017-03-17,83.640503,88.705902,82.828102,83.640503,77.187164,119543
2017-03-20,82.894402,85.306900,80.423897,82.894402,76.498627,97640
2017-03-21,85.762901,87.793999,83.731697,85.762901,79.145813,203999
2017-03-22,81.742104,85.389801,80.913101,81.742104,75.435234,93656
2017-03-23,85.970100,86.467499,81.170097,85.970100,79.337021,130489
2017-03-24,89.534897,89.858299,86.218803,89.534897,82.626778,285120
2017-03-27,86.931801,89.534897,83.483002,86.931801,80.224525,129835
2017-03-28,83.126602,87.039597,82.073700,83.126602,76.712914,43007
2017-03-29,82.239502,83.607399,81.791801,82.239502,75.894257,18709
2017-03-30,82.073700,83.317200,81.244698,82.073700,75.741249,54261
2017-03-31,81.816704,84.552498,81.659203,81.816704,75.504082,30181
2017-04-05,82.073700,82.347298,81.659203,82.073700,75.741249,39323
2017-04-06,84.875801,84.975304,82.886101,84.875801,78.327156,34630
2017-04-07,82.479897,84.394997,81.244698,82.479897,76.116104,39089
2017-04-10,82.902702,82.902702,82.073700,82.902702,76.506287,6035
2017-04-11,83.723503,84.552498,82.090302,83.723503,77.263771,35345
2017-04-12,83.176300,83.176300,82.496498,83.176300,76.758781,16766
2017-04-13,83.731697,84.560799,83.317200,83.731697,77.271324,38241
2017-04-14,82.902702,84.635399,81.916199,82.902702,76.506287,116571
2017-04-17,82.902702,83.731697,82.662300,82.902702,76.506287,19468
2017-04-18,82.911003,84.138000,82.902702,82.911003,76.513947,52953
2017-04-19,83.483002,84.071602,83.308899,83.483002,77.041817,39926
2017-04-20,83.731697,83.905800,83.317200,83.731697,77.271324,25210
2017-04-21,86.649902,87.520401,84.975304,86.649902,79.964371,78163
2017-04-24,83.905800,86.964996,83.739998,83.905800,77.431984,35692
2017-04-25,85.149399,85.680000,85.149399,85.149399,78.579643,21229
2017-04-26,86.218803,86.931801,85.215698,86.218803,79.566536,73761
2017-04-27,87.790703,87.790703,86.665604,87.790703,81.017159,16073
2017-04-28,86.444000,87.952599,86.094597,86.444000,79.774361,6805
2017-05-02,88.029404,88.029404,86.094597,88.029404,81.237434,22291
2017-05-03,87.790703,87.850403,87.526497,87.790703,81.017159,9972
2017-05-04,86.767899,87.108803,85.242203,86.767899,80.073257,26984
2017-05-05,84.977997,86.938400,84.977997,84.977997,78.421463,28157
2017-05-08,87.892998,89.469803,86.085999,87.892998,81.111549,63322
2017-05-09,86.853104,88.003799,86.264999,86.853104,80.151901,48670
2017-05-10,86.861702,86.861702,85.813301,86.861702,80.159836,10863
2017-05-11,85.233704,86.333199,85.233704,85.233704,78.657440,28286
2017-05-12,85.054703,85.446800,84.799004,85.054703,78.492256,22445
2017-05-15,84.730797,85.233704,84.730797,84.730797,78.193336,8093
2017-05-16,87.790703,87.790703,85.446800,87.790703,81.017159,39890
2017-05-17,87.875900,89.589104,87.799202,87.875900,81.095779,95267
2017-05-18,86.512199,87.790703,86.085999,86.512199,79.837288,26984
2017-05-19,85.830299,86.085999,85.796204,85.830299,79.208000,15323
2017-05-22,85.480904,85.702499,85.480904,85.480904,78.885567,5866
2017-05-23,85.395599,86.333199,85.387100,85.395599,78.806847,574
2017-05-24,85.242203,85.668404,85.242203,85.242203,78.665291,13386
2017-05-25,85.233704,85.915604,85.233704,85.233704,78.657440,3343
2017-05-26,85.489403,85.889999,85.139900,85.489403,78.893410,15275
2017-05-31,85.983704,85.983704,85.779198,85.983704,79.349579,3519
2017-06-01,84.747902,85.489403,84.722298,84.747902,78.209122,28474
2017-06-02,83.733597,84.935402,82.685204,83.733597,77.273079,53997
2017-06-03,null,null,null,null,null,null
2017-06-05,83.333000,83.955200,82.676697,83.333000,76.903381,36534
2017-06-06,82.625504,82.625504,81.653900,82.625504,76.250481,4845
2017-06-07,80.213402,81.568604,80.213402,80.213402,74.024483,45368
2017-06-08,80.545799,80.545799,79.369598,80.545799,74.331238,4927
2017-06-09,79.028702,80.869698,79.028702,79.028702,72.931183,18452
2017-06-12,79.267303,79.267303,79.267303,79.267303,73.151382,1525
2017-06-13,79.079803,79.079803,79.079803,79.079803,72.978348,1173
2017-06-14,78.415001,78.415001,78.415001,78.415001,72.364838,3519
2017-06-15,78.423500,80.733398,78.423500,78.423500,72.372681,27571
2017-06-16,78.253098,78.679199,78.253098,78.253098,72.215431,14196
2017-06-19,78.500198,78.500198,78.415001,78.500198,72.443466,12905
2017-06-20,78.150803,78.150803,77.724602,78.150803,72.121025,36370
2017-06-21,76.931900,78.159302,76.931900,76.931900,70.996170,14078
2017-06-22,77.136497,77.554100,76.948997,77.136497,71.184982,4692
2017-06-23,78.415001,78.415001,76.292702,78.415001,72.364838,80742
2017-06-26,77.332497,77.801300,77.281403,77.332497,71.365852,46774
2017-06-27,79.693497,80.324203,78.329803,79.693497,73.544693,80928
2017-06-28,79.344002,79.863998,78.423500,79.344002,73.222160,37028
2017-06-29,78.500198,79.182098,77.741699,78.500198,72.443466,47239
2017-06-30,78.500198,78.500198,78.500198,78.500198,72.443466,0
2017-07-03,77.988800,78.244499,77.306999,77.988800,71.971527,18774
2017-07-04,77.588203,77.818398,77.571198,77.588203,71.601830,15294
2017-07-05,78.074097,78.415001,77.605301,78.074097,72.050240,12905
2017-07-06,78.824097,79.258797,77.988800,78.824097,72.742371,35893
2017-07-07,80.222000,81.227699,80.111099,80.222000,74.032417,24575
2017-07-10,79.437798,80.119698,79.096901,79.437798,73.308723,46017
2017-07-11,82.710800,83.793198,79.684998,82.710800,76.329193,97013
2017-07-12,80.119698,82.250504,80.119698,80.119698,73.938019,59650
2017-07-13,79.565697,79.863998,79.540100,79.565697,73.426758,8787
2017-07-14,79.267303,79.863998,79.045700,79.267303,73.151382,33672
2017-07-17,79.258797,79.693497,79.045700,79.258797,73.143532,8215
2017-07-18,79.770203,79.770203,79.096901,79.770203,73.615479,8330
2017-07-19,80.111099,80.111099,79.130997,80.111099,73.930077,2463
2017-07-20,79.045700,79.702003,78.415001,79.045700,72.946877,41063
2017-07-21,78.415001,78.841202,78.415001,78.415001,72.364838,11732
2017-07-24,77.562698,78.841202,77.562698,77.562698,71.578300,41021
2017-07-25,77.562698,77.980301,77.144997,77.562698,71.578300,19880
2017-07-26,78.747398,78.824097,77.562698,78.747398,72.671593,29917
2017-07-27,80.801498,80.801498,78.005898,80.801498,74.567207,99128
2017-07-28,80.784500,81.824303,79.855400,80.784500,74.551514,140499
2017-07-31,81.253304,81.653900,80.792999,81.253304,74.984154,87113
2017-08-01,82.506203,82.506203,80.844200,82.506203,76.140388,203238
2017-08-02,80.375397,84.492203,80.375397,80.375397,75.365440,173846
2017-08-03,78.405197,81.355598,76.954498,78.405197,73.518051,140189
2017-08-04,77.228996,78.209198,76.454597,77.228996,72.415161,46862
2017-08-07,77.464203,79.150101,77.395599,77.464203,72.635712,26474
2017-08-08,77.924896,77.924896,77.238800,77.924896,73.067688,17139
2017-08-09,77.238800,77.238800,77.228996,77.238800,72.424355,5101
2017-08-10,77.464203,78.219002,76.464401,77.464203,72.635712,24485
2017-08-11,76.454597,77.464203,76.356598,76.454597,71.689034,11904
2017-08-14,72.788696,75.974297,72.641701,72.788696,68.251633,82874
2017-08-15,72.641701,72.827904,72.631897,72.641701,68.113808,29238
2017-08-16,72.043800,72.563301,71.847702,72.043800,67.553169,23164
2017-08-17,73.004402,73.024002,72.259399,73.004402,68.453896,18516
2017-08-18,72.641701,73.122002,72.641701,72.641701,68.113808,14657
2017-08-21,72.641701,73.308197,72.631897,72.641701,68.113808,6519
2017-08-22,74.484398,74.484398,72.680901,74.484398,69.841637,14711
2017-08-23,73.866898,74.494202,73.514099,73.866898,69.262627,20506
2017-08-24,73.514099,73.994400,73.514099,73.514099,68.931824,8824
2017-08-25,73.278801,73.778702,73.278801,73.278801,68.711197,2805
2017-08-28,73.484703,73.484703,73.180801,73.484703,68.904259,5101
2017-08-29,73.504303,73.504303,73.180801,73.504303,68.922630,12752
2017-08-30,73.043602,73.964897,73.043602,73.043602,68.490654,9181
2017-08-31,73.484703,73.484703,73.053398,73.484703,68.904259,6121
2017-09-01,72.896500,73.406197,72.896500,72.896500,68.352722,2295
2017-09-04,73.308197,73.308197,73.308197,73.308197,68.738754,3162
2017-09-05,73.024002,73.024002,73.024002,73.024002,68.472267,3060
2017-09-06,72.739700,73.024002,72.494698,72.739700,68.205696,3468
2017-09-07,70.867599,72.445702,70.573502,70.867599,66.450287,23526
2017-09-08,65.319702,70.877403,62.241901,65.319702,61.248196,88162
2017-09-11,65.319702,65.476501,63.712200,65.319702,61.248196,16402
2017-09-12,64.692398,64.692398,63.712200,64.692398,60.659996,9962
2017-09-13,64.496300,64.692398,64.202301,64.496300,60.476120,29025
2017-09-14,63.712200,63.722000,63.222099,63.712200,59.740894,25705
2017-09-15,62.251701,62.388901,61.751801,62.251701,58.371429,23814
2017-09-18,62.722198,62.722198,62.722198,62.722198,58.812603,3060
2017-09-19,62.065498,62.065498,62.065498,62.065498,58.196835,1377
2017-09-20,62.065498,62.065498,62.065498,62.065498,58.196835,1020
2017-09-21,62.722198,62.722198,62.065498,62.722198,58.812603,8996
2017-09-22,62.722198,62.722198,62.722198,62.722198,58.812603,1020
2017-09-25,61.957600,62.702599,61.957600,61.957600,58.095661,4999
2017-09-26,61.957600,61.957600,61.957600,61.957600,58.095661,0
2017-09-27,62.241901,62.575199,61.771400,62.241901,58.362244,5142
2017-09-28,60.997101,61.751801,60.997101,60.997101,57.195030,9436
2017-09-29,61.546001,61.546001,61.546001,61.546001,57.709721,3060
2017-10-02,61.261700,61.261700,60.869598,61.261700,57.443138,6121
2017-10-03,62.241901,62.241901,60.869598,62.241901,58.362244,27516
2017-10-05,62.241901,62.241901,62.241901,62.241901,58.362244,2040
2017-10-06,62.241901,62.241901,62.045898,62.241901,58.362244,8161
2017-10-11,62.241901,62.241901,61.947800,62.241901,58.362244,5101
2017-10-12,61.947800,62.722198,61.947800,61.947800,58.086475,6223
2017-10-13,63.917999,64.976601,63.702400,63.917999,59.933865,34664
2017-10-16,63.418098,64.202301,63.320099,63.418098,59.465126,44175
2017-10-17,62.780998,63.702400,62.780998,62.780998,58.867733,14282
2017-10-18,62.780998,63.212299,62.780998,62.780998,58.867733,15303
2017-10-19,63.222099,63.614201,63.026100,63.222099,59.281342,8161
2017-10-20,63.418098,63.614201,63.418098,63.418098,59.465126,14282
2017-10-23,63.712200,63.908199,63.241699,63.712200,59.740894,45807
2017-10-24,64.447304,64.682602,64.447304,64.447304,60.430180,4080
2017-10-25,63.800400,64.202301,63.633801,63.800400,59.823597,32646
2017-10-26,63.810200,64.192497,63.712200,63.810200,59.832787,23464
2017-10-27,62.731998,63.712200,62.731998,62.731998,58.821789,16828
2017-10-30,62.731998,63.222099,62.731998,62.731998,58.821789,4080
2017-10-31,63.712200,63.712200,62.731998,63.712200,59.740894,9181
2017-11-01,63.712200,63.712200,63.222099,63.712200,59.740894,10202
2017-11-02,62.731998,62.731998,62.251701,62.731998,58.821789,4673
2017-11-03,62.731998,62.731998,62.731998,62.731998,58.821789,0
2017-11-06,62.731998,62.731998,62.251701,62.731998,58.821789,10595
2017-11-07,62.731998,62.731998,62.731998,62.731998,58.821789,0
2017-11-08,64.378700,64.378700,63.026100,64.378700,60.365852,29790
2017-11-09,64.663002,64.986397,64.202301,64.663002,60.632431,50398
2017-11-10,65.564697,66.858597,64.594398,65.564697,61.477921,192454
2017-11-13,66.064598,67.505501,65.564697,66.064598,61.946663,126819
2017-11-14,65.868599,66.956596,64.692398,65.868599,61.762882,124159
2017-11-15,65.702003,66.074402,65.672600,65.702003,61.606670,45093
2017-11-16,66.162697,66.642899,65.966599,66.162697,62.038647,55295
2017-11-17,65.476501,66.642899,65.476501,65.476501,61.395222,114518
2017-11-20,64.604202,65.956802,64.604202,64.604202,60.577297,17364
2017-11-21,64.868797,65.153099,64.398300,64.868797,60.825397,24638
2017-11-22,63.506302,64.868797,63.506302,63.506302,59.547829,20455
2017-11-23,64.006203,64.682602,63.516102,64.006203,60.016571,87255
2017-11-24,67.142799,67.632896,64.398300,67.142799,62.957653,220397
2017-11-27,72.043800,72.269203,68.603302,72.043800,67.553169,352947
2017-11-28,71.553703,73.504303,69.769699,71.553703,67.093620,356666
2017-11-29,71.063599,71.553703,70.573502,71.063599,66.634064,72231
2017-11-30,70.573502,71.161598,70.475502,70.573502,66.174522,65448
2017-12-01,71.161598,71.289001,70.671501,71.161598,66.725952,61212
2017-12-04,78.209198,78.415001,71.259598,78.209198,73.334267,370157
2017-12-05,74.494202,77.523003,73.533699,74.494202,69.850838,236232
2017-12-06,74.004204,74.494202,73.514099,74.004204,69.391380,69707
2017-12-07,75.699898,76.454597,73.543503,75.699898,70.981377,234297
2017-12-08,77.189796,78.395401,75.670502,77.189796,72.378410,260644
2017-12-11,77.425003,78.895302,76.709503,77.425003,72.598946,191218
2017-12-12,75.915497,78.013100,75.043198,75.915497,71.183533,133290
2017-12-13,75.846901,76.454597,75.249001,75.846901,71.119217,79367
2017-12-14,77.425003,77.425003,75.866501,77.425003,72.598946,119200
2017-12-15,78.317001,78.885498,77.042702,78.317001,73.435349,220925
2017-12-18,78.522797,79.110901,77.140800,78.522797,73.628319,288733
2017-12-19,83.217903,83.512001,79.199203,83.217903,78.030769,564680
2017-12-20,91.157402,92.627701,83.217903,91.157402,85.475388,1206722
2017-12-21,91.157402,93.598099,89.000999,91.157402,85.475388,930660
2017-12-22,91.402496,92.323898,89.785202,91.402496,85.705200,653036
2017-12-25,90.961403,92.627701,89.892998,90.961403,85.291595,316573
2017-12-26,90.147797,91.147598,89.010803,90.147797,84.528709,577250
2017-12-27,97.038597,97.038597,88.216904,97.038597,90.989998,796047
2017-12-28,94.098000,95.764297,88.216904,91.157402,85.475388,2741628
2017-12-29,88.707001,90.079201,86.256500,88.216904,82.718170,1123136
2018-01-02,88.707001,88.707001,84.002098,84.296097,79.041756,628365
2018-01-03,84.296097,93.117798,83.512001,92.529701,86.762146,1409016
2018-01-04,90.275299,93.509903,89.491096,90.373299,84.740158,628277
2018-01-05,94.098000,98.998901,94.000000,98.998901,92.828102,1344018
2018-01-08,108.801003,108.801003,101.939003,108.801003,102.019218,2222064
2018-01-09,105.860001,114.192001,103.900002,114.192001,107.074188,1661808
2018-01-10,111.250999,112.231003,106.839996,110.761002,103.857056,984086
2018-01-11,111.740997,113.211998,104.879997,113.211998,106.155273,1163272
2018-01-12,113.211998,122.523003,110.761002,116.641998,109.371475,1880993
2018-01-15,114.192001,116.641998,108.310997,112.231003,105.235428,1223227
2018-01-16,111.740997,112.722000,105.860001,105.860001,99.261536,851199
2018-01-17,105.860001,112.231003,102.919998,109.291000,102.478676,881213
2018-01-18,110.271004,115.662003,105.370003,112.722000,105.695816,1396080
2018-01-19,111.740997,123.994003,108.801003,119.583000,112.129158,2528092
2018-01-22,119.583000,123.014000,115.171997,117.622002,110.290398,1590713
2018-01-23,115.662003,124.484001,115.662003,123.014000,115.346298,1834649
2018-01-24,120.072998,122.032997,118.602997,120.072998,112.588615,768562
2018-01-25,120.563004,121.053001,112.722000,114.681999,107.533646,1285764
2018-01-26,116.641998,118.112999,114.192001,115.662003,108.452568,684185
2018-01-29,117.132004,119.093002,113.211998,117.622002,110.290398,597334
2018-01-30,116.641998,116.641998,110.761002,110.761002,103.857056,650683
2018-01-31,102.919998,116.641998,102.919998,115.662003,108.452568,915556
2018-02-01,117.132004,118.602997,111.250999,111.740997,104.775963,682922
2018-02-02,109.780998,113.211998,109.780998,110.271004,103.397598,264295
2018-02-05,103.900002,109.780998,103.410004,105.860001,99.261536,333150
2018-02-06,102.919998,102.919998,95.274200,95.274200,89.335579,743867
2018-02-07,96.058403,98.998901,88.314903,88.707001,83.177727,923878
2018-02-08,88.216904,90.079201,85.766403,88.707001,83.177727,414896
2018-02-09,86.746597,97.234596,83.512001,96.548500,90.530441,924951
2018-02-12,96.548500,98.508797,94.588097,97.038597,90.989998,551935
2018-02-21,101.939003,106.349998,99.979103,106.349998,99.720993,882334
2018-02-22,107.331001,114.681999,106.349998,112.722000,105.695816,1153342
2018-02-23,113.702003,116.152000,109.291000,110.271004,103.397598,923086
2018-02-26,112.722000,114.681999,109.780998,110.271004,103.397598,638655
2018-02-27,113.211998,113.211998,105.860001,106.349998,99.720993,544084
2018-03-01,104.389999,106.839996,102.919998,106.839996,100.180450,285710
2018-03-02,104.389999,107.820999,103.900002,107.820999,101.100304,209245
2018-03-05,112.231003,112.231003,106.839996,107.820999,101.100304,411145
2018-03-06,110.271004,111.250999,105.860001,107.331001,100.640854,424561
2018-03-07,104.389999,106.349998,102.919998,102.919998,96.504799,390119
2018-03-08,104.879997,104.879997,100.959000,100.959000,94.666031,229631
2018-03-09,100.959000,101.939003,97.528702,97.626701,91.541435,402167
2018-03-12,98.018700,98.508797,95.568298,95.862297,89.887009,463407
2018-03-13,96.254402,101.939003,96.254402,100.469002,94.206573,536779
2018-03-14,98.998901,99.488998,97.626701,98.508797,92.368553,299952
2018-03-15,98.998901,99.488998,97.528702,97.822701,91.725220,162315
2018-03-16,98.018700,98.998901,97.136597,97.332603,91.265671,146910
2018-03-19,97.528702,97.528702,95.666298,95.764297,89.795120,203022
2018-03-20,92.137604,92.137604,88.510902,89.687202,84.096825,684848
2018-03-21,90.079201,91.157402,89.785202,90.961403,85.291595,192871
2018-03-22,90.569298,91.353500,89.197098,89.197098,83.637268,155074
2018-03-23,84.786201,87.726799,84.786201,86.256500,80.879967,195962
2018-03-26,85.276299,87.236702,85.276299,86.942596,81.523300,96920
2018-03-27,88.216904,88.707001,87.236702,88.707001,83.177727,191085
2018-03-28,87.530701,88.216904,86.942596,87.040604,81.615196,132230
2018-03-29,87.040604,87.530701,85.080299,85.864403,80.512306,144870
2018-03-30,86.452499,86.452499,83.708000,84.590202,79.317535,243504
2018-04-02,84.492203,87.432701,83.903999,86.648598,81.247620,241076
2018-04-03,85.178299,85.276299,83.315903,84.394096,79.133652,150036
2018-04-09,84.394096,84.590202,83.414001,84.394096,79.133652,114272
2018-04-10,84.492203,84.492203,83.414001,83.610001,78.398422,97119
2018-04-11,86.256500,91.941597,85.570396,91.941597,86.210701,711503
2018-04-12,100.959000,100.959000,96.058403,98.508797,92.368553,1258077
2018-04-13,96.548500,97.920700,91.647499,92.137604,86.394485,537805
2018-04-16,92.137604,92.137604,88.510902,89.197098,83.637268,324590
2018-04-17,88.707001,88.707001,85.276299,86.256500,80.879967,308210
2018-04-18,86.746597,88.118896,85.276299,86.746597,81.339508,259440
2018-04-19,88.118896,88.118896,86.256500,86.550598,81.155731,120425
2018-04-20,86.550598,86.844597,84.786201,85.178299,79.868965,111259
2018-04-23,84.492203,84.786201,83.414001,83.414001,78.214645,154054
2018-04-24,83.414001,83.414001,75.572502,77.728897,72.883904,233745
2018-04-25,75.964500,79.395203,75.768501,78.317001,73.435349,128748
2018-04-26,79.885300,80.081299,77.042702,77.042702,72.240486,123034
2018-04-27,77.826897,79.395203,75.866501,77.924896,73.067688,115692
2018-04-30,78.022903,78.022903,76.944702,77.042702,72.240486,80596
2018-05-02,77.042702,77.434799,76.650703,77.042702,72.240486,85799
2018-05-03,77.042702,77.042702,75.670502,75.670502,70.953812,99983
2018-05-04,75.474403,80.179298,75.278397,78.022903,73.159584,95900
2018-05-07,78.120903,82.335701,78.120903,81.551598,76.468330,208202
2018-05-08,81.453598,82.041702,79.395203,79.787300,74.814003,102317
2018-05-09,79.787300,81.649597,79.787300,80.865501,75.824997,95185
2018-05-10,81.453598,83.806000,81.355598,81.747597,76.652107,119467
2018-05-11,83.021896,83.021896,78.905098,79.885300,74.905891,152317
2018-05-14,79.003098,79.983299,78.415001,79.297203,74.354454,120474
2018-05-15,79.395203,80.963501,78.415001,80.963501,75.916885,112835
2018-05-16,80.963501,81.747597,79.885300,80.375397,75.365440,89780
2018-05-17,81.355598,81.355598,78.709099,79.199203,74.262566,94879
2018-05-18,79.493202,80.375397,78.219002,78.219002,73.343460,169549
2018-05-21,78.219002,79.199203,78.219002,78.905098,73.986794,60345
2018-05-22,79.395203,79.395203,78.120903,78.415001,73.527237,87840
2018-05-23,78.415001,78.415001,77.434799,78.415001,73.527237,46929
2018-05-24,78.513000,78.905098,77.924896,78.709099,73.803001,65344
2018-05-25,77.826897,78.709099,77.826897,78.317001,73.435349,44889
2018-05-28,79.395203,79.395203,78.317001,78.905098,73.986794,106102
2018-05-29,78.905098,78.905098,77.728897,78.709099,73.803001,109313
2018-05-30,77.728897,77.924896,77.434799,77.532799,72.700027,67130
2018-05-31,78.219002,78.415001,76.944702,78.219002,73.343460,102021
2018-06-01,78.219002,85.962402,77.434799,85.962402,80.604195,366420
2018-06-04,88.020798,90.177200,87.236702,87.922798,82.442398,643287
2018-06-05,88.216904,88.216904,83.315903,83.708000,78.490318,236791
2018-06-06,83.806000,84.786201,83.708000,84.492203,79.225639,137116
2018-06-07,84.492203,84.884201,83.315903,83.806000,78.582207,90900
2018-06-08,85.276299,89.883202,85.276299,87.726799,82.258614,471338
2018-06-11,87.236702,88.510902,86.256500,86.354500,80.971855,202104
2018-06-12,86.354500,86.746597,84.786201,84.786201,79.501312,132821
2018-06-13,83.610001,86.844597,83.610001,86.060501,80.696182,90798
2018-06-14,86.060501,86.256500,84.492203,85.080299,79.777077,94879
2018-06-15,88.314903,89.589104,86.746597,87.824799,82.350510,442874
2018-06-19,87.138702,92.137604,85.276299,90.569298,84.923935,401963
2018-06-20,90.569298,90.569298,86.648598,88.707001,83.177727,372530
2018-06-21,88.707001,89.687202,87.628799,87.628799,82.166725,211184
2018-06-22,87.432701,87.432701,85.374298,85.766403,80.420418,150231
2018-06-25,87.236702,87.236702,85.374298,85.374298,80.052757,73455
2018-06-26,85.472298,86.256500,85.276299,86.256500,80.879967,104061
2018-06-27,86.256500,86.746597,85.766403,85.766403,80.420418,79627
2018-06-28,84.492203,85.962402,83.806000,84.394096,79.133652,77552
2018-06-29,85.178299,85.472298,84.198097,84.786201,79.501312,66313
2018-07-02,84.786201,85.178299,82.727798,82.727798,77.571213,92957
2018-07-03,82.727798,82.727798,78.415001,78.415001,73.527237,146910
2018-07-04,78.415001,80.081299,77.924896,79.101097,74.170570,67334
2018-07-05,81.257500,82.041702,78.513000,78.513000,73.619133,99980
2018-07-06,78.513000,78.807098,77.140800,78.120903,73.251472,121405
2018-07-09,78.415001,78.415001,75.768501,76.160599,71.413361,119364
2018-07-10,71.847702,73.318001,69.593300,70.083397,65.714958,446428
2018-07-11,68.613098,71.945801,68.613098,70.475502,68.023857,177517
2018-07-12,70.475502,70.867599,69.691299,69.985397,67.550797,76515
2018-07-13,71.357697,72.435898,70.181396,71.847702,69.348320,62243
2018-07-16,72.337799,73.514099,72.337799,72.631897,70.105232,91054
2018-07-17,73.024002,73.612099,72.533897,72.631897,70.105232,73455
2018-07-18,72.141800,73.808098,72.141800,72.631897,70.105232,70394
2018-07-19,72.925903,73.514099,72.925903,72.925903,70.389015,48970
2018-07-20,73.122002,73.122002,72.043800,72.141800,69.632187,37747
2018-07-23,72.141800,72.141800,71.553703,72.141800,69.632187,44889
2018-07-24,71.259598,72.043800,71.259598,71.749702,69.253731,64273
2018-07-25,72.729897,73.024002,72.043800,72.337799,69.821365,57131
2018-07-26,72.631897,77.434799,72.631897,75.474403,72.848854,168650
2018-07-27,75.474403,75.474403,74.690300,74.886299,72.281212,30606
2018-07-30,74.886299,74.886299,72.043800,72.435898,69.916054,33837
2018-07-31,72.435898,73.318001,71.553703,71.749702,69.253731,61212
2018-08-01,71.945801,73.122002,71.945801,72.337799,69.821365,39788
2018-08-02,72.337799,72.337799,71.161598,71.357697,68.875359,24485
2018-08-03,70.965599,72.141800,70.965599,71.749702,69.253731,28565
2018-08-06,71.455704,72.337799,71.357697,71.553703,69.064545,53053
2018-08-07,71.553703,71.945801,71.161598,71.651703,69.159142,42848
2018-08-08,70.867599,71.553703,70.867599,71.553703,69.064545,45909
2018-08-09,74.396202,74.984299,72.729897,72.729897,70.199821,156296
2018-08-10,73.416000,73.416000,71.553703,71.553703,69.064545,48052
2018-08-13,70.573502,70.671501,68.613098,68.613098,66.226234,135689
2018-08-14,68.711098,70.181396,68.711098,69.495300,67.077751,28770
2018-08-15,69.495300,69.495300,66.750801,67.142799,64.807083,105847
2018-08-16,67.142799,67.142799,64.496300,65.378502,63.104164,149359
2018-08-17,65.672600,65.672600,64.692398,65.378502,63.104164,69374
2018-08-20,65.280502,65.280502,61.751801,64.496300,62.252651,82637
2018-08-21,64.594398,64.594398,62.339901,63.222099,61.022778,107122
2018-08-22,63.810200,65.476501,63.810200,64.398300,62.158062,91819
2018-08-23,64.398300,64.398300,62.830002,63.026100,60.833595,57131
2018-08-24,63.026100,63.222099,61.849800,63.222099,61.022778,37747
2018-08-27,63.320099,64.692398,63.320099,63.908199,61.685009,105081
2018-08-28,65.672600,69.593300,64.888397,67.829002,65.469421,204042
2018-08-29,68.809196,70.475502,68.809196,69.397301,66.983162,214316
2018-08-30,69.397301,69.495300,67.632896,68.711098,66.320831,48970
2018-08-31,68.319099,68.417099,67.142799,67.829002,65.469421,66313
2018-09-03,67.829002,67.927002,66.750801,66.750801,64.428726,43869
2018-09-04,65.672600,67.829002,65.672600,66.848801,64.523315,39788
2018-09-05,66.750801,66.848801,66.162697,66.260696,63.955669,19384
2018-09-06,64.594398,65.770599,64.594398,65.672600,63.388031,22546
2018-09-07,64.790398,64.790398,61.751801,62.731998,60.549725,79651
2018-09-10,61.751801,61.751801,60.869598,60.869598,58.752113,74689
2018-09-11,61.555801,61.849800,61.065701,61.065701,58.941395,35809
2018-09-12,61.947800,62.339901,61.163700,61.947800,59.792809,47950
2018-09-13,62.339901,63.712200,62.241901,62.339901,60.171268,26525
2018-09-14,62.731998,64.300301,62.535999,63.810200,61.590420,58152
2018-09-17,65.476501,65.574501,63.908199,63.908199,61.685009,49044
2018-09-18,63.908199,63.908199,62.633999,62.633999,60.455135,23464
2018-09-19,63.712200,63.712200,62.731998,63.516102,61.306553,16323
2018-09-20,62.830002,63.712200,62.731998,63.320099,61.117367,23464
2018-09-21,63.320099,63.320099,62.928001,62.928001,60.738911,14282
2018-09-25,62.928001,64.496300,62.731998,63.712200,61.495831,42953
2018-09-26,63.712200,63.712200,62.830002,63.124100,60.928188,33671
2018-09-27,62.830002,63.418098,62.731998,63.320099,61.117367,15381
2018-09-28,62.535999,62.633999,62.241901,62.535999,60.360546,25505
2018-10-01,62.241901,62.928001,61.947800,62.535999,60.360546,22444
2018-10-02,62.830002,63.516102,62.830002,63.026100,60.833595,62271
2018-10-03,62.731998,63.222099,62.731998,63.026100,60.833595,22444
2018-10-04,62.731998,62.928001,62.339901,62.731998,60.549725,15303
2018-10-05,62.731998,62.731998,60.771599,62.045898,59.887493,84778
2018-10-08,63.222099,63.222099,62.143902,62.731998,60.549725,26538
2018-10-09,62.928001,62.928001,61.261700,61.947800,59.792809,82637
2018-10-11,58.811199,58.811199,55.968700,57.341000,55.346264,162213
2018-10-12,56.850899,57.536999,55.870701,56.654800,54.683937,51010
2018-10-15,56.850899,56.850899,54.890499,55.282600,53.359470,43920
2018-10-16,55.282600,55.282600,53.910301,53.910301,52.034912,38819
2018-10-17,53.910301,55.282600,53.910301,54.106300,52.224091,59172
2018-10-18,52.537998,54.204399,52.537998,53.028099,51.183399,54071
2018-10-19,51.949902,51.949902,49.107399,49.891499,48.155910,110295
2018-10-22,49.009399,49.205399,48.274200,48.911400,47.209908,63279
2018-10-23,48.911400,49.009399,47.490101,47.490101,45.838051,66313
2018-10-24,47.441101,47.490101,46.068802,46.902000,45.270409,88758
2018-10-25,43.373299,44.941601,43.128201,43.128201,41.627888,97023
2018-10-26,43.324299,44.108398,41.167900,41.658001,40.208836,81637
2018-10-29,41.756001,41.805000,39.942600,40.579800,39.168140,66334
2018-10-30,40.236698,40.677799,39.991600,40.628799,39.215435,64304
2018-10-31,40.775799,42.442101,40.775799,41.658001,40.208836,72486
2018-11-01,41.658001,42.981201,41.658001,42.491100,41.012951,96920
2018-11-02,43.128201,46.705898,43.128201,46.705898,45.081131,157112
2018-11-05,46.705898,47.343102,45.627701,45.627701,44.040440,85993
2018-11-06,46.460899,46.460899,44.598499,44.598499,43.047039,19384
2018-11-07,45.088600,45.088600,44.647499,44.647499,43.094337,23467
2018-11-08,46.068802,46.068802,44.451500,44.451500,42.905155,28606
2018-11-09,43.618301,43.618301,43.324299,43.373299,41.864460,11222
2018-11-12,45.872799,47.686100,45.872799,47.686100,46.027233,404004
2018-11-13,46.902000,46.902000,44.206501,45.578701,43.993145,306071
2018-11-14,46.558899,48.421299,45.676701,47.539101,45.885345,183639
2018-11-15,48.225201,48.225201,46.166801,46.558899,44.939243,69397
2018-11-16,46.215801,46.215801,44.108398,45.088600,43.520092,135731
2018-11-19,44.794601,44.794601,44.108398,44.598499,43.047039,48048
2018-11-20,44.598499,44.696499,44.108398,44.549500,42.999744,20404
2018-11-21,44.549500,45.480701,43.716400,45.382702,43.803963,12242
2018-11-22,45.382702,45.382702,44.353500,44.402500,42.857861,16323
2018-11-23,44.108398,44.108398,43.618301,43.618301,42.100941,12242
2018-11-26,43.618301,44.157398,43.618301,43.667400,42.148331,13262
2018-11-27,44.108398,45.137600,44.108398,44.598499,43.047039,26525
2018-11-28,45.284698,46.951000,45.284698,45.480701,43.898552,93859
2018-11-29,46.607899,46.607899,45.480701,45.480701,43.898552,77128
2018-11-30,46.166801,46.558899,45.921799,45.921799,44.324306,84677
2018-12-03,47.735100,49.793499,46.656898,49.793499,48.061321,402984
2018-12-04,50.381599,51.459801,49.009399,49.303398,47.588268,346872
2018-12-05,48.813301,48.813301,47.588100,47.735100,46.074528,77336
2018-12-06,48.176201,48.176201,44.990601,45.137600,43.567387,74573
2018-12-07,44.255501,45.382702,44.255501,44.794601,43.236320,32753
2018-12-10,44.010399,44.059399,42.834202,43.471298,41.959053,44022
2018-12-11,42.834202,43.128201,42.246101,42.295101,40.823772,61294
2018-12-12,43.618301,43.618301,42.442101,42.638199,41.154934,62232
2018-12-13,43.128201,43.422298,42.442101,42.638199,41.154934,39958
2018-12-14,42.638199,42.638199,41.854000,42.295101,40.823772,41828
2018-12-17,42.295101,42.442101,41.461899,41.658001,40.208836,20404
2018-12-18,40.530800,40.971802,40.187698,40.873798,39.451912,56417
2018-12-19,41.069901,42.000999,41.069901,41.216900,39.783077,57131
2018-12-20,40.579800,40.579800,39.746601,39.746601,38.363926,26525
2018-12-21,39.697601,41.167900,39.011501,41.167900,39.735783,37747
2018-12-24,41.167900,44.108398,40.677799,44.108398,42.573990,160173
2018-12-25,43.912399,46.558899,43.128201,44.598499,43.047039,314225
2018-12-26,44.990601,45.088600,41.707001,42.000999,40.539902,134668
2018-12-27,42.638199,42.932201,41.952000,41.952000,40.492607,63253
2018-12-28,42.150002,42.150002,40.650002,40.849998,39.428940,122000
2019-01-02,40.900002,40.900002,40.000000,40.150002,38.753292,72000
2019-01-03,40.099998,40.250000,39.299999,39.349998,37.981121,57000
2019-01-04,38.299999,39.250000,37.900002,38.150002,36.822868,96000
2019-01-07,39.000000,39.000000,38.299999,38.299999,36.967648,72000
2019-01-08,38.599998,39.799999,38.400002,38.400002,37.064171,129000
2019-01-09,38.549999,38.549999,36.700001,37.200001,35.905914,243000
2019-01-10,37.200001,37.200001,36.500000,36.849998,35.568089,131019
2019-01-11,36.799999,38.500000,36.799999,37.799999,36.485043,420430
2019-01-14,37.900002,39.450001,37.900002,38.450001,37.112431,234510
2019-01-15,38.599998,40.000000,38.599998,39.349998,37.981121,265426
2019-01-16,39.799999,39.799999,38.549999,38.650002,37.305473,129851
2019-01-17,38.650002,38.650002,37.750000,37.799999,36.485043,118302
2019-01-18,37.650002,38.250000,37.599998,37.849998,36.533302,44681
2019-01-21,38.049999,39.200001,37.900002,38.750000,37.401993,214813
2019-01-22,38.450001,38.500000,37.750000,37.799999,36.485043,87000
2019-01-23,37.450001,38.299999,37.299999,37.799999,36.485043,132980
2019-01-24,37.700001,38.200001,37.150002,37.500000,36.195480,230988
2019-01-25,37.500000,37.950001,37.400002,37.750000,36.436783,115380
2019-01-28,37.849998,41.500000,37.849998,41.299999,39.863285,729451
2019-01-29,41.299999,42.150002,40.049999,40.200001,38.801556,796202
2019-01-30,40.299999,40.849998,40.049999,40.200001,38.801556,170610
2019-02-11,40.349998,40.400002,39.150002,39.599998,38.222424,144813
2019-02-12,39.599998,41.000000,39.400002,40.799999,39.380680,175725
2019-02-13,41.750000,41.750000,41.000000,41.400002,39.959808,208643
2019-02-14,41.549999,42.750000,41.400002,42.299999,40.828499,355401
2019-02-15,42.599998,42.599998,40.700001,40.700001,39.284161,298711
2019-02-18,41.450001,41.500000,40.750000,41.200001,39.766766,134130
2019-02-19,41.250000,42.500000,41.250000,42.150002,40.683720,224870
2019-02-20,42.599998,43.200001,41.950001,42.000000,40.538937,240500
2019-02-21,42.049999,42.099998,41.500000,41.799999,40.345894,161681
2019-02-22,41.700001,42.400002,41.599998,41.799999,40.345894,124425
2019-02-25,41.950001,43.200001,41.950001,42.599998,41.118061,453851
2019-02-26,44.000000,46.500000,43.000000,43.000000,41.504150,914017
2019-02-27,43.000000,43.900002,42.599998,42.750000,41.262844,199226
2019-03-04,42.200001,42.750000,42.200001,42.400002,40.925022,105400
2019-03-05,42.200001,42.700001,42.000000,42.000000,40.538937,85160
2019-03-06,42.450001,42.500000,41.700001,41.700001,40.249374,68000
2019-03-07,42.349998,42.349998,40.799999,40.799999,39.380680,104000
2019-03-08,40.500000,41.200001,40.200001,40.799999,39.380680,102200
2019-03-11,40.450001,42.000000,40.400002,41.500000,40.056328,79000
2019-03-12,41.849998,41.950001,41.200001,41.200001,39.766766,95001
2019-03-13,41.150002,41.500000,41.150002,41.250000,39.815025,45199
2019-03-14,41.650002,42.200001,41.299999,41.349998,39.911545,85144
2019-03-15,41.200001,41.799999,41.049999,41.099998,39.670242,94100
2019-03-18,41.299999,41.299999,40.750000,40.900002,39.477203,18766
2019-03-19,41.000000,41.650002,40.799999,40.799999,39.380680,81243
2019-03-20,41.000000,41.400002,40.750000,40.750000,39.332420,49000
2019-03-21,40.750000,41.000000,40.650002,40.799999,39.380680,34000
2019-03-22,41.000000,42.200001,40.900002,41.700001,40.249374,205000
2019-03-25,41.299999,44.500000,41.299999,43.700001,42.179798,1145775
2019-03-26,44.500000,46.000000,44.150002,44.200001,42.662403,830390
2019-03-27,44.500000,44.500000,42.900002,43.400002,41.890236,233884
2019-03-28,43.200001,44.099998,43.200001,43.400002,41.890236,131085
2019-03-29,43.450001,44.000000,43.450001,43.450001,41.938496,125549
2019-04-01,43.549999,43.599998,42.000000,42.400002,40.925022,281745
2019-04-02,42.400002,43.500000,42.250000,42.849998,41.359364,196676
2019-04-03,43.349998,45.500000,43.349998,44.500000,42.951969,605515
2019-04-08,45.450001,45.700001,44.000000,44.099998,42.565880,413267
2019-04-09,44.150002,44.400002,43.500000,43.549999,42.035015,182000
2019-04-10,44.000000,45.549999,43.549999,45.549999,43.965439,515573
2019-04-11,46.200001,49.900002,46.099998,47.500000,45.847607,1904951
2019-04-12,48.250000,49.200001,48.200001,48.400002,46.716301,1394821
2019-04-15,51.500000,53.200001,50.299999,53.200001,51.349319,2489718
2019-04-16,54.799999,55.500000,53.299999,53.299999,51.445839,3494520
2019-04-17,53.400002,55.400002,52.900002,53.799999,51.928448,1917566
2019-04-18,55.000000,56.500000,53.000000,53.799999,51.928448,2320607
2019-04-19,54.900002,55.799999,53.799999,54.099998,52.218010,1265407
2019-04-22,54.599998,54.599998,51.200001,51.500000,49.708458,1137036
2019-04-23,51.900002,52.000000,50.299999,50.799999,49.032806,721772
2019-04-24,51.400002,52.799999,51.000000,51.299999,49.515415,758200
2019-04-25,51.700001,51.700001,50.599998,50.799999,49.032806,297200
2019-04-26,50.299999,50.400002,48.299999,48.549999,46.861080,566000
2019-04-29,49.099998,49.349998,46.500000,46.500000,44.882393,507777
2019-04-30,46.799999,48.150002,46.049999,47.799999,46.137169,411157
2019-05-02,47.500000,49.700001,47.500000,49.500000,47.778030,452459
2019-05-03,49.700001,50.700001,48.799999,49.000000,47.295425,564300
2019-05-06,49.250000,49.250000,46.200001,46.250000,44.641090,529500
2019-05-07,46.599998,47.150002,46.450001,46.700001,45.075436,320340
2019-05-08,45.599998,46.299999,45.400002,46.099998,44.496307,199249
2019-05-09,46.150002,46.900002,44.900002,45.000000,43.434574,398439
2019-05-10,45.450001,46.250000,44.549999,46.099998,44.496307,481100
2019-05-13,47.700001,48.500000,46.500000,46.599998,44.978912,782000
2019-05-14,45.299999,48.000000,45.299999,47.599998,45.944126,498080
2019-05-15,48.349998,48.799999,47.599998,47.599998,45.944126,546020
2019-05-16,47.950001,47.950001,45.599998,45.599998,44.013702,364080
2019-05-17,46.400002,46.700001,45.400002,45.400002,43.820660,438100
2019-05-20,45.099998,45.299999,43.000000,43.799999,42.276318,429000
2019-05-21,42.650002,44.450001,42.650002,44.000000,42.469360,299025
2019-05-22,44.450001,44.500000,43.299999,43.400002,41.890236,130000
2019-05-23,43.400002,43.400002,41.700001,41.900002,40.442417,325057
2019-05-24,42.150002,42.349998,40.750000,41.000000,39.573723,198000
2019-05-27,41.400002,41.799999,40.500000,40.549999,39.139378,186000
2019-05-28,41.500000,44.400002,41.500000,44.299999,42.758926,1109100
2019-05-29,44.099998,44.299999,42.750000,42.849998,41.359364,336000
2019-05-30,43.000000,43.299999,42.700001,42.750000,41.262844,173200
2019-05-31,43.299999,43.650002,43.000000,43.250000,41.745453,222000
2019-06-03,42.849998,42.849998,42.299999,42.500000,41.021542,87000
2019-06-04,42.500000,42.500000,41.750000,41.750000,40.297634,116000
2019-06-05,42.200001,42.799999,42.000000,42.299999,40.828499,80000
2019-06-06,42.049999,42.099998,41.049999,41.250000,39.815025,117500
2019-06-10,41.349998,42.549999,41.349998,42.299999,40.828499,146100
2019-06-11,41.500000,41.599998,40.650002,41.200001,39.766766,241000
2019-06-12,41.200001,41.549999,40.799999,40.950001,39.525463,122852
2019-06-13,41.349998,41.349998,40.750000,41.250000,39.815025,92090
2019-06-14,41.099998,41.400002,40.799999,40.900002,39.477203,59102
2019-06-17,41.000000,41.200001,40.900002,40.900002,39.477203,55500
2019-06-18,41.000000,41.400002,40.849998,40.900002,39.477203,69000
2019-06-19,41.250000,41.650002,41.000000,41.549999,40.104591,140120
2019-06-20,41.549999,42.900002,41.549999,42.500000,41.021542,154400
2019-06-21,42.799999,42.849998,41.599998,41.599998,40.152851,143000
2019-06-24,42.000000,42.500000,41.599998,41.900002,40.442417,107000
2019-06-25,41.900002,42.250000,41.299999,41.500000,40.056328,98011
2019-06-26,41.500000,41.599998,41.000000,41.000000,39.573723,102000
2019-06-27,41.650002,41.700001,41.099998,41.099998,39.670242,126000
2019-06-28,41.150002,41.200001,40.750000,40.849998,39.428940,82100
2019-07-01,41.299999,41.650002,41.299999,41.599998,40.152851,144050
2019-07-02,41.700001,44.400002,41.700001,44.000000,42.469360,777082
2019-07-03,44.500000,45.000000,43.200001,43.250000,41.745453,479000
2019-07-04,43.750000,44.349998,43.500000,43.950001,42.421101,235150
2019-07-05,44.099998,44.250000,43.500000,43.599998,42.083275,175000
2019-07-08,43.599998,43.599998,42.950001,43.049999,41.552410,220000
2019-07-09,41.950001,41.950001,41.000000,41.000000,41.000000,174100
2019-07-10,42.000000,42.200001,41.299999,41.799999,41.799999,145000
2019-07-11,42.000000,42.000000,41.099998,41.599998,41.599998,161578
2019-07-12,41.650002,43.349998,41.650002,42.299999,42.299999,304000
2019-07-15,43.000000,43.250000,42.200001,42.549999,42.549999,199592
2019-07-16,43.000000,43.349998,42.700001,43.000000,43.000000,260140
2019-07-17,43.000000,43.000000,42.299999,42.650002,42.650002,114390
2019-07-18,42.549999,42.799999,42.000000,42.000000,42.000000,134000
2019-07-19,42.200001,42.500000,42.049999,42.099998,42.099998,135000
2019-07-22,42.000000,42.500000,42.000000,42.200001,42.200001,123100
2019-07-23,42.299999,46.400002,42.299999,46.400002,46.400002,1570113
2019-07-24,46.650002,48.799999,46.599998,48.500000,48.500000,4335351
2019-07-25,49.400002,49.450001,47.599998,47.700001,47.700001,1466823
2019-07-26,48.000000,48.950001,47.700001,48.700001,48.700001,1217064
2019-07-29,48.950001,48.950001,47.299999,47.299999,47.299999,848995
2019-07-30,47.549999,47.750000,44.900002,44.900002,44.900002,798760
2019-07-31,44.500000,46.049999,44.500000,45.299999,45.299999,346100
2019-08-01,45.000000,45.200001,44.599998,44.650002,44.650002,250050
2019-08-02,44.200001,44.200001,42.500000,42.900002,42.900002,616025
2019-08-05,42.200001,42.500000,40.750000,40.750000,40.750000,504000
2019-08-06,38.200001,40.000000,38.099998,39.900002,39.900002,433000
2019-08-07,40.000000,41.049999,40.000000,40.400002,40.400002,305000
2019-08-08,40.400002,42.299999,40.400002,40.950001,40.950001,354000
2019-08-12,41.700001,42.900002,41.700001,41.750000,41.750000,397781
2019-08-13,41.349998,41.599998,40.900002,41.000000,41.000000,212000
2019-08-14,41.500000,41.750000,40.849998,40.849998,40.849998,205000
2019-08-15,40.049999,40.349998,39.849998,40.000000,40.000000,202100
2019-08-16,40.299999,40.549999,40.000000,40.349998,40.349998,209100
2019-08-19,40.500000,41.200001,40.299999,40.599998,40.599998,196937
2019-08-20,40.700001,41.299999,40.500000,40.549999,40.549999,190750
2019-08-21,40.650002,40.900002,40.549999,40.849998,40.849998,129000
2019-08-22,41.000000,42.599998,41.000000,41.599998,41.599998,538000
2019-08-23,41.950001,43.200001,41.400002,42.849998,42.849998,621932
2019-08-26,42.049999,42.099998,41.250000,41.299999,41.299999,283000
2019-08-27,41.750000,41.950001,41.000000,41.349998,41.349998,317183
2019-08-28,41.549999,41.599998,41.150002,41.200001,41.200001,168200
2019-08-29,41.400002,41.599998,41.200001,41.200001,41.200001,112000
2019-08-30,41.549999,42.250000,41.500000,41.750000,41.750000,172000
2019-09-02,41.599998,42.099998,41.599998,42.099998,42.099998,134099
2019-09-03,42.549999,43.200001,42.099998,42.150002,42.150002,411000
2019-09-04,42.150002,42.500000,41.849998,41.950001,41.950001,183000
2019-09-05,42.400002,42.700001,42.200001,42.250000,42.250000,194100
2019-09-06,42.500000,43.200001,42.400002,42.450001,42.450001,319098
2019-09-10,44.000000,46.049999,44.000000,46.049999,46.049999,1357689
2019-09-11,46.099998,46.400002,44.250000,44.250000,44.250000,1911395
2019-09-12,44.700001,45.299999,44.400002,44.500000,44.500000,892391
2019-09-16,45.000000,45.000000,43.349998,43.400002,43.400002,420506
2019-09-17,43.400002,43.950001,43.299999,43.500000,43.500000,268224
2019-09-18,43.549999,43.799999,43.349998,43.500000,43.500000,180000
2019-09-19,43.849998,45.000000,43.599998,44.150002,44.150002,380000
2019-09-20,44.349998,46.299999,44.349998,44.849998,44.849998,1470100
2019-09-23,44.500000,44.799999,44.250000,44.799999,44.799999,305000
2019-09-24,45.200001,46.150002,44.700001,45.549999,45.549999,614000
2019-09-25,45.799999,45.799999,44.700001,44.750000,44.750000,295900
2019-09-26,44.849998,46.150002,44.849998,45.450001,45.450001,563170
2019-09-27,46.000000,46.799999,45.500000,46.150002,46.150002,1454380
2019-10-01,46.900002,48.450001,46.799999,47.599998,47.599998,2125010
2019-10-02,47.500000,47.500000,46.250000,46.500000,46.500000,665354
2019-10-03,46.099998,47.299999,45.400002,47.250000,47.250000,480300
2019-10-04,47.400002,48.150002,46.700001,46.700001,46.700001,650279
2019-10-07,46.900002,47.450001,45.700001,45.849998,45.849998,438023
2019-10-08,45.349998,45.799999,45.000000,45.049999,45.049999,564000
2019-10-09,45.049999,45.650002,45.000000,45.599998,45.599998,203085
2019-10-14,47.700001,47.799999,45.900002,45.900002,45.900002,796050
2019-10-15,46.099998,47.950001,46.000000,47.950001,47.950001,820590
2019-10-16,48.349998,48.599998,47.049999,47.049999,47.049999,669023
2019-10-17,47.549999,49.799999,46.950001,49.500000,49.500000,1172630
2019-10-18,49.000000,49.650002,48.299999,48.400002,48.400002,1203310
2019-10-21,48.650002,49.150002,47.549999,47.549999,47.549999,825050
2019-10-22,47.500000,48.150002,47.450001,47.950001,47.950001,334100
2019-10-23,47.549999,48.250000,47.099998,47.349998,47.349998,360000
2019-10-24,47.349998,47.750000,47.150002,47.200001,47.200001,273000
2019-10-25,47.799999,47.799999,47.000000,47.000000,47.000000,294000
2019-10-28,47.099998,47.099998,45.750000,46.000000,46.000000,560600
2019-10-29,46.400002,46.450001,45.200001,45.200001,45.200001,413000
2019-10-30,45.299999,45.650002,45.200001,45.250000,45.250000,193085
2019-10-31,45.700001,45.700001,44.750000,44.900002,44.900002,263425
2019-11-01,45.000000,45.400002,44.849998,45.250000,45.250000,180500
2019-11-04,45.299999,46.200001,45.299999,46.200001,46.200001,320085
2019-11-05,46.099998,46.150002,45.549999,45.549999,45.549999,140050
2019-11-06,45.549999,45.750000,44.849998,45.049999,45.049999,195000
2019-11-07,44.849998,44.849998,44.299999,44.349998,44.349998,210000
2019-11-08,44.750000,44.950001,44.049999,44.950001,44.950001,128000
2019-11-11,44.299999,44.299999,42.150002,42.150002,42.150002,487170
2019-11-12,45.000000,46.349998,44.599998,45.049999,45.049999,1712990
2019-11-13,46.250000,47.000000,45.700001,45.849998,45.849998,1581090
2019-11-14,45.750000,45.750000,44.849998,45.000000,45.000000,338060
2019-11-15,46.000000,47.000000,45.650002,46.450001,46.450001,756126
2019-11-18,46.900002,48.700001,46.799999,47.500000,47.500000,1912301
2019-11-19,47.150002,47.450001,46.750000,47.200001,47.200001,430150
2019-11-20,47.900002,48.299999,47.250000,47.250000,47.250000,573476
2019-11-21,47.099998,48.299999,47.049999,48.299999,48.299999,645500
2019-11-22,48.500000,49.700001,47.750000,47.750000,47.750000,2004490
2019-11-25,47.900002,48.500000,47.650002,48.099998,48.099998,635020
2019-11-26,48.500000,49.150002,48.150002,48.150002,48.150002,557000
2019-11-27,48.299999,48.750000,47.900002,48.700001,48.700001,454000
2019-11-28,49.200001,49.200001,48.299999,48.299999,48.299999,450384
2019-11-29,48.250000,48.650002,47.299999,47.900002,47.900002,510000
2019-12-02,47.599998,52.400002,47.400002,50.500000,50.500000,1685670
2019-12-03,50.099998,55.500000,50.000000,55.500000,55.500000,6492859
2019-12-04,56.500000,58.000000,54.200001,54.200001,54.200001,7564138
2019-12-05,54.599998,55.400002,53.000000,53.500000,53.500000,1915430
2019-12-06,53.599998,57.099998,53.599998,54.299999,54.299999,3376405
2019-12-09,53.099998,54.299999,51.799999,51.799999,51.799999,1639407
2019-12-10,53.099998,55.099998,52.500000,52.500000,52.500000,3298511
2019-12-11,52.200001,53.099998,50.799999,51.900002,51.900002,1543662
2019-12-12,52.599998,53.500000,52.299999,52.700001,52.700001,1256439
2019-12-13,52.799999,53.200001,51.000000,51.000000,51.000000,1101050
2019-12-16,51.400002,53.299999,51.400002,52.500000,52.500000,7170
2019-12-17,52.200001,52.900002,52.000000,52.400002,52.400002,473200
2019-12-18,52.400002,52.400002,51.599998,51.700001,51.700001,365178
2019-12-19,51.700001,53.099998,51.700001,53.099998,53.099998,834140
2019-12-20,53.700001,54.200001,52.500000,52.599998,52.599998,787541
2019-12-23,52.900002,55.000000,52.700001,55.000000,55.000000,1809483
2019-12-24,56.000000,56.099998,54.000000,54.599998,54.599998,1635545
2019-12-25,54.599998,55.500000,54.200001,54.299999,54.299999,743382
2019-12-26,54.400002,59.700001,54.200001,59.700001,59.700001,5841169
2019-12-27,60.200001,61.000000,58.500000,59.599998,59.599998,4743702
2019-12-30,59.500000,61.799999,59.000000,59.000000,59.000000,2449010
2019-12-31,58.400002,61.500000,58.099998,61.200001,61.200001,1980310
2020-01-02,61.900002,64.000000,60.799999,62.000000,62.000000,2999865
2020-01-03,62.000000,62.299999,58.799999,59.200001,59.200001,2041986
2020-01-06,59.700001,60.700001,58.599998,59.000000,59.000000,1069924
2020-01-07,59.900002,60.099998,56.799999,58.000000,58.000000,1226660
2020-01-08,56.599998,57.700001,56.200001,57.400002,57.400002,917430
2020-01-09,59.000000,59.000000,57.299999,57.299999,57.299999,759000
2020-01-10,58.099998,60.799999,58.099998,58.599998,58.599998,2062592
2020-01-13,59.000000,59.099998,58.099998,59.000000,59.000000,684000
2020-01-14,59.700001,61.000000,59.200001,60.599998,60.599998,1813585
2020-01-15,60.000000,61.599998,59.500000,60.000000,60.000000,1209100
2020-01-16,60.400002,61.599998,60.099998,60.700001,60.700001,1069950
2020-01-17,60.799999,61.099998,59.900002,60.000000,60.000000,711086
2020-01-20,60.299999,60.700001,59.500000,59.500000,59.500000,575055
2020-01-30,53.700001,54.299999,53.599998,53.599998,53.599998,598550
2020-01-31,52.700001,54.000000,49.299999,50.000000,50.000000,1672663
2020-02-03,48.000000,48.500000,46.000000,47.599998,47.599998,1127510
2020-02-04,51.400002,52.099998,49.400002,49.400002,49.400002,752100
2020-02-05,49.400002,49.400002,48.200001,48.599998,48.599998,642085
2020-02-06,49.500000,51.000000,49.049999,50.500000,50.500000,686025
2020-02-07,49.950001,49.950001,48.500000,48.599998,48.599998,576100
2020-02-10,47.900002,48.849998,47.000000,48.700001,48.700001,440101
2020-02-11,49.000000,50.000000,48.700001,49.349998,49.349998,465160
2020-02-12,50.000000,51.200001,49.650002,50.200001,50.200001,638415
2020-02-13,50.900002,52.200001,50.299999,50.299999,50.299999,900660
2020-02-14,50.099998,51.400002,50.099998,50.700001,50.700001,407000
2020-02-17,49.799999,50.900002,49.799999,50.200001,50.200001,268100
2020-02-18,51.200001,51.299999,50.299999,50.500000,50.500000,337498
2020-02-19,50.799999,51.799999,50.500000,51.400002,51.400002,253123
2020-02-20,52.000000,52.200001,50.700001,50.799999,50.799999,290010
2020-02-21,50.799999,51.599998,50.000000,50.799999,50.799999,365051
2020-02-24,50.299999,50.500000,49.500000,49.500000,49.500000,349080
2020-02-25,48.000000,49.150002,48.000000,48.500000,48.500000,336069
2020-02-26,48.049999,50.900002,48.049999,49.549999,49.549999,541400
2020-02-27,50.200001,50.299999,47.650002,48.049999,48.049999,600280
2020-03-02,46.250000,48.450001,46.250000,47.750000,47.750000,353200
2020-03-03,48.950001,49.200001,48.000000,48.000000,48.000000,342000
2020-03-04,48.500000,48.500000,47.099998,47.200001,47.200001,230150
2020-03-05,47.950001,48.200001,47.400002,47.400002,47.400002,362000
2020-03-06,47.400002,47.400002,46.200001,46.200001,46.200001,438188
2020-03-09,45.799999,45.799999,43.000000,43.000000,43.000000,575001
2020-03-10,40.650002,42.950001,40.650002,42.900002,42.900002,569005
2020-03-11,43.700001,44.250000,42.349998,42.349998,42.349998,338000
2020-03-12,41.549999,41.549999,38.599998,39.250000,39.250000,839878
2020-03-13,35.500000,36.950001,35.349998,36.500000,36.500000,771000
2020-03-16,38.000000,38.000000,35.000000,35.000000,35.000000,419005
2020-03-17,32.000000,33.950001,31.850000,32.200001,32.200001,491000
2020-03-18,32.849998,33.099998,31.350000,31.500000,31.500000,375000
2020-03-19,30.200001,30.200001,28.350000,28.350000,28.350000,625200
2020-03-20,29.799999,30.799999,29.049999,30.700001,30.700001,569340
2020-03-23,29.500000,30.200001,29.000000,29.450001,29.450001,223007
2020-03-24,30.250000,31.400000,30.150000,30.850000,30.850000,443255
2020-03-25,31.900000,33.000000,31.799999,32.400002,32.400002,513240
2020-03-26,32.150002,33.200001,31.700001,33.150002,33.150002,317017
2020-03-27,33.750000,34.950001,32.750000,33.000000,33.000000,701215
2020-03-30,32.500000,32.599998,31.549999,32.250000,32.250000,338009
2020-03-31,33.000000,34.450001,32.700001,33.700001,33.700001,535000
2020-04-01,34.099998,34.599998,33.000000,33.500000,33.500000,500039