Date,Open,High,Low,Close,Adj Close,Volume
2018-01-16,84.970001,103.000000,80.000000,84.970001,80.161003,434491
2018-01-17,79.510002,83.669998,76.730003,79.510002,75.010025,78063
2018-01-18,80.000000,83.500000,79.599998,80.000000,75.472290,22000
2018-01-19,81.000000,83.669998,80.500000,81.000000,76.415688,27200
2018-01-22,80.000000,81.500000,78.000000,80.000000,75.472290,41050
2018-01-23,78.910004,80.000000,78.910004,78.910004,74.443977,11203
2018-01-24,78.910004,80.000000,78.910004,78.910004,74.443977,9000
2018-01-25,79.010002,81.000000,78.910004,79.010002,74.538315,15000
2018-01-26,79.500000,80.000000,79.199997,79.500000,75.000580,51000
2018-01-29,79.500000,80.000000,79.010002,79.500000,75.000580,12000
2018-01-30,78.500000,80.000000,78.000000,78.500000,74.057182,6000
2018-01-31,79.000000,79.000000,76.910004,79.000000,74.528877,17100
2018-02-01,77.000000,78.000000,76.010002,77.000000,72.642075,11200
2018-02-02,76.199997,77.000000,76.199997,76.199997,71.887352,7000
2018-02-05,75.000000,76.000000,75.000000,75.000000,70.755264,12000
2018-02-06,73.500000,73.500000,73.500000,73.500000,69.340157,1000
2018-02-07,73.010002,73.010002,73.010002,73.010002,68.877892,1000
2018-02-08,73.500000,73.500000,73.010002,73.500000,69.340157,16000
2018-02-09,73.500000,73.500000,73.500000,73.500000,69.340157,0
2018-02-12,74.000000,74.000000,74.000000,74.000000,69.811867,2000
2018-02-21,74.000000,74.000000,74.000000,74.000000,69.811867,0
2018-02-22,74.000000,74.500000,72.500000,74.000000,69.811867,7000
2018-02-23,73.500000,73.500000,72.500000,73.500000,69.340157,2100
2018-02-26,72.000000,72.000000,72.000000,72.000000,67.925056,1050
2018-02-27,72.000000,72.000000,72.000000,72.000000,67.925056,1000
2018-03-01,72.000000,72.000000,72.000000,72.000000,67.925056,0
2018-03-02,72.000000,72.000000,72.000000,72.000000,67.925056,0
2018-03-05,72.000000,72.000000,72.000000,72.000000,67.925056,0
2018-03-06,72.000000,72.500000,72.000000,72.000000,67.925056,2000
2018-03-07,72.199997,72.500000,72.199997,72.199997,68.113731,3000
2018-03-08,72.300003,72.300003,72.000000,72.300003,68.208084,3000
2018-03-09,72.300003,72.300003,72.300003,72.300003,68.208084,0
2018-03-12,71.510002,72.000000,71.510002,71.510002,67.462791,5000
2018-03-13,71.510002,71.510002,71.510002,71.510002,67.462791,1000
2018-03-14,71.000000,71.250000,70.800003,71.000000,66.981659,5000
2018-03-15,71.000000,71.000000,71.000000,71.000000,66.981659,0
2018-03-16,71.000000,71.769997,71.000000,71.000000,66.981659,2000
2018-03-19,72.000000,72.000000,71.400002,72.000000,67.925056,12010
2018-03-20,72.000000,72.000000,72.000000,72.000000,67.925056,0
2018-03-21,72.000000,72.000000,72.000000,72.000000,67.925056,0
2018-03-22,71.199997,71.199997,71.000000,71.199997,67.170326,4000
2018-03-23,70.000000,70.000000,70.000000,70.000000,66.038254,1000
2018-03-26,72.000000,72.000000,72.000000,72.000000,67.925056,20
2018-03-27,73.010002,73.470001,71.000000,73.010002,68.877892,30000
2018-03-28,71.000000,73.010002,71.000000,71.000000,66.981659,20300
2018-03-29,73.989998,73.989998,71.199997,73.989998,69.802422,2005
2018-03-30,73.989998,73.989998,73.989998,73.989998,69.802422,0
2018-04-02,73.989998,73.989998,73.989998,73.989998,69.802422,0
2018-04-03,71.760002,71.760002,71.760002,71.760002,67.698639,1000
2018-04-09,70.510002,71.000000,70.510002,70.510002,66.519386,11000
2018-04-10,70.510002,72.000000,70.510002,70.510002,66.519386,13000
2018-04-11,70.300003,71.000000,70.300003,70.300003,66.321274,11000
2018-04-12,69.470001,70.589996,68.000000,69.470001,65.538246,24060
2018-04-13,69.470001,69.470001,69.470001,69.470001,65.538246,0
2018-04-16,70.400002,70.400002,70.400002,70.400002,66.415611,16
2018-04-17,70.400002,70.400002,70.400002,70.400002,66.415611,1003
2018-04-18,70.400002,70.400002,70.400002,70.400002,66.415611,17
2018-04-19,70.099998,70.099998,68.610001,70.099998,66.132584,4000
2018-04-20,69.000000,69.000000,69.000000,69.000000,65.094841,6000
2018-04-23,69.800003,69.800003,68.000000,69.800003,65.849571,3000
2018-04-24,69.400002,69.400002,68.000000,69.400002,65.472206,7000
2018-04-25,68.000000,69.290001,68.000000,68.000000,64.151436,7000
2018-04-26,68.000000,69.000000,68.000000,68.000000,64.151436,3000
2018-04-27,68.000000,68.000000,68.000000,68.000000,64.151436,0
2018-04-30,68.989998,68.989998,68.000000,68.989998,65.085411,17400
2018-05-02,68.000000,68.000000,67.110001,68.000000,64.151436,8000
2018-05-03,68.000000,68.000000,68.000000,68.000000,64.151436,0
2018-05-04,67.599998,67.889999,67.599998,67.599998,63.774082,12000
2018-05-07,67.599998,67.599998,67.599998,67.599998,63.774082,0
2018-05-08,67.599998,67.599998,67.599998,67.599998,63.774082,0
2018-05-09,67.599998,67.599998,67.599998,67.599998,63.774082,0
2018-05-10,66.000000,67.080002,66.000000,66.000000,62.264633,15000
2018-05-11,65.000000,65.099998,64.000000,65.000000,61.321232,25000
2018-05-14,63.990002,63.990002,63.700001,63.990002,60.368397,7000
2018-05-15,63.990002,63.990002,63.990002,63.990002,60.368397,0
2018-05-16,63.970001,63.970001,63.970001,63.970001,60.349529,1000
2018-05-17,63.700001,63.970001,63.700001,63.700001,60.094807,1050
2018-05-18,61.500000,61.500000,61.500000,61.500000,58.019321,3421
2018-05-21,60.500000,62.500000,60.000000,60.500000,57.075912,671050
2018-05-22,62.000000,62.000000,60.250000,62.000000,58.491020,505000
2018-05-23,63.139999,63.139999,63.139999,63.139999,59.566502,6000
2018-05-24,61.110001,61.110001,60.250000,61.110001,57.651394,288000
2018-05-25,65.000000,65.500000,60.250000,65.000000,61.321232,1148000
2018-05-28,69.250000,69.250000,64.510002,69.250000,65.330696,22011
2018-05-29,66.610001,67.000000,66.610001,66.610001,62.840111,13001
2018-05-30,66.709999,69.989998,66.610001,66.709999,62.934448,8100
2018-05-31,69.000000,70.000000,68.000000,69.000000,65.094841,16000
2018-06-01,71.349998,71.349998,69.000000,71.349998,67.311844,8050
2018-06-04,70.000000,71.349998,70.000000,70.000000,66.038254,28000
2018-06-05,72.000000,73.000000,72.000000,72.000000,67.925056,6010
2018-06-06,73.089996,73.089996,70.000000,73.089996,68.953362,6020
2018-06-07,71.000000,71.000000,69.510002,71.000000,66.981659,17000
2018-06-08,73.089996,73.089996,70.699997,73.089996,68.953362,4010
2018-06-11,70.000000,71.000000,69.510002,70.000000,66.038254,9010
2018-06-12,70.000000,70.000000,69.510002,70.000000,66.038254,32000
2018-06-13,70.000000,70.000000,69.510002,70.000000,66.038254,71100
2018-06-14,69.489998,69.510002,69.489998,69.489998,65.557106,10200
2018-06-15,67.000000,69.989998,67.000000,67.000000,63.208035,15000
2018-06-19,67.000000,67.000000,67.000000,67.000000,63.208035,1000
2018-06-20,67.000000,67.000000,67.000000,67.000000,63.208035,0
2018-06-21,65.500000,69.989998,65.500000,65.500000,61.792931,39100
2018-06-22,65.500000,65.500000,65.000000,65.500000,61.792931,6000
2018-06-25,65.690002,65.690002,65.120003,65.690002,61.972183,12000
2018-06-26,64.510002,64.699997,64.510002,64.510002,60.858963,12000
2018-06-27,64.510002,64.510002,64.510002,64.510002,60.858963,0
2018-06-28,64.300003,64.500000,63.799999,64.300003,60.660851,58000
2018-06-29,64.300003,64.300003,64.300003,64.300003,60.660851,0
2018-07-02,62.599998,62.599998,62.599998,62.599998,59.057060,1000
2018-07-03,63.509998,64.000000,63.509998,63.509998,59.915558,4000
2018-07-04,63.759998,63.759998,63.759998,63.759998,60.151409,1000
2018-07-05,63.000000,63.490002,63.000000,63.000000,59.434425,6000
2018-07-06,63.200001,63.200001,63.200001,63.200001,59.623108,1000
2018-07-09,63.200001,63.200001,63.200001,63.200001,59.623108,0
2018-07-10,62.000000,62.000000,61.799999,62.000000,58.491020,11000
2018-07-11,60.000000,60.000000,60.000000,60.000000,56.604214,100
2018-07-12,60.000000,60.000000,60.000000,60.000000,56.604214,1000
2018-07-13,61.000000,61.500000,60.000000,61.000000,57.547615,8000
2018-07-16,61.000000,61.000000,61.000000,61.000000,57.547615,0
2018-07-17,62.000000,63.000000,61.000000,62.000000,58.491020,147000
2018-07-18,61.130001,61.130001,61.130001,61.130001,57.670261,1000
2018-07-19,61.130001,61.130001,61.130001,61.130001,57.670261,0
2018-07-20,63.900002,63.900002,63.900002,63.900002,60.283489,5000
2018-07-23,64.500000,65.400002,64.209999,64.500000,60.849529,9000
2018-07-24,64.500000,65.000000,63.410000,64.500000,60.849529,28000
2018-07-25,63.009998,65.250000,63.009998,63.009998,59.443855,123000
2018-07-26,62.799999,64.300003,61.509998,62.799999,59.245743,299000
2018-07-27,62.599998,62.599998,61.509998,62.599998,59.057060,10000
2018-07-30,63.000000,63.000000,62.610001,63.000000,59.434425,14000
2018-07-31,62.619999,62.619999,62.619999,62.619999,59.075928,2000
2018-08-01,64.989998,64.989998,62.599998,64.989998,61.311794,27000
2018-08-02,64.989998,64.989998,64.989998,64.989998,61.311794,6000
2018-08-03,63.599998,63.599998,63.599998,63.599998,60.000465,9000
2018-08-06,64.730003,64.730003,64.099998,64.730003,62.042019,11000
2018-08-07,63.790001,65.000000,62.610001,63.790001,61.141052,42000
2018-08-08,63.799999,64.500000,62.810001,63.799999,61.150635,45000
2018-08-09,63.009998,63.790001,63.000000,63.009998,60.393440,20000
2018-08-10,63.000000,63.490002,62.209999,63.000000,60.383858,21000
2018-08-13,61.880001,62.790001,60.509998,61.880001,59.310368,25000
2018-08-14,62.790001,62.790001,61.669998,62.790001,60.182579,10000
2018-08-15,61.200001,63.500000,60.000000,61.200001,58.658604,48700
2018-08-16,61.500000,61.799999,60.000000,61.500000,58.946148,34000
2018-08-17,62.639999,62.990002,60.509998,62.639999,60.038807,18000
2018-08-20,61.200001,62.980000,60.009998,61.200001,58.658604,84040
2018-08-21,60.299999,61.240002,59.910000,60.299999,57.795979,79100
2018-08-22,60.000000,60.240002,58.810001,60.000000,57.508434,74000
2018-08-23,59.509998,59.509998,58.410000,59.509998,57.038780,75000
2018-08-24,60.500000,63.150002,58.410000,60.500000,57.987671,534834
2018-08-27,66.989998,66.989998,63.000000,66.989998,64.208168,61800
2018-08-28,64.500000,66.989998,63.799999,64.500000,61.821568,114207
2018-08-29,64.989998,64.989998,63.000000,64.989998,62.291218,3007
2018-08-30,65.989998,67.349998,64.500000,65.989998,63.249691,28400
2018-08-31,64.779999,65.489998,64.000000,64.779999,62.089939,24034
2018-09-03,63.209999,64.779999,63.000000,63.209999,60.585136,824401
2018-09-04,64.010002,65.190002,63.599998,64.010002,61.351917,411000
2018-09-05,66.180000,66.190002,63.020000,66.180000,63.431805,10318
2018-09-06,63.599998,66.180000,63.009998,63.599998,60.958939,218222
2018-09-07,63.500000,65.980003,63.020000,63.500000,60.863094,7102
2018-09-10,63.060001,64.000000,63.040001,63.060001,60.441368,169010
2018-09-11,63.599998,63.599998,63.060001,63.599998,60.958939,112000
2018-09-12,63.599998,63.599998,63.599998,63.599998,60.958939,0
2018-09-13,64.000000,65.970001,63.500000,64.000000,61.342331,34000
2018-09-14,63.500000,63.500000,63.500000,63.500000,60.863094,5000
2018-09-17,63.500000,63.500000,63.500000,63.500000,60.863094,0
2018-09-18,64.500000,65.010002,64.500000,64.500000,61.821568,5000
2018-09-19,65.000000,66.199997,64.500000,65.000000,62.300804,41000
2018-09-20,64.110001,66.150002,64.110001,64.110001,61.447765,72000
2018-09-21,64.209999,65.980003,64.209999,64.209999,61.543610,13000
2018-09-25,64.510002,65.949997,64.510002,64.510002,61.831154,2000
2018-09-26,63.520000,65.000000,63.520000,63.520000,60.882263,41000
2018-09-27,64.699997,65.000000,63.509998,64.699997,62.013260,262000
2018-09-28,64.019997,65.989998,64.019997,64.019997,61.361496,11597
2018-10-01,65.989998,65.989998,65.989998,65.989998,63.249691,3000
2018-10-02,64.010002,64.010002,64.010002,64.010002,61.351917,2000
2018-10-03,64.019997,64.019997,64.019997,64.019997,61.361496,8000
2018-10-04,64.019997,64.019997,64.019997,64.019997,61.361496,0
2018-10-05,64.400002,64.400002,64.029999,64.400002,61.725723,16000
2018-10-08,63.520000,63.529999,63.509998,63.520000,60.882263,39000
2018-10-09,63.529999,64.000000,63.520000,63.529999,60.891846,7000
2018-10-11,60.799999,63.529999,60.799999,60.799999,58.275215,61700
2018-10-12,60.500000,61.090000,59.509998,60.500000,57.987671,18000
2018-10-15,60.009998,60.500000,60.000000,60.009998,57.518017,7000
2018-10-16,62.080002,62.080002,60.209999,62.080002,59.502064,4000
2018-10-17,60.500000,62.619999,60.000000,60.500000,57.987671,28000
2018-10-18,61.009998,62.619999,60.500000,61.009998,58.476494,74000
2018-10-19,62.200001,65.000000,61.500000,62.200001,59.617077,112000
2018-10-22,64.970001,65.000000,63.500000,64.970001,62.272053,118000
2018-10-23,65.000000,65.000000,62.200001,65.000000,62.300804,52000
2018-10-24,62.500000,62.500000,62.209999,62.500000,59.904621,4000
2018-10-25,61.000000,62.500000,60.500000,61.000000,58.466908,29000
2018-10-26,60.700001,60.700001,59.810001,60.700001,58.179367,2000
2018-10-29,60.700001,60.700001,60.700001,60.700001,58.179367,0
2018-10-30,59.290001,61.990002,58.799999,59.290001,56.827919,46000
2018-10-31,59.500000,60.490002,59.099998,59.500000,57.029198,26500
2018-11-01,60.000000,60.500000,59.500000,60.000000,57.508434,26000
2018-11-02,60.009998,60.009998,59.700001,60.009998,57.518017,5000
2018-11-05,60.000000,61.490002,59.209999,60.000000,57.508434,40000
2018-11-06,59.700001,60.099998,59.209999,59.700001,57.220894,55000
2018-11-07,58.500000,59.020000,58.009998,58.500000,56.070724,39000
2018-11-08,59.000000,59.000000,58.990002,59.000000,56.549961,10000
2018-11-09,59.000000,59.000000,59.000000,59.000000,56.549961,0
2018-11-12,59.000000,59.099998,58.029999,59.000000,56.549961,8000
2018-11-13,60.400002,60.400002,59.000000,60.400002,57.891827,10015
2018-11-14,60.000000,60.000000,60.000000,60.000000,57.508434,1300
2018-11-15,60.000000,60.000000,60.000000,60.000000,57.508434,0
2018-11-16,60.099998,60.290001,59.799999,60.099998,57.604282,90000
2018-11-19,60.299999,60.299999,59.209999,60.299999,57.795979,11000
2018-11-20,60.299999,60.299999,60.299999,60.299999,57.795979,0
2018-11-21,59.400002,59.400002,59.400002,59.400002,56.933353,3000
2018-11-22,60.000000,60.000000,59.400002,60.000000,57.508434,18000
2018-11-23,59.400002,60.000000,59.400002,59.400002,56.933353,3000
2018-11-26,60.000000,60.000000,60.000000,60.000000,57.508434,10000
2018-11-27,60.009998,60.009998,59.410000,60.009998,57.518017,90000
2018-11-28,60.099998,60.099998,59.200001,60.099998,57.604282,24050
2018-11-29,60.200001,60.200001,60.000000,60.200001,57.700130,27000
2018-11-30,60.099998,60.200001,59.810001,60.099998,57.604282,19000
2018-12-03,61.020000,62.720001,61.000000,61.020000,58.486080,35000
2018-12-04,65.040001,65.040001,60.599998,65.040001,62.339146,122100
2018-12-05,64.000000,65.989998,62.500000,64.000000,61.342331,214810
2018-12-06,63.700001,64.099998,63.500000,63.700001,61.054790,62000
2018-12-07,64.209999,65.000000,64.209999,64.209999,61.543610,9200
2018-12-10,64.650002,65.500000,64.000000,64.650002,61.965340,212400
2018-12-11,65.010002,67.500000,64.650002,65.010002,62.310390,5300
2018-12-12,68.000000,69.000000,65.000000,68.000000,65.176224,220000
2018-12-13,65.000000,68.190002,65.000000,65.000000,62.300804,154050
2018-12-14,66.000000,66.000000,64.910004,66.000000,63.259277,76000
2018-12-17,65.000000,67.949997,65.000000,65.000000,62.300804,192200
2018-12-18,66.099998,67.000000,65.000000,66.099998,63.355125,68692
2018-12-19,69.300003,70.510002,66.000000,69.300003,66.422249,115300
2018-12-20,67.709999,70.980003,67.709999,67.709999,64.898270,119550
2018-12-21,68.500000,68.699997,67.510002,68.500000,65.655464,45350
2018-12-24,70.070000,72.180000,69.500000,70.070000,67.160271,50101
2018-12-25,69.099998,69.980003,68.599998,69.099998,66.230545,43000
2018-12-26,69.000000,70.480003,68.800003,69.000000,66.134697,52050
2018-12-27,70.000000,72.489998,69.500000,70.000000,67.093178,19101
2018-12-28,68.800003,70.000000,67.800003,68.800003,65.943008,84000
2019-01-02,68.000000,69.000000,67.500000,68.000000,65.176224,43400
2019-01-03,68.470001,68.470001,67.500000,68.470001,65.626709,2000
2019-01-04,68.989998,68.989998,66.599998,68.989998,66.125114,12601
2019-01-07,67.599998,68.500000,67.500000,67.599998,64.792839,8000
2019-01-08,67.699997,69.980003,67.000000,67.699997,64.888680,120000
2019-01-09,66.519997,68.489998,66.510002,66.519997,63.757683,41050
2019-01-10,68.500000,69.989998,68.000000,68.500000,65.655464,51362
2019-01-11,70.000000,71.000000,69.000000,70.000000,67.093178,59000
2019-01-14,70.010002,71.800003,68.800003,70.010002,67.102760,96000
2019-01-15,69.050003,70.500000,69.000000,69.050003,66.182625,28200
2019-01-16,70.400002,71.000000,69.000000,70.400002,67.476563,57001
2019-01-17,75.180000,75.190002,71.000000,75.180000,72.058067,94091
2019-01-18,70.599998,73.010002,70.599998,70.599998,67.668259,123138
2019-01-21,71.010002,71.930000,70.110001,71.010002,68.061234,67002
2019-01-22,70.000000,71.000000,69.500000,70.000000,67.093178,55700
2019-01-23,70.000000,70.010002,69.519997,70.000000,67.093178,34100
2019-01-24,69.000000,70.480003,68.500000,69.000000,66.134697,84600
2019-01-25,69.500000,69.989998,68.309998,69.500000,66.613937,22000
2019-01-28,69.510002,69.980003,69.000000,69.510002,66.623528,41000
2019-01-29,70.000000,72.500000,69.540001,70.000000,67.093178,55400
2019-01-30,70.010002,72.000000,70.010002,70.010002,67.102760,54000
2019-02-11,69.800003,73.139999,69.510002,69.800003,66.901482,109701
2019-02-12,69.500000,70.949997,69.000000,69.500000,66.613937,101001
2019-02-13,70.500000,71.970001,69.800003,70.500000,67.572411,154400
2019-02-14,69.300003,70.919998,68.709999,69.300003,66.422249,274700
2019-02-15,69.529999,71.989998,69.019997,69.529999,66.642693,48000
2019-02-18,71.500000,71.959999,70.070000,71.500000,68.530884,94500
2019-02-19,76.000000,77.989998,71.010002,76.000000,72.844017,499961
2019-02-20,77.379997,78.000000,75.650002,77.379997,74.166710,234855
2019-02-21,80.980003,84.199997,76.010002,80.980003,77.617218,635775
2019-02-22,86.489998,87.139999,78.209999,86.489998,82.898407,413885
2019-02-25,84.389999,86.089996,81.010002,84.389999,80.885612,284055
2019-02-26,83.239998,84.989998,80.809998,83.239998,79.783363,161044
2019-02-27,80.980003,82.989998,78.739998,80.980003,77.617218,199943
2019-03-04,82.099998,85.040001,80.019997,82.099998,78.690704,545987
2019-03-05,82.500000,83.389999,80.800003,82.500000,79.074097,342743
2019-03-06,82.099998,85.480003,82.099998,82.099998,78.690704,299317
2019-03-07,80.510002,83.989998,80.510002,80.510002,77.166740,329796
2019-03-08,83.389999,84.989998,80.010002,83.389999,79.927139,269060
2019-03-11,83.500000,85.199997,81.519997,83.500000,80.032570,111680
2019-03-12,83.010002,88.089996,83.000000,83.010002,79.562920,367817
2019-03-13,83.589996,85.190002,82.000000,83.589996,80.118828,154608
2019-03-14,83.790001,83.790001,82.000000,83.790001,80.310532,87171
2019-03-15,84.800003,86.000000,82.599998,84.800003,81.278595,367785
2019-03-18,88.989998,89.250000,84.000000,88.989998,85.294594,828673
2019-03-19,87.279999,88.989998,85.800003,87.279999,83.655602,204320
2019-03-20,87.800003,88.190002,85.900002,87.800003,84.154015,209360
2019-03-21,87.430000,87.800003,85.400002,87.430000,83.799377,233321
2019-03-22,90.089996,90.790001,87.000000,90.089996,86.348915,497783
2019-03-25,89.010002,90.000000,87.500000,89.010002,85.313766,348595
2019-03-26,89.970001,90.199997,87.000000,89.970001,86.233902,611907
2019-03-27,89.500000,90.449997,88.000000,89.500000,85.783417,643222
2019-03-28,89.099998,92.430000,88.510002,89.099998,85.400024,414610
2019-03-29,89.000000,90.970001,88.500000,89.000000,85.304176,257275
2019-04-01,92.599998,95.769997,89.000000,92.599998,88.754684,1042195
2019-04-02,93.199997,94.769997,91.669998,93.199997,89.329765,270801
2019-04-03,93.470001,93.489998,90.910004,93.470001,89.588562,267398
2019-04-08,98.410004,98.410004,92.019997,98.410004,94.323425,441065
2019-04-09,97.800003,99.989998,95.010002,97.800003,93.738754,308874
2019-04-10,98.879997,99.489998,94.059998,98.879997,94.773895,206363
2019-04-11,96.000000,98.089996,94.510002,96.000000,92.013496,234326
2019-04-12,93.000000,96.989998,92.000000,93.000000,89.138077,469750
2019-04-15,95.489998,96.769997,92.809998,95.489998,91.524673,275775
2019-04-16,93.000000,97.879997,91.000000,93.000000,89.138077,602059
2019-04-17,93.699997,96.599998,92.500000,95.000000,91.055023,5337410
2019-04-18,95.000000,95.800003,87.500000,88.000000,84.345703,3557200
2019-04-19,88.000000,93.199997,87.300003,93.199997,89.329765,3077334
2019-04-22,93.000000,94.000000,90.599998,94.000000,90.096550,2069180
2019-04-23,94.199997,95.000000,92.400002,94.900002,90.959175,2968508
2019-04-24,94.900002,96.400002,93.199997,93.599998,89.713158,1753093
2019-04-25,92.699997,92.699997,90.900002,90.900002,87.125282,1080069
2019-04-26,90.699997,90.699997,88.699997,90.599998,86.837738,1015710
2019-04-29,90.099998,90.300003,83.900002,85.500000,81.949524,1038150
2019-04-30,85.099998,87.599998,84.699997,87.599998,83.962311,588500
2019-05-02,87.000000,93.000000,87.000000,93.000000,89.138077,2033651
2019-05-03,91.000000,93.800003,90.500000,93.699997,89.809006,2488422
2019-05-06,91.599998,91.599998,90.000000,91.000000,87.221130,1823500
2019-05-07,91.199997,91.800003,90.099998,90.199997,86.454346,629320
2019-05-08,88.900002,89.300003,88.000000,88.699997,85.016632,571100
2019-05-09,89.000000,89.099998,83.400002,84.400002,80.895203,801050
2019-05-10,85.300003,86.000000,82.800003,83.599998,80.128418,442020
2019-05-13,83.000000,83.300003,78.699997,78.900002,75.623596,744500
2019-05-14,78.699997,81.300003,77.000000,80.199997,76.869606,616005
2019-05-15,80.500000,84.300003,80.500000,83.900002,80.415962,676184
2019-05-16,83.500000,83.800003,80.800003,80.800003,77.444695,506040
2019-05-17,81.199997,82.199997,77.400002,77.800003,74.569275,501100
2019-05-20,78.199997,79.300003,77.400002,78.099998,74.856812,222014
2019-05-21,77.500000,79.599998,76.599998,79.500000,76.198677,177000
2019-05-22,79.500000,80.400002,78.900002,78.900002,75.623596,213172
2019-05-23,78.000000,78.000000,76.199997,76.599998,73.419098,289328
2019-05-24,76.000000,76.900002,74.800003,75.000000,71.885544,381576
2019-05-27,75.099998,75.300003,71.800003,72.500000,69.489357,513383
2019-05-28,72.500000,73.699997,72.400002,72.900002,69.872749,205000
2019-05-29,72.599998,73.599998,72.599998,73.099998,70.064445,128000
2019-05-30,73.099998,75.000000,72.599998,74.599998,71.502151,331295
2019-05-31,74.199997,76.300003,74.000000,76.000000,72.844017,283600
2019-06-03,75.000000,75.000000,73.300003,73.599998,70.543678,220000
2019-06-04,73.199997,73.800003,72.900002,73.000000,69.968597,103811
2019-06-05,73.900002,74.300003,73.000000,73.000000,69.968597,110000
2019-06-06,73.000000,73.099998,71.699997,71.800003,68.818428,165070
2019-06-10,73.099998,73.199997,72.500000,72.699997,69.681053,158000
2019-06-11,72.199997,73.400002,72.199997,72.699997,69.681053,128276
2019-06-12,72.800003,73.699997,72.599998,73.400002,70.351990,175010
2019-06-13,73.400002,73.500000,72.800003,72.900002,69.872749,210000
2019-06-14,73.400002,73.800003,73.000000,73.199997,70.160286,122538
2019-06-17,72.199997,73.000000,72.199997,72.500000,69.489357,94000
2019-06-18,72.500000,75.000000,72.500000,74.000000,70.927071,239010
2019-06-19,75.099998,80.599998,75.099998,78.900002,75.623596,757720
2019-06-20,77.500000,78.300003,77.400002,77.900002,74.665123,292131
2019-06-21,78.500000,79.000000,76.900002,77.599998,74.377571,277600
2019-06-24,77.599998,77.599998,76.199997,77.000000,73.802490,157000
2019-06-25,76.599998,76.800003,75.400002,75.500000,72.364784,150092
2019-06-26,75.500000,75.500000,74.800003,74.900002,71.789696,63500
2019-06-27,75.000000,77.500000,75.000000,77.400002,74.185883,247300
2019-06-28,77.400002,77.400002,75.500000,75.599998,72.460625,189000
2019-07-01,77.199997,79.599998,77.199997,79.199997,75.911133,457430
2019-07-02,78.800003,78.800003,77.900002,78.500000,75.240204,235252
2019-07-03,78.099998,78.500000,77.500000,77.599998,74.377571,153177
2019-07-04,77.599998,78.800003,77.599998,77.599998,74.377571,156160
2019-07-05,78.500000,78.500000,77.800003,78.000000,74.760963,123116
2019-07-08,78.000000,78.500000,77.699997,78.000000,74.760963,119100
2019-07-09,78.000000,78.000000,77.099998,77.099998,73.898338,165071
2019-07-10,77.500000,79.500000,77.500000,79.400002,76.102829,356125
2019-07-11,79.599998,82.900002,78.800003,81.099998,77.732231,699213
2019-07-12,80.599998,82.000000,80.300003,81.300003,77.923935,284074
2019-07-15,81.000000,82.099998,81.000000,81.300003,77.923935,323200
2019-07-16,81.300003,81.500000,80.300003,80.800003,77.444695,312260
2019-07-17,80.800003,80.900002,79.800003,80.000000,76.677917,761050
2019-07-18,80.900002,81.500000,80.099998,80.599998,77.252998,518072
2019-07-19,77.900002,78.300003,77.699997,78.000000,78.000000,340000
2019-07-22,78.099998,80.500000,78.099998,80.000000,80.000000,542965
2019-07-23,81.500000,88.000000,81.500000,88.000000,88.000000,2592407
2019-07-24,87.500000,89.599998,86.099998,88.199997,88.199997,1802953
2019-07-25,88.900002,91.400002,87.000000,90.599998,90.599998,1677150
2019-07-26,90.800003,90.800003,88.699997,89.300003,89.300003,1072150
2019-07-29,89.599998,90.699997,87.800003,88.099998,88.099998,675056
2019-07-30,87.900002,88.400002,82.099998,85.099998,85.099998,1103449
2019-07-31,84.900002,88.000000,84.900002,87.099998,87.099998,585008
2019-08-01,86.300003,88.199997,85.500000,87.300003,87.300003,296668
2019-08-02,85.500000,86.800003,84.199997,85.300003,85.300003,556232
2019-08-05,85.300003,86.800003,84.099998,84.199997,84.199997,473400
2019-08-06,81.500000,84.099998,80.300003,83.500000,83.500000,433120
2019-08-07,85.000000,87.000000,84.699997,86.000000,86.000000,642600
2019-08-08,87.000000,90.199997,86.199997,89.900002,89.900002,1156336
2019-08-12,88.800003,94.900002,87.800003,93.199997,93.199997,2402780
2019-08-13,92.300003,93.599998,91.099998,92.000000,92.000000,1300500
2019-08-14,93.599998,94.500000,92.500000,93.800003,93.800003,1746501
2019-08-15,90.800003,92.500000,89.500000,92.000000,92.000000,1090926
2019-08-16,92.000000,92.900002,91.199997,91.599998,91.599998,649182
2019-08-19,93.000000,93.000000,91.500000,92.099998,92.099998,846200
2019-08-20,92.500000,94.900002,90.800003,94.800003,94.800003,2525601
2019-08-21,95.800003,104.000000,95.300003,104.000000,104.000000,6665135
2019-08-22,101.000000,108.000000,100.500000,108.000000,108.000000,4978193
2019-08-23,106.500000,107.000000,102.500000,103.500000,103.500000,3088151
2019-08-26,99.000000,102.000000,96.199997,96.500000,96.500000,2564770
2019-08-27,97.500000,100.500000,97.500000,100.000000,100.000000,1707810
2019-08-28,99.300003,100.500000,96.800003,97.300003,97.300003,1331051
2019-08-29,98.199997,98.199997,96.400002,97.099998,97.099998,781350
2019-08-30,99.000000,99.000000,95.199997,95.199997,95.199997,1170485
2019-09-02,95.900002,98.699997,95.800003,97.900002,97.900002,916700
2019-09-03,98.000000,99.400002,96.500000,96.800003,96.800003,791650
2019-09-04,97.199997,98.699997,96.500000,98.000000,98.000000,861540
2019-09-05,99.300003,99.300003,97.699997,98.099998,98.099998,755300
2019-09-06,99.000000,99.000000,97.300003,98.300003,98.300003,629130
2019-09-10,92.900002,93.199997,91.000000,91.400002,91.400002,876700
2019-09-11,93.000000,94.400002,91.500000,93.199997,93.199997,655300
2019-09-12,93.500000,96.900002,93.300003,96.699997,96.699997,1450426
2019-09-16,96.400002,96.400002,93.500000,93.599998,93.599998,735202
2019-09-17,93.199997,94.599998,93.099998,93.400002,93.400002,482020
2019-09-18,94.400002,94.500000,93.400002,93.599998,93.599998,356330
2019-09-19,94.000000,95.599998,92.500000,95.599998,95.599998,847171
2019-09-20,95.000000,96.400002,94.199997,96.199997,96.199997,1128274
2019-09-23,96.000000,96.000000,94.800003,95.000000,95.000000,447500
2019-09-24,95.099998,95.400002,93.500000,93.500000,93.500000,399100
2019-09-25,94.300003,94.500000,93.000000,93.699997,93.699997,273100
2019-09-26,94.599998,94.599998,92.900002,92.900002,92.900002,343200
2019-09-27,93.000000,93.800003,90.000000,92.400002,92.400002,768200
2019-10-01,91.599998,93.300003,91.599998,92.500000,92.500000,235000
2019-10-02,92.199997,92.199997,91.199997,91.500000,91.500000,351038
2019-10-03,90.800003,91.000000,90.000000,90.599998,90.599998,634100
2019-10-04,90.699997,91.300003,90.099998,91.199997,91.199997,432452
2019-10-07,91.500000,95.099998,91.500000,95.000000,95.000000,967456
2019-10-08,95.000000,95.199997,93.500000,93.599998,93.599998,668403
2019-10-09,93.300003,93.500000,92.099998,92.199997,92.199997,380849
2019-10-14,93.800003,95.300003,93.300003,94.699997,94.699997,752154
2019-10-15,95.599998,99.699997,95.199997,99.400002,99.400002,2575105
2019-10-16,100.000000,100.500000,96.500000,97.300003,97.300003,1408722
2019-10-17,97.300003,98.000000,96.099998,98.000000,98.000000,542475
2019-10-18,98.000000,98.099998,96.099998,96.900002,96.900002,605400
2019-10-21,96.900002,97.199997,96.300003,96.599998,96.599998,270049
2019-10-22,97.099998,99.800003,97.099998,99.000000,99.000000,1680900
2019-10-23,102.000000,102.500000,99.599998,100.000000,100.000000,3451120
2019-10-24,101.000000,101.500000,98.699997,98.699997,98.699997,1641964
2019-10-25,99.199997,101.000000,98.400002,99.500000,99.500000,1868747
2019-10-28,100.500000,101.000000,98.000000,98.000000,98.000000,1197350
2019-10-29,98.599998,99.500000,96.199997,98.300003,98.300003,1433700
2019-10-30,98.800003,98.800003,97.800003,98.000000,98.000000,1161403
2019-10-31,98.300003,100.500000,97.000000,97.000000,97.000000,1568253
2019-11-01,96.900002,97.599998,96.000000,97.000000,97.000000,529000
2019-11-04,98.000000,98.000000,96.199997,96.199997,96.199997,601019
2019-11-05,96.699997,97.300003,95.800003,96.400002,96.400002,548150
2019-11-06,96.300003,97.199997,94.500000,94.699997,94.699997,888211
2019-11-07,94.900002,94.900002,91.000000,92.699997,92.699997,1728222
2019-11-08,92.699997,94.699997,92.099998,93.500000,93.500000,865100
2019-11-11,93.000000,93.300003,92.199997,92.199997,92.199997,670100
2019-11-12,92.000000,94.199997,92.000000,93.699997,93.699997,648110
2019-11-13,93.199997,94.199997,93.099998,93.099998,93.099998,424615
2019-11-14,93.800003,93.800003,91.900002,92.099998,92.099998,410250
2019-11-15,92.599998,93.599998,92.400002,92.599998,92.599998,411202
2019-11-18,93.199997,94.000000,93.199997,93.199997,93.199997,382065
2019-11-19,93.500000,93.599998,92.199997,92.400002,92.400002,346270
2019-11-20,92.300003,92.699997,91.599998,91.599998,91.599998,394140
2019-11-21,91.599998,91.599998,90.599998,90.800003,90.800003,556308
2019-11-22,91.000000,94.400002,91.000000,93.699997,93.699997,939685
2019-11-25,94.500000,95.599998,93.300003,94.300003,94.300003,1325283
2019-11-26,95.000000,96.000000,94.500000,94.699997,94.699997,1568160
2019-11-27,94.699997,94.900002,94.199997,94.199997,94.199997,462500
2019-11-28,94.800003,94.800003,92.800003,92.800003,92.800003,428145
2019-11-29,92.900002,93.599998,92.000000,92.000000,92.000000,396654
2019-12-02,93.400002,93.400002,90.800003,91.699997,91.699997,494370
2019-12-03,91.699997,92.800003,91.199997,91.300003,91.300003,420030
2019-12-04,91.300003,92.000000,91.300003,91.500000,91.500000,193400
2019-12-05,92.599998,92.699997,91.400002,91.500000,91.500000,421250
2019-12-06,92.199997,92.300003,91.300003,91.400002,91.400002,317100
2019-12-09,92.500000,92.500000,91.800003,92.400002,92.400002,562000
2019-12-10,92.400002,93.400002,92.199997,92.500000,92.500000,426030
2019-12-11,92.800003,93.000000,91.699997,91.699997,91.699997,435201
2019-12-12,92.800003,92.800003,91.699997,91.699997,91.699997,382200
2019-12-13,92.500000,93.800003,91.800003,92.300003,92.300003,861500
2019-12-16,93.000000,93.300003,92.500000,92.500000,92.500000,2050
2019-12-17,93.000000,93.400002,92.800003,92.900002,92.900002,439246
2019-12-18,92.800003,95.300003,92.800003,94.400002,94.400002,1438400
2019-12-19,95.000000,95.000000,93.300003,93.400002,93.400002,469000
2019-12-20,95.599998,95.599998,93.699997,93.699997,93.699997,1117216
2019-12-23,93.800003,94.300003,92.699997,92.699997,92.699997,412180
2019-12-24,92.800003,93.300003,92.300003,92.300003,92.300003,329180
2019-12-25,92.900002,95.000000,92.400002,94.400002,94.400002,1090261
2019-12-26,95.300003,97.699997,95.300003,97.199997,97.199997,3749107
2019-12-27,97.300003,97.300003,96.000000,96.099998,96.099998,1280637
2019-12-30,96.500000,96.699997,95.099998,95.300003,95.300003,855461
2019-12-31,95.599998,96.199997,95.099998,95.099998,95.099998,559150
2020-01-02,95.699997,97.199997,95.300003,96.599998,96.599998,772263
2020-01-03,97.500000,97.500000,93.500000,93.800003,93.800003,1399250
2020-01-06,93.400002,93.400002,92.199997,92.599998,92.599998,687700
2020-01-07,93.099998,93.300003,90.300003,91.300003,91.300003,841000
2020-01-08,90.500000,91.500000,90.300003,90.699997,90.699997,618000
2020-01-09,91.699997,92.500000,91.699997,92.199997,92.199997,538100
2020-01-10,92.400002,92.599998,91.400002,91.699997,91.699997,303039
2020-01-13,92.099998,92.500000,91.500000,92.199997,92.199997,328352
2020-01-14,92.699997,93.199997,92.199997,92.400002,92.400002,421220
2020-01-15,92.300003,92.500000,91.900002,92.099998,92.099998,276000
2020-01-16,91.900002,92.400002,91.800003,92.000000,92.000000,255015
2020-01-17,92.000000,94.400002,91.699997,93.800003,93.800003,1088211
2020-01-20,94.099998,94.500000,93.000000,93.099998,93.099998,668140
2020-01-30,84.099998,86.000000,83.800003,83.800003,83.800003,1270000
2020-01-31,84.000000,85.000000,80.199997,83.400002,83.400002,905660
2020-02-03,81.000000,81.599998,78.400002,80.500000,80.500000,790300
2020-02-04,93.000000,93.000000,83.000000,83.000000,83.000000,594000
2020-02-05,83.900002,83.900002,82.000000,82.000000,82.000000,499300
2020-02-06,82.500000,83.400002,82.000000,83.000000,83.000000,603330
2020-02-07,83.000000,83.000000,81.199997,81.400002,81.400002,422150
2020-02-10,80.000000,81.400002,79.000000,80.000000,80.000000,468904
2020-02-11,80.500000,81.400002,80.500000,81.400002,81.400002,279003
2020-02-12,81.900002,85.300003,81.900002,84.199997,84.199997,1111012
2020-02-13,84.599998,85.199997,83.300003,83.500000,83.500000,625200
2020-02-14,84.199997,86.000000,83.800003,85.699997,85.699997,902624
2020-02-17,83.199997,85.199997,83.199997,85.199997,85.199997,447999
2020-02-18,85.000000,86.699997,84.900002,86.000000,86.000000,1055229
2020-02-19,86.599998,88.199997,86.199997,86.800003,86.800003,1146400
2020-02-20,87.500000,87.800003,86.800003,86.800003,86.800003,408014
2020-02-21,86.800003,87.699997,85.800003,86.000000,86.000000,363010
2020-02-24,84.900002,86.500000,84.599998,86.400002,86.400002,422926
2020-02-25,85.500000,86.400002,85.099998,86.099998,86.099998,428300
2020-02-26,85.199997,87.599998,85.199997,86.500000,86.500000,532552
2020-02-27,86.900002,87.199997,82.800003,82.900002,82.900002,657571
2020-03-02,80.900002,84.199997,80.599998,82.900002,82.900002,462010
2020-03-03,84.500000,86.500000,84.199997,85.800003,85.800003,836011
2020-03-04,85.099998,86.000000,84.199997,85.900002,85.900002,469790
2020-03-05,87.099998,87.300003,86.300003,86.400002,86.400002,987200
2020-03-06,85.500000,87.300003,85.500000,86.800003,86.800003,662047
2020-03-09,85.099998,86.800003,82.500000,82.500000,82.500000,694270
2020-03-10,80.199997,83.900002,80.199997,83.699997,83.699997,532488
2020-03-11,84.199997,84.699997,81.699997,81.699997,81.699997,449000
2020-03-12,80.900002,81.300003,75.500000,76.300003,76.300003,1181400
2020-03-13,69.099998,73.199997,68.699997,72.500000,72.500000,1357000
2020-03-16,75.500000,75.900002,72.500000,72.900002,72.900002,1173109
2020-03-17,70.300003,74.500000,70.300003,73.599998,73.599998,872110
2020-03-18,74.000000,75.199997,72.500000,72.500000,72.500000,661100
2020-03-19,70.599998,72.500000,65.300003,66.400002,66.400002,1223270
2020-03-20,69.099998,73.000000,69.099998,72.400002,72.400002,929000
2020-03-23,69.000000,71.000000,68.099998,69.500000,69.500000,476003
2020-03-24,71.699997,73.400002,71.400002,73.099998,73.099998,616000
2020-03-25,74.900002,76.199997,74.199997,75.400002,75.400002,1124196
2020-03-26,75.400002,75.900002,73.800003,75.300003,75.300003,590000
2020-03-27,76.699997,77.300003,74.699997,74.699997,74.699997,692550
2020-03-30,72.800003,75.800003,72.800003,75.400002,75.400002,335040
2020-03-31,76.400002,76.900002,75.000000,75.000000,75.000000,442200
2020-04-01,74.199997,75.699997,74.199997,75.199997,75.199997,261600