Date,Open,High,Low,Close,Adj Close,Volume
2016-07-26,91.829697,95.195099,62.501900,91.829697,86.239059,1592440
2016-07-27,92.026802,95.579803,88.613197,92.026802,86.424171,905569
2016-07-28,88.464203,92.026802,88.223801,88.464203,83.078461,395718
2016-07-29,86.060204,88.151703,82.694801,86.060204,80.820816,319251
2016-08-01,85.098701,89.185303,84.137100,85.098701,79.917847,284416
2016-08-02,84.617897,85.098701,81.733200,84.617897,79.466324,299941
2016-08-03,82.694801,85.579498,82.213997,82.694801,77.660294,161971
2016-08-04,81.733200,84.372704,80.776398,81.733200,76.757240,254962
2016-08-05,83.175499,84.521698,81.733200,83.175499,78.111732,212914
2016-08-08,87.262199,90.195000,83.992897,87.262199,81.949631,409011
2016-08-09,83.656303,87.983398,82.213997,83.656303,78.563263,212796
2016-08-10,83.656303,84.617897,81.733200,83.656303,78.563263,156351
2016-08-11,81.737999,83.175499,81.252403,81.737999,76.761749,80350
2016-08-12,81.733200,84.137100,81.060097,81.733200,76.757240,187812
2016-08-15,81.973602,82.694801,79.959099,81.973602,76.983002,145855
2016-08-16,77.406097,80.771599,76.925400,77.406097,72.693573,221964
2016-08-17,81.733200,82.694801,76.925400,81.733200,76.757240,255096
2016-08-18,82.406303,84.137100,81.733200,82.406303,77.389366,229221
2016-08-19,81.733200,83.175499,80.963898,81.733200,76.757240,76381
2016-08-22,80.776398,82.213997,80.771599,80.776398,75.858688,70495
2016-08-23,78.848503,80.771599,77.406097,78.848503,74.048164,60174
2016-08-24,78.834099,79.810097,77.886902,78.834099,74.034637,100910
2016-08-25,80.915901,81.733200,79.329300,80.915901,75.989700,218135
2016-08-26,80.290802,81.733200,79.810097,80.290802,75.402657,109159
2016-08-29,78.848503,80.771599,78.367699,78.848503,74.048164,65936
2016-08-30,78.848503,79.713898,78.367699,78.848503,74.048164,29010
2016-08-31,81.252403,82.935204,79.713898,81.252403,76.305725,226573
2016-09-01,82.069702,82.069702,78.848503,82.069702,77.073257,114729
2016-09-02,86.060204,87.978600,80.776398,86.060204,80.820816,604995
2016-09-05,88.464203,89.425697,86.541000,88.464203,83.078461,703360
2016-09-06,91.348900,93.373001,89.185303,91.348900,85.787529,848733
2016-09-07,89.896896,92.791199,88.469002,89.896896,84.423927,314962
2016-09-08,88.944901,90.387299,87.983398,88.944901,83.529892,175218
2016-09-09,88.219002,91.348900,87.021797,88.219002,82.848183,194651
2016-09-10,null,null,null,null,null,null
2016-09-12,86.444901,87.502602,85.295799,86.444901,81.182098,166147
2016-09-13,87.021797,89.185303,86.444901,87.021797,81.723862,222264
2016-09-14,84.521698,87.021797,82.218803,84.521698,79.375977,308134
2016-09-19,84.617897,86.541000,83.175499,84.617897,79.466324,305149
2016-09-20,82.690002,86.031403,82.213997,82.690002,77.655792,218634
2016-09-21,81.637001,82.930298,80.776398,81.637001,76.666901,145670
2016-09-22,81.252403,82.790901,80.776398,81.252403,76.305725,170925
2016-09-23,81.252403,81.728401,80.290802,81.252403,76.305725,102528
2016-09-26,85.098701,86.541000,80.290802,85.098701,79.917847,179328
2016-09-27,85.098701,85.098701,85.098701,85.098701,79.917847,0
2016-09-28,85.098701,85.098701,85.098701,85.098701,79.917847,0
2016-09-29,84.901604,85.964104,83.661102,84.901604,79.732750,77390
2016-09-30,84.132301,84.132301,80.771599,84.132301,79.010284,84815
2016-10-03,82.213997,84.137100,81.733200,82.213997,77.208771,68434
2016-10-04,83.656303,83.656303,81.257202,83.656303,78.563263,98915
2016-10-05,81.733200,83.175499,81.257202,81.733200,76.757240,67953
2016-10-06,82.213997,82.598602,80.771599,82.213997,77.208771,149391
2016-10-07,83.026497,84.137100,80.776398,83.026497,77.971802,209008
2016-10-11,80.771599,83.560204,79.814903,80.771599,75.854187,155774
2016-10-12,80.771599,81.156303,80.290802,80.771599,75.854187,90928
2016-10-13,79.810097,80.771599,79.329300,79.810097,74.951218,127209
2016-10-14,77.646500,80.290802,77.406097,77.646500,72.919342,139349
2016-10-17,77.165802,78.031197,76.444603,77.165802,72.467911,167185
2016-10-18,77.406097,78.362900,76.925400,77.406097,72.693573,202839
2016-10-19,77.406097,77.406097,76.449402,77.406097,72.693573,102191
2016-10-20,79.569702,80.194702,77.406097,79.569702,74.725456,182510
2016-10-21,78.271599,78.367699,76.925400,78.271599,73.506386,96488
2016-10-24,76.925400,77.886902,76.444603,76.925400,72.242149,97195
2016-10-25,76.925400,77.406097,76.444603,76.925400,72.242149,69060
2016-10-26,76.925400,77.406097,75.483002,76.925400,72.242149,207066
2016-10-27,75.867599,76.684998,75.531097,75.867599,71.248741,137589
2016-10-28,74.521400,76.088799,74.281097,74.521400,69.984505,259678
2016-10-31,76.434998,76.680199,74.281097,76.434998,71.781593,101240
2016-11-01,74.569504,76.199402,74.521400,74.569504,70.029678,98329
2016-11-02,73.079102,74.521400,72.838699,73.079102,68.630005,242333
2016-11-03,74.468597,74.468597,73.319504,74.468597,69.934914,60842
2016-11-04,72.833900,74.276199,71.881897,72.833900,68.399742,124683
2016-11-07,71.877098,72.838699,71.708900,71.877098,67.501190,83761
2016-11-08,70.771301,72.357903,70.540604,70.771301,66.462708,203765
2016-11-09,68.987602,70.915604,67.804901,68.987602,64.787605,165024
2016-11-10,70.194397,70.665604,69.713600,70.194397,65.920929,90545
2016-11-11,67.833702,70.194397,64.910599,67.833702,63.703957,484571
2016-11-14,68.256798,68.747200,66.833702,68.256798,64.101295,100812
2016-11-15,67.309700,68.487602,66.828903,67.309700,63.211849,101101
2016-11-16,72.112701,72.598297,68.271301,72.112701,67.722450,444276
2016-11-17,72.112701,72.112701,72.112701,72.112701,67.722450,0
2016-11-18,69.040497,70.910797,68.271301,69.040497,64.837280,172765
2016-11-21,68.559700,69.473198,68.059700,68.559700,64.385750,148112
2016-11-22,69.343399,70.905998,68.992401,69.343399,65.121735,176798
2016-11-23,68.679901,70.189598,68.271301,68.679901,64.498634,98553
2016-11-24,68.035698,69.184700,68.035698,68.035698,63.893654,33441
2016-11-25,68.987602,70.194397,67.554901,68.987602,64.787605,143199
2016-11-28,70.439598,72.117500,69.713600,70.439598,66.151199,210333
2016-11-29,69.954002,71.631897,69.723198,69.954002,65.695168,130023
2016-11-30,70.444397,71.204002,69.800102,70.444397,66.155708,104999
2016-12-01,72.338699,72.338699,70.343399,72.338699,67.934685,170667
2016-12-02,71.925201,72.593498,71.449203,71.925201,67.546356,100282
2016-12-05,72.165604,72.785797,71.877098,72.165604,67.772125,126547
2016-12-06,72.141602,72.752197,71.881897,72.141602,67.749580,98597
2016-12-07,71.881897,72.593498,71.699203,71.881897,67.505692,54099
2016-12-08,70.256897,72.357903,69.958801,70.256897,65.979622,109535
2016-12-09,71.636703,71.636703,70.535797,71.636703,67.275421,43454
2016-12-12,69.723198,70.915604,69.723198,69.723198,65.478416,79364
2016-12-13,69.487602,70.675201,69.237602,69.487602,65.257164,95720
2016-12-14,70.102997,70.761703,69.521301,70.102997,65.835091,39589
2016-12-15,69.954002,70.189598,69.477997,69.954002,65.695168,65703
2016-12-16,69.477997,70.434799,69.477997,69.477997,65.248146,116952
2016-12-19,68.992401,69.954002,68.651100,68.992401,64.792107,80476
2016-12-20,68.319298,69.232803,67.790497,68.319298,64.159981,172175
2016-12-21,68.295303,68.751999,68.271301,68.295303,64.137451,102998
2016-12-22,68.199097,68.751999,67.934700,68.199097,64.047104,58496
2016-12-23,68.223198,68.751999,68.035698,68.223198,64.069740,15599
2016-12-26,68.367401,68.751999,68.343399,68.367401,64.205162,43657
2016-12-27,68.271301,68.987602,68.271301,68.271301,64.114914,54072
2016-12-28,68.751999,68.751999,68.324097,68.751999,64.566345,19193
2016-12-29,68.511703,68.511703,68.136597,68.511703,64.340675,24295
2016-12-30,68.276100,68.626999,68.271301,68.276100,64.119415,46022
2017-01-03,68.040497,68.511703,67.800102,68.040497,63.898163,73677
2017-01-04,67.819298,68.223198,67.795303,67.819298,63.690430,62722
2017-01-05,67.934700,68.271301,67.843399,67.934700,63.798805,132675
2017-01-06,69.473198,70.079002,68.266403,69.473198,65.243637,189114
2017-01-09,68.751999,70.593399,68.751999,68.751999,64.566345,118194
2017-01-10,68.516502,69.112602,68.319298,68.516502,64.345177,85955
2017-01-11,69.473198,70.430000,69.227997,69.473198,65.243637,141795
2017-01-12,70.439598,71.391502,70.194397,70.439598,66.151199,121225
2017-01-13,70.915604,71.627098,70.675201,70.915604,66.598228,183417
2017-01-16,69.718399,70.675201,69.208801,69.718399,65.473915,42239
2017-01-17,69.713600,69.713600,69.016502,69.713600,65.469398,79050
2017-01-18,68.977997,69.708801,68.516502,68.977997,64.778587,92634
2017-01-19,68.747200,68.751999,68.155899,68.747200,64.561844,24728
2017-01-20,68.271301,68.511703,67.920303,68.271301,64.114914,39739
2017-01-23,69.463600,69.468399,67.506798,69.463600,65.234619,179484
2017-01-24,69.372299,69.708801,68.276100,69.372299,65.148880,63558
2017-02-02,69.930000,69.930000,68.449203,69.930000,65.672630,86061
2017-02-03,71.631897,72.598297,69.338600,71.631897,67.270905,187302
2017-02-06,69.997299,71.607903,69.232803,69.997299,65.735832,156760
2017-02-07,70.194397,70.194397,69.473198,70.194397,65.920929,107751
2017-02-08,69.468399,69.930000,68.997200,69.468399,65.239128,120894
2017-02-09,68.747200,69.468399,67.838600,68.747200,64.561844,195426
2017-02-10,68.271301,68.506798,67.694298,68.271301,64.114914,155991
2017-02-13,68.026100,68.449203,67.314499,68.026100,63.884640,141132
2017-02-14,67.213501,68.218399,66.352898,67.213501,63.121510,212361
2017-02-15,67.304901,67.304901,66.352898,67.304901,63.207344,136163
2017-02-16,65.867302,67.213501,65.675003,65.867302,61.857269,109594
2017-02-17,66.199097,66.588501,64.910599,66.199097,62.168861,87419
2017-02-18,null,null,null,null,null,null
2017-02-20,66.929901,68.266403,66.352898,66.929901,62.855179,78862
2017-02-21,67.256798,68.026100,66.348099,67.256798,63.162170,49161
2017-02-22,67.593399,68.026100,66.857803,67.593399,63.478279,28023
2017-02-23,66.973099,67.790497,66.593300,66.973099,62.895741,106182
2017-02-24,66.540398,67.064499,66.112503,66.540398,62.489388,43433
2017-03-01,66.155800,67.785698,66.112503,66.155800,62.128201,30098
2017-03-02,66.540398,66.828903,65.660599,66.540398,62.489388,84293
2017-03-03,65.915398,67.761597,65.679802,65.915398,61.902439,18534
2017-03-06,67.069298,67.069298,65.876999,67.069298,62.986084,9041
2017-03-07,66.112503,66.732697,66.112503,66.112503,62.087540,34890
2017-03-08,66.141403,66.776001,66.011597,66.141403,62.114681,61316
2017-03-09,66.867401,66.876999,66.146202,66.867401,62.796482,26107
2017-03-10,66.588501,67.035599,66.107697,66.588501,62.534565,51224
2017-03-13,67.838600,68.266403,66.352898,67.838600,63.708549,104215
2017-03-14,69.227997,70.189598,67.569298,69.227997,65.013359,221902
2017-03-15,69.136703,70.175201,69.136703,69.136703,64.927620,98260
2017-03-16,69.617500,69.949203,69.136703,69.617500,65.379150,139093
2017-03-17,75.242599,76.829201,69.232803,75.242599,70.661797,1075494
2017-03-20,74.040703,76.684998,73.271400,74.040703,69.533066,346449
2017-03-21,73.079102,73.809898,71.641502,73.079102,68.630005,219483
2017-03-22,71.631897,72.107903,70.194397,71.631897,67.270905,179188
2017-03-23,72.502197,72.838699,71.011703,72.502197,68.088234,180856
2017-03-24,73.069504,73.069504,71.800201,73.069504,68.621002,58552
2017-03-27,76.728203,76.925400,72.598297,76.728203,72.056953,629676
2017-03-28,74.997398,78.367699,72.127098,74.997398,70.431526,615805
2017-03-29,75.483002,76.199402,73.564697,75.483002,70.887558,185145
2017-03-30,75.487801,76.439796,74.766602,75.487801,70.892059,212788
2017-03-31,76.444603,76.901299,75.007004,76.444603,71.790611,119987
2017-04-05,76.257103,76.444603,75.872398,76.257103,71.614532,132182
2017-04-06,75.963799,76.584000,75.478203,75.963799,71.339088,110351
2017-04-07,80.286003,80.771599,76.444603,80.286003,75.398148,543240
2017-04-10,80.290802,82.016899,78.372498,80.290802,75.402657,505019
2017-04-11,78.853302,81.733200,78.372498,78.853302,74.052673,264156
2017-04-12,79.329300,80.050499,77.555199,79.329300,74.499687,177757
2017-04-13,79.810097,81.252403,79.329300,79.810097,74.951218,285461
2017-04-14,76.925400,78.848503,76.689796,76.925400,72.242149,234282
2017-04-17,75.963799,77.165802,75.242599,75.963799,71.339088,99400
2017-04-18,76.444603,78.132103,75.723396,76.444603,71.790611,38894
2017-04-19,74.040703,76.434998,73.752197,74.040703,69.533066,103847
2017-04-20,74.997398,74.997398,74.040703,74.997398,70.431526,123720
2017-04-21,75.002197,75.723396,74.526299,75.002197,70.436028,52443
2017-04-24,74.521400,75.247398,73.612801,74.521400,69.984505,136200
2017-04-25,74.757004,74.809898,74.281097,74.757004,70.205757,49336
2017-04-26,74.281097,75.002197,74.281097,74.281097,69.758835,38206
2017-04-27,75.002197,75.002197,74.281097,75.002197,70.436028,42002
2017-04-28,76.920601,76.925400,75.002197,76.920601,72.237633,123242
2017-05-02,77.160896,77.401299,74.521400,77.160896,72.463303,68128
2017-05-03,75.487801,77.160896,75.487801,75.487801,70.892059,25161
2017-05-04,75.968597,76.920601,75.487801,75.968597,71.343597,51027
2017-05-05,75.588799,76.439796,74.766602,75.588799,70.986916,47048
2017-05-08,75.963799,77.257103,75.483002,75.963799,71.339088,156583
2017-05-09,75.723396,77.160896,75.367599,75.723396,71.113319,116509
2017-05-10,75.771500,76.728203,75.728203,75.771500,71.158493,50740
2017-05-11,75.723396,75.963799,75.199303,75.723396,71.113319,88811
2017-05-12,74.733002,75.862801,74.040703,74.733002,70.183220,93954
2017-05-15,76.011902,76.925400,74.521400,76.011902,71.384262,241391
2017-05-16,75.617599,75.853203,75.007004,75.617599,71.013969,119945
2017-05-17,76.632103,77.401299,75.483002,76.632103,71.966705,248319
2017-05-18,75.963799,76.444603,75.545502,75.963799,71.339088,111881
2017-05-19,76.122498,77.156097,75.968597,76.122498,71.488129,13047
2017-05-22,76.343597,76.925400,75.728203,76.343597,71.695763,88767
2017-05-23,76.117599,76.728203,75.963799,76.117599,71.483528,110245
2017-05-24,75.776299,76.925400,75.776299,75.776299,71.162994,58429
2017-05-25,76.348396,76.910896,75.728203,76.348396,71.700264,132675
2017-05-26,75.776299,76.492699,75.776299,75.776299,71.162994,42686
2017-05-31,75.723396,76.684998,75.723396,75.723396,71.113319,106596
2017-06-01,76.348396,76.348396,75.535896,76.348396,71.700264,34081
2017-06-02,76.055099,76.795502,75.728203,76.055099,71.424828,84314
2017-06-03,null,null,null,null,null,null
2017-06-05,75.968597,76.684998,75.781097,75.968597,71.343597,68078
2017-06-06,76.204201,76.444603,75.819603,76.204201,71.564850,40912
2017-06-07,76.781097,76.819603,75.973396,76.781097,72.106621,93434
2017-06-08,75.776299,76.915703,75.728203,75.776299,71.162994,94154
2017-06-09,76.151299,76.680199,75.487801,76.151299,71.515167,93472
2017-06-12,74.761803,76.059998,74.285896,74.761803,70.210266,116626
2017-06-13,75.002197,75.233002,74.285896,75.002197,70.436028,50983
2017-06-14,73.939697,74.569504,73.083900,73.939697,69.438210,64550
2017-06-15,73.127197,74.170502,72.843498,73.127197,68.675179,75233
2017-06-16,72.886803,73.271400,72.362701,72.886803,68.449425,27540
2017-06-19,72.357903,73.223297,72.117500,72.357903,67.952713,741928
2017-06-20,74.040703,75.002197,72.117500,74.040703,69.533066,111409
2017-06-21,73.079102,74.040703,72.117500,73.079102,68.630005,284248
2017-06-22,73.079102,73.550301,72.598297,73.079102,68.630005,42836
2017-06-23,72.655998,73.800301,72.646400,72.655998,68.232666,21026
2017-06-26,74.035896,74.035896,72.598297,74.035896,69.528549,14794
2017-06-27,72.550201,73.079102,71.401199,72.550201,68.133316,183171
2017-06-28,72.112701,72.165604,71.155998,72.112701,67.722450,67583
2017-06-29,72.357903,72.357903,71.641502,72.357903,67.952713,46074
2017-06-30,71.886703,72.598297,71.881897,71.886703,67.510208,69472
2017-07-03,72.449303,72.454102,71.641502,72.449303,68.038559,10898
2017-07-04,72.353104,72.598297,71.881897,72.353104,67.948212,22596
2017-07-05,72.838699,72.838699,71.641502,72.838699,68.404243,38545
2017-07-06,74.526299,76.439796,72.122299,74.526299,69.989098,226754
2017-07-07,73.992599,75.478203,73.083900,73.992599,69.487885,61089
2017-07-10,74.521400,75.478203,74.040703,74.521400,69.984505,94674
2017-07-11,75.483002,75.723396,74.511803,75.483002,70.887558,186275
2017-07-12,77.122498,77.122498,75.963799,77.122498,72.427246,156504
2017-07-13,77.160896,79.137001,77.160896,77.160896,72.463303,169502
2017-07-14,77.406097,78.367699,76.930199,77.406097,72.693573,52892
2017-07-17,79.329300,79.612900,77.406097,79.329300,74.499687,283726
2017-07-18,79.579300,80.098503,78.608101,79.579300,74.734474,178512
2017-07-19,78.848503,79.848503,78.656197,78.848503,74.048164,195004
2017-07-20,79.569702,80.045601,79.093697,79.569702,74.725456,218497
2017-07-21,79.853302,80.074501,79.127296,79.853302,74.991791,181183
2017-07-24,80.055298,80.531197,79.098503,80.055298,75.181496,527904
2017-07-25,86.444901,108.153999,80.038200,86.444901,81.533287,731246
2017-07-26,88.187698,88.529297,86.444901,88.187698,83.177063,327801
2017-07-27,92.238098,93.757797,88.250504,92.238098,86.997330,484353
2017-07-28,90.557999,94.810501,89.240402,90.557999,85.412689,381470
2017-07-31,90.139702,91.262100,88.891800,90.139702,85.018158,254453
2017-08-01,89.930603,91.039001,89.728401,89.930603,84.820938,125249
2017-08-02,91.673401,93.757797,90.627701,91.673401,86.464714,516431
2017-08-03,90.627701,92.091698,89.951500,90.627701,85.478432,203347
2017-08-04,89.791100,90.627701,88.745399,89.791100,84.689362,220298
2017-08-07,88.487503,89.561096,87.846100,88.487503,83.459839,120761
2017-08-08,87.769402,88.536301,87.141998,87.769402,82.782539,193627
2017-08-09,87.141998,87.839104,86.528503,87.141998,82.190781,106256
2017-08-10,84.618401,87.155998,83.656303,84.618401,79.810570,120180
2017-08-11,84.381401,85.043602,82.959198,84.381401,79.587029,74794
2017-08-14,82.540901,84.388298,82.262100,82.540901,77.851105,96312
2017-08-15,83.656303,84.918098,82.617599,83.656303,78.903130,87057
2017-08-16,84.144302,84.269798,82.617599,84.144302,79.363403,75877
2017-08-17,85.392197,85.392197,84.004898,85.392197,80.540398,64166
2017-08-18,84.959999,85.392197,83.677200,84.959999,80.132759,60715
2017-08-21,86.375198,87.469704,84.959999,86.375198,81.467545,101622
2017-08-22,85.050598,86.723701,84.011902,85.050598,80.218208,75260
2017-08-23,84.360397,85.678001,84.095497,84.360397,79.567223,48933
2017-08-24,84.688103,84.695099,83.663300,84.688103,79.876305,38933
2017-08-25,84.353500,84.702003,83.656303,84.353500,79.560715,30354
2017-08-28,85.036697,85.036697,83.677200,85.036697,80.205093,26253
2017-08-29,83.928200,84.353500,83.370499,83.928200,79.159584,139969
2017-08-30,83.656303,83.914299,82.018097,83.656303,78.903130,180027
2017-08-31,85.050598,86.786499,83.496002,85.050598,80.218208,170887
2017-09-01,85.399200,86.096298,84.492897,85.399200,80.546997,58992
2017-09-04,85.475899,87.344200,85.050598,85.475899,80.619347,193260
2017-09-05,85.322502,86.723701,84.360397,85.322502,80.474663,71465
2017-09-06,84.353500,85.064499,83.725998,84.353500,79.560715,86149
2017-09-07,83.725998,85.322502,83.670303,83.725998,78.968864,63049
2017-09-08,84.074600,84.688103,83.656303,84.074600,79.297668,45847
2017-09-11,83.307800,84.004898,82.610603,83.307800,78.574425,119427
2017-09-12,82.589699,83.656303,82.268997,82.589699,77.897133,155890
2017-09-13,81.913498,82.959198,80.874802,81.913498,77.259346,132140
2017-09-14,81.836800,82.262100,81.139702,81.836800,77.187012,64097
2017-09-15,82.980103,84.165199,81.564903,82.980103,78.265350,120145
2017-09-18,82.255096,84.353500,81.983200,82.255096,77.581535,96301
2017-09-19,81.571899,82.610603,81.223297,81.571899,76.937157,77743
2017-09-20,80.177597,81.564903,79.829102,80.177597,75.622078,132691
2017-09-21,81.216400,81.216400,79.480499,81.216400,76.601852,31243
2017-09-22,80.177597,81.216400,79.905701,80.177597,75.622078,72439
2017-09-25,78.985497,80.519203,78.434799,78.985497,74.497711,102771
2017-09-26,78.915802,79.473503,78.232597,78.915802,74.431976,45923
2017-09-27,78.183800,79.027298,77.953796,78.183800,73.741562,67900
2017-09-28,78.511497,79.473503,78.511497,78.511497,74.050644,41560
2017-09-29,78.079201,79.062202,77.807404,78.079201,73.642906,85749
2017-10-02,78.853104,80.344902,78.776398,78.853104,74.372841,32954
2017-10-03,82.262100,83.300797,79.473503,82.262100,77.588142,225636
2017-10-05,81.811203,81.895103,80.496498,81.811203,77.162865,59951
2017-10-06,80.426598,81.454498,80.419601,80.426598,75.856934,23953
2017-10-11,79.972000,80.762199,79.028000,79.972000,75.428162,36432
2017-10-12,80.664299,80.664299,79.097900,80.664299,76.081123,6660
2017-10-13,80.671303,80.671303,79.272697,80.671303,76.087730,27729
2017-10-16,80.615402,80.615402,78.783203,80.615402,76.035004,119935
2017-10-17,78.986000,80.265701,78.328697,78.986000,74.498184,40499
2017-10-18,79.160797,80.069901,78.888100,79.160797,74.663055,54789
2017-10-19,79.160797,79.503502,78.769203,79.160797,74.663055,30207
2017-10-20,78.678299,79.433601,78.391602,78.678299,74.207962,39375
2017-10-23,77.964996,79.014000,76.405602,77.964996,73.535194,91901
2017-10-24,76.230797,77.964996,75.950996,76.230797,71.899529,43550
2017-10-25,75.300697,76.923103,75.286697,75.300697,71.022270,59100
2017-10-26,76.468498,76.468498,75.181801,76.468498,72.123718,68572
2017-10-27,75.286697,76.083900,75.286697,75.286697,71.009071,30662
2017-10-30,74.356598,75.867104,73.083900,74.356598,70.131821,73803
2017-10-31,74.139900,74.475502,73.223801,74.139900,69.927429,53892
2017-11-01,74.244797,74.755203,73.657303,74.244797,70.026367,145918
2017-11-02,75.517502,75.524498,74.475502,75.517502,71.226761,52970
2017-11-03,74.734299,75.174797,74.125900,74.734299,70.488060,60782
2017-11-06,75.104897,75.405602,74.349602,75.104897,70.837593,32942
2017-11-07,76.118896,76.118896,75.174797,76.118896,71.793983,50217
2017-11-08,76.363602,76.783203,75.636398,76.363602,72.024788,35861
2017-11-09,76.202797,77.125900,75.524498,76.202797,71.873116,87215
2017-11-10,75.244797,75.517502,74.832199,75.244797,70.969551,18195
2017-11-13,74.608398,75.517502,73.762199,74.608398,70.369316,59937
2017-11-14,73.412598,74.580399,71.685303,73.412598,69.241455,50956
2017-11-15,72.342697,72.713303,71.419601,72.342697,68.232346,75864
2017-11-16,72.720299,72.727303,71.678299,72.720299,68.588486,11800
2017-11-17,72.237801,72.370598,71.608398,72.237801,68.133408,30652
2017-11-20,72.167801,72.384598,71.790199,72.167801,68.067383,36106
2017-11-21,72.797203,73.426598,72.356598,72.797203,68.661018,48700
2017-11-22,73.216797,74.055901,72.496498,73.216797,69.056778,72633
2017-11-23,73.405602,74.007004,73.216797,73.405602,69.234856,28801
2017-11-24,73.216797,74.118896,73.153801,73.216797,69.056778,86838
2017-11-27,73.216797,73.671303,73.146896,73.216797,69.056778,47734
2017-11-28,75.748299,75.755203,73.426598,75.748299,71.444443,137239
2017-11-29,77.014000,77.552399,75.524498,77.014000,72.638229,201421
2017-11-30,74.475502,76.923103,73.964996,74.475502,70.243965,163144
2017-12-01,75.517502,75.517502,73.783203,75.517502,71.226761,41827
2017-12-04,73.986000,74.370598,73.426598,73.986000,69.782280,92978
2017-12-05,73.986000,73.986000,73.272697,73.986000,69.782280,28916
2017-12-06,72.727303,73.769203,71.335701,72.727303,68.595100,81941
2017-12-07,73.076897,74.118896,72.727303,73.076897,68.924828,87591
2017-12-08,72.958000,73.286697,72.153801,72.958000,68.812683,30233
2017-12-11,73.790199,74.118896,72.958000,73.790199,69.597603,44452
2017-12-12,75.811203,76.545502,74.125900,75.811203,71.503777,104176
2017-12-13,74.964996,75.594398,74.720299,74.964996,70.705650,48432
2017-12-14,75.664299,75.986000,74.839203,75.664299,71.365219,48252
2017-12-15,75.874100,76.083900,74.986000,75.874100,71.563095,49493
2017-12-18,74.825203,75.727303,74.125900,74.825203,70.573799,162818
2017-12-19,74.475502,75.384598,74.125900,74.475502,70.243965,37350
2017-12-20,74.405602,74.475502,73.916100,74.405602,70.178032,22532
2017-12-21,74.314697,74.475502,73.552399,74.314697,70.092293,46868
2017-12-22,73.916100,74.328697,73.216797,73.916100,69.716347,90723
2017-12-25,73.566399,74.321701,73.566399,73.566399,69.386513,37307
2017-12-26,73.076897,74.000000,72.734299,73.076897,68.924828,37109
2017-12-27,73.272697,73.419601,72.587402,73.272697,69.109505,34139
2017-12-28,72.489502,73.167801,72.356598,72.489502,68.370804,78418
2017-12-29,73.433601,74.475502,73.181801,73.433601,69.261261,62362
2018-01-02,74.825203,75.482498,73.916100,74.825203,70.573799,57200
2018-01-03,76.069901,76.454498,75.055901,76.069901,71.747772,87731
2018-01-04,76.223801,76.783203,75.825203,76.223801,71.892929,91379
2018-01-05,76.440598,76.454498,75.769203,76.440598,72.097404,36463
2018-01-08,77.202797,78.881104,76.468498,77.202797,72.816299,185053
2018-01-09,75.559402,77.272697,75.531502,75.559402,71.266281,79845
2018-01-10,76.412598,76.573402,75.664299,76.412598,72.070992,73560
2018-01-11,75.734299,76.419601,74.825203,75.734299,71.431236,44164
2018-01-12,76.573402,77.090897,75.524498,76.573402,72.222672,207192
2018-01-15,77.132896,77.272697,76.223801,77.132896,72.750374,102223
2018-01-16,76.468498,76.804199,75.992996,76.468498,72.123718,64934
2018-01-17,76.538498,76.538498,75.874100,76.538498,72.189743,31222
2018-01-18,76.083900,76.566399,75.853104,76.083900,71.760979,52226
2018-01-19,75.804199,76.188797,75.174797,75.804199,71.497169,98657
2018-01-22,77.524498,78.209801,76.090897,77.524498,73.119728,183165
2018-01-23,78.671303,78.909103,76.923103,78.671303,74.201370,162294
2018-01-24,78.146896,79.014000,77.377602,78.146896,73.706757,72489
2018-01-25,77.622398,78.202797,76.678299,77.622398,73.212059,96414
2018-01-26,76.223801,76.950996,76.223801,76.223801,71.892929,20416
2018-01-29,77.000000,78.566399,76.755203,77.000000,72.625023,37024
2018-01-30,78.202797,78.279701,76.223801,78.202797,73.759483,58780
2018-01-31,77.622398,78.209801,77.035004,77.622398,73.212059,47127
2018-02-01,79.720299,80.958000,77.622398,79.720299,75.190765,484649
2018-02-02,79.958000,80.419601,76.853104,79.958000,75.414955,292984
2018-02-05,83.216797,84.090897,74.160797,83.216797,78.488602,662147
2018-02-06,80.419601,82.223801,78.797203,80.419601,75.850327,395399
2018-02-07,82.307701,83.559402,81.125900,82.307701,77.631157,192794
2018-02-08,82.062897,83.000000,80.531502,82.062897,77.400261,129658
2018-02-09,82.062897,82.062897,82.062897,82.062897,77.400261,0
2018-02-12,81.118896,81.713303,80.069901,81.118896,76.509895,109430
2018-02-21,81.496498,82.510498,81.125900,81.496498,76.866043,94930
2018-02-22,80.615402,81.496498,80.307701,80.615402,76.035004,157996
2018-02-23,81.118896,81.118896,80.531502,81.118896,76.509895,105220
2018-02-26,82.517502,83.482498,80.916100,82.517502,77.829033,169322
2018-02-27,83.118896,83.426598,82.265701,83.118896,78.396255,98029
2018-03-01,82.517502,82.860100,82.028000,82.517502,77.829033,49070
2018-03-02,82.307701,82.713303,82.209801,82.307701,77.631157,42895
2018-03-05,82.307701,82.307701,82.307701,82.307701,77.631157,0
2018-03-06,82.972000,83.916100,82.517502,82.972000,78.257713,79455
2018-03-07,82.839203,83.216797,82.832199,82.839203,78.132462,53746
2018-03-08,83.076897,83.216797,82.832199,83.076897,78.356644,49482
2018-03-09,82.028000,82.867104,81.818199,82.028000,77.367340,100669
2018-03-12,81.678299,82.447601,81.069901,81.678299,77.037514,103048
2018-03-13,81.678299,82.167801,81.195801,81.678299,77.037514,59639
2018-03-14,81.174797,82.069901,81.076897,81.174797,76.562622,83060
2018-03-15,81.545502,82.055901,81.167801,81.545502,76.912262,19705
2018-03-16,81.482498,81.818199,81.356598,81.482498,76.852837,28308
2018-03-19,81.818199,82.062897,81.482498,81.818199,77.169464,53350
2018-03-20,84.118896,84.440598,82.028000,84.118896,79.339447,292297
2018-03-21,84.265701,84.867104,83.356598,84.265701,79.477905,153560
2018-03-22,87.685303,90.209801,84.265701,87.685303,82.703217,277088
2018-03-23,87.174797,88.804199,84.615402,87.174797,82.221718,192332
2018-03-26,87.825203,88.461502,86.650398,87.825203,82.835167,112959
2018-03-27,89.363602,89.510498,88.035004,89.363602,84.286156,150719
2018-03-28,88.811203,89.370598,88.405602,88.811203,83.765144,83725
2018-03-29,87.279701,88.811203,87.279701,87.279701,82.320656,142126
2018-03-30,87.552399,88.111900,87.412598,87.552399,82.577866,47484
2018-04-02,86.923103,88.028000,86.650398,86.923103,81.984322,109625
2018-04-03,86.573402,86.713303,86.014000,86.573402,81.654488,84839
2018-04-09,86.265701,86.713303,85.608398,86.265701,81.364273,114511
2018-04-10,84.964996,85.992996,84.964996,84.964996,80.137474,81271
2018-04-11,85.349602,86.496498,84.622398,85.349602,80.500221,103194
2018-04-12,84.839203,85.524498,84.839203,84.839203,80.018822,34039
2018-04-13,85.049004,85.559402,84.790199,85.049004,80.216705,61953
2018-04-16,85.916100,85.916100,85.181801,85.916100,81.034531,34224
2018-04-17,85.314697,85.916100,84.923103,85.314697,80.467300,47192
2018-04-18,84.405602,85.524498,84.356598,84.405602,79.609856,92605
2018-04-19,84.356598,84.881104,84.272697,84.356598,79.563637,67114
2018-04-20,84.615402,84.867104,84.272697,84.615402,79.807732,39267
2018-04-23,84.447601,85.314697,84.412598,84.447601,79.649475,39027
2018-04-24,83.930099,84.615402,83.916100,83.930099,79.161377,90041
2018-04-25,83.202797,83.916100,78.461502,83.202797,78.475388,88772
2018-04-26,83.216797,83.916100,82.258698,83.216797,78.488602,61757
2018-04-27,83.902100,83.916100,82.517502,83.902100,79.134964,22329
2018-04-30,83.216797,83.237801,82.524498,83.216797,78.488602,32471
2018-05-02,82.853104,82.950996,82.524498,82.853104,78.145569,30815
2018-05-03,81.818199,82.377602,81.118896,81.818199,77.169464,99773
2018-05-04,81.356598,82.097900,80.853104,81.356598,76.734093,39583
2018-05-07,80.874100,81.468498,80.874100,80.874100,76.279007,51480
2018-05-08,80.769203,81.118896,80.076897,80.769203,76.180077,55780
2018-05-09,82.286697,82.978996,80.769203,82.286697,77.611343,88268
2018-05-10,82.964996,83.825203,82.517502,82.964996,78.251106,30856
2018-05-11,86.713303,88.811203,83.028000,86.713303,81.786446,324845
2018-05-14,88.370598,88.804199,87.062897,88.370598,83.349571,59874
2018-05-15,87.335701,88.461502,86.021004,87.335701,82.373474,96688
2018-05-16,86.706299,87.678299,85.748299,86.706299,81.779839,82107
2018-05-17,86.014000,86.713303,85.755203,86.014000,81.126869,40699
2018-05-18,85.538498,86.972000,85.538498,85.538498,80.678391,28647
2018-05-21,86.279701,87.042000,85.321701,86.279701,81.377472,60737
2018-05-22,84.615402,86.713303,83.650398,84.615402,79.807732,93173
2018-05-23,85.062897,85.314697,84.615402,85.062897,80.229805,29691
2018-05-24,84.615402,85.090897,84.503502,84.615402,79.807732,14801
2018-05-25,84.356598,84.615402,84.055901,84.356598,79.563637,17701
2018-05-28,86.279701,86.363602,83.950996,86.279701,81.377472,77653
2018-05-29,88.111900,88.167801,85.734299,88.111900,83.105568,177350
2018-05-30,90.909103,91.181801,87.139900,90.909103,85.743851,370969
2018-05-31,93.776199,95.049004,91.258698,93.776199,88.448036,431735
2018-06-01,92.042000,93.706299,90.209801,92.042000,86.812370,166557
2018-06-04,93.356598,93.706299,91.335701,93.356598,88.052277,151814
2018-06-05,93.356598,93.978996,92.370598,93.356598,88.052277,182982
2018-06-06,96.014000,96.314697,92.944099,96.014000,90.558693,201043
2018-06-07,96.853104,101.399002,95.531502,96.853104,91.350121,530212
2018-06-08,95.314697,97.545502,94.412598,95.314697,89.899124,194851
2018-06-11,94.895103,96.713303,94.748299,94.895103,89.503365,119796
2018-06-12,93.706299,94.685303,92.657303,93.706299,88.382111,192284
2018-06-13,92.923103,94.405602,92.475502,92.923103,87.643417,60357
2018-06-14,92.384598,93.139900,92.307701,92.384598,87.135498,69821
2018-06-15,94.755203,95.049004,92.314697,94.755203,89.371422,50471
2018-06-19,95.035004,95.524498,94.405602,95.035004,89.635315,196557
2018-06-20,92.237801,95.664299,91.964996,92.237801,86.997047,140275
2018-06-21,93.664299,93.664299,92.657303,93.664299,88.342499,14249
2018-06-22,93.356598,94.790199,93.356598,93.356598,88.052277,80181
2018-06-25,92.454498,93.363602,92.035004,92.454498,87.201431,56342
2018-06-26,91.958000,92.622398,91.608398,91.958000,86.733147,76078
2018-06-27,91.964996,92.657303,91.964996,91.964996,86.739746,32543
2018-06-28,91.174797,91.958000,90.629402,91.174797,85.994446,104588
2018-06-29,91.531502,91.545502,90.706299,91.531502,86.330879,38635
2018-07-02,91.335701,92.377602,91.335701,91.335701,86.146202,25877
2018-07-03,91.042000,92.279701,90.209801,91.042000,85.869194,85303
2018-07-04,90.874100,91.258698,90.419601,90.874100,85.710831,47754
2018-07-05,90.909103,91.258698,90.286697,90.909103,85.743851,37105
2018-07-06,92.090897,92.307701,91.062897,92.090897,86.858490,57789
2018-07-09,93.706299,93.706299,91.608398,93.706299,88.382111,146971
2018-07-10,95.104897,95.384598,93.356598,95.104897,89.701241,211455
2018-07-11,97.153801,97.160797,95.104897,97.153801,91.633736,196406
2018-07-12,96.146896,96.685303,95.706299,96.146896,90.684036,48362
2018-07-13,97.132896,97.377602,96.503502,97.132896,91.614014,70604
2018-07-16,99.825203,100.419998,97.132896,99.825203,94.153343,234823
2018-07-17,97.902100,100.343002,97.622398,97.902100,92.339516,84866
2018-07-18,98.601402,99.692299,97.950996,98.601402,92.999077,80569
2018-07-19,97.902100,98.874100,96.538498,97.902100,92.339516,144860
2018-07-20,99.909103,100.698997,97.762199,99.909103,94.232483,449726
2018-07-23,105.320000,110.500000,102.989998,105.320000,99.825043,445949
2018-07-24,102.989998,105.320000,101.010002,102.989998,97.616608,167717
2018-07-25,102.709999,103.500000,102.690002,102.709999,97.351219,71357
2018-07-26,103.099998,103.800003,102.510002,103.099998,97.720871,38994
2018-07-27,103.199997,103.610001,102.910004,103.199997,97.815651,33756
2018-07-30,103.309998,104.309998,103.000000,103.309998,97.919914,30015
2018-07-31,103.690002,104.339996,103.029999,103.690002,98.280090,47648
2018-08-01,103.849998,104.419998,103.360001,103.849998,98.431740,38460
2018-08-02,103.379997,104.099998,103.370003,103.379997,97.986259,27375
2018-08-03,103.300003,103.989998,103.150002,103.300003,97.910439,22666
2018-08-06,103.730003,103.889999,103.199997,103.730003,98.318001,30050
2018-08-07,103.169998,103.690002,103.160004,103.169998,97.787216,44620
2018-08-08,102.709999,103.599998,102.709999,102.709999,97.351219,83913
2018-08-09,101.809998,103.199997,101.660004,101.809998,96.498169,77598
2018-08-10,102.000000,102.290001,101.169998,102.000000,96.678261,50219
2018-08-13,100.300003,102.330002,99.680000,100.300003,95.066963,98163
2018-08-14,100.290001,100.400002,99.870003,100.290001,95.057480,27803
2018-08-15,99.599998,100.400002,99.120003,99.599998,94.403481,33517
2018-08-16,98.769997,99.269997,97.849998,98.769997,93.616783,62434
2018-08-17,99.290001,99.300003,98.699997,99.290001,94.109650,25211
2018-08-20,95.000000,99.290001,94.099998,95.000000,90.043480,107361
2018-08-21,91.669998,95.389999,90.500000,91.669998,86.887215,139723
2018-08-22,88.500000,91.199997,87.800003,88.500000,83.882607,192291
2018-08-23,88.900002,89.489998,88.000000,88.900002,84.261742,29200
2018-08-24,88.239998,88.500000,88.000000,88.239998,83.636169,19877
2018-08-27,88.199997,88.389999,87.800003,88.199997,83.598259,4925
2018-08-28,91.480003,91.480003,88.199997,91.480003,86.707130,51255
2018-08-29,90.449997,91.279999,90.000000,90.449997,85.730865,91269
2018-08-30,89.800003,90.449997,89.300003,89.800003,85.114784,25950
2018-08-31,91.000000,93.300003,89.559998,91.000000,86.252174,87179
2018-09-03,89.800003,90.510002,89.650002,89.800003,85.114784,34133
2018-09-04,89.699997,90.370003,89.699997,89.699997,85.019997,46264
2018-09-05,89.300003,89.989998,89.300003,89.300003,84.640869,26295
2018-09-06,89.419998,89.690002,89.000000,89.419998,84.754608,20872
2018-09-07,89.250000,89.900002,89.000000,89.250000,84.593475,34940
2018-09-10,82.000000,89.099998,81.510002,82.000000,77.721741,167551
2018-09-11,80.199997,82.000000,77.000000,80.199997,76.015648,181540
2018-09-12,78.800003,80.239998,78.760002,78.800003,74.688698,82248
2018-09-13,78.800003,79.500000,78.000000,78.800003,74.688698,27234
2018-09-14,79.790001,79.790001,78.500000,79.790001,75.627045,25620
2018-09-17,79.000000,79.989998,79.000000,79.000000,74.878258,4733
2018-09-18,78.250000,79.989998,78.010002,78.250000,74.167389,20958
2018-09-19,78.230003,78.900002,77.790001,78.230003,74.148438,31717
2018-09-20,77.800003,78.260002,77.790001,77.800003,73.740875,18538
2018-09-21,76.709999,78.199997,75.599998,76.709999,72.707741,164580
2018-09-25,75.330002,75.699997,74.769997,75.330002,71.399742,41121
2018-09-26,76.379997,76.620003,75.010002,76.379997,72.394951,48110
2018-09-27,77.599998,78.040001,76.500000,77.599998,73.551300,36352
2018-09-28,78.599998,78.839996,77.599998,78.599998,74.499130,22305
2018-10-01,78.000000,79.760002,78.000000,78.000000,73.930435,6871
2018-10-02,78.500000,79.000000,78.000000,78.500000,74.404350,5726
2018-10-03,78.500000,79.260002,78.000000,78.500000,74.404350,24001
2018-10-04,83.300003,84.209999,78.000000,83.300003,78.953918,137173
2018-10-05,82.379997,84.779999,80.800003,82.379997,78.081909,252233
2018-10-08,79.070000,82.459999,79.000000,79.070000,74.944611,66678
2018-10-09,79.000000,80.199997,78.599998,79.000000,74.878258,72362
2018-10-11,72.500000,78.500000,72.010002,72.500000,68.717392,152771
2018-10-12,76.389999,76.489998,73.000000,76.389999,72.404434,39001
2018-10-15,76.790001,76.800003,74.769997,76.790001,72.783569,39529
2018-10-16,75.000000,77.570000,75.000000,75.000000,71.086960,65776
2018-10-17,72.529999,76.190002,72.529999,72.529999,68.745827,123160
2018-10-18,73.500000,74.500000,72.209999,73.500000,69.665215,84695
2018-10-19,73.169998,73.169998,72.000000,73.169998,69.352432,34400
2018-10-22,73.320000,73.500000,72.900002,73.320000,69.494606,25589
2018-10-23,72.400002,72.910004,71.779999,72.400002,68.622612,25010
2018-10-24,71.989998,72.000000,71.300003,71.989998,68.234001,35430
2018-10-25,68.300003,71.900002,68.000000,68.300003,64.736526,90088
2018-10-26,67.589996,69.190002,67.000000,67.589996,64.063560,74907
2018-10-29,67.300003,67.650002,66.309998,67.300003,63.788700,63367
2018-10-30,67.480003,67.480003,66.500000,67.480003,63.959309,51845
2018-10-31,67.989998,68.220001,67.000000,67.989998,64.442696,53429
2018-11-01,70.800003,72.000000,67.989998,70.800003,67.106087,127277
2018-11-02,70.970001,70.970001,68.699997,70.970001,67.267220,100670
2018-11-05,69.199997,69.300003,68.599998,69.199997,65.589561,29370
2018-11-06,69.300003,69.900002,69.000000,69.300003,65.684349,28808
2018-11-07,69.989998,70.050003,69.400002,69.989998,66.338348,22978
2018-11-08,70.000000,70.300003,69.779999,70.000000,66.347824,30307
2018-11-09,69.300003,70.599998,69.300003,69.300003,65.684349,52359
2018-11-12,70.489998,70.489998,69.400002,70.489998,66.812256,49123
2018-11-13,74.110001,74.720001,69.900002,74.110001,70.243393,148372
2018-11-14,73.500000,75.000000,73.099998,73.500000,69.665215,103322
2018-11-15,74.000000,74.269997,73.910004,74.000000,70.139130,51434
2018-11-16,75.000000,75.230003,74.199997,75.000000,71.086960,72970
2018-11-19,74.500000,75.000000,73.000000,74.500000,70.613045,52005
2018-11-20,74.260002,75.000000,73.099998,74.260002,70.385567,64240
2018-11-21,72.870003,74.250000,72.269997,72.870003,69.068092,54703
2018-11-22,72.989998,73.730003,72.510002,72.989998,69.181824,40759
2018-11-23,72.300003,73.220001,71.500000,72.300003,68.527832,60139
2018-11-26,73.000000,73.949997,72.000000,73.000000,69.191307,36000
2018-11-27,74.300003,74.300003,73.000000,74.300003,70.423485,59267
2018-11-28,74.300003,74.550003,73.000000,74.300003,70.423485,79716
2018-11-29,74.000000,74.730003,73.500000,74.000000,70.139130,91457
2018-11-30,74.209999,74.300003,73.000000,74.209999,70.338173,119843
2018-12-03,76.230003,76.370003,74.000000,76.230003,72.252785,179465
2018-12-04,75.230003,76.300003,74.800003,75.230003,71.304962,91448
2018-12-05,75.889999,76.000000,74.500000,75.889999,71.930519,89212
2018-12-06,75.040001,76.000000,74.010002,75.040001,71.124870,57900
2018-12-07,75.500000,76.000000,74.760002,75.500000,71.560867,64326
2018-12-10,74.150002,75.300003,73.510002,74.150002,70.281303,77117
2018-12-11,75.500000,75.500000,73.800003,75.500000,71.560867,82006
2018-12-12,75.430000,76.000000,74.760002,75.430000,71.494522,130460
2018-12-13,75.430000,76.239998,74.779999,75.430000,71.494522,207521
2018-12-14,75.900002,76.199997,74.309998,75.900002,71.940002,145228
2018-12-17,80.550003,83.150002,76.000000,80.550003,76.347397,541204
2018-12-18,80.760002,81.010002,79.330002,80.760002,76.546440,178153
2018-12-19,85.769997,88.500000,82.000000,85.769997,81.295044,548851
2018-12-20,85.400002,87.699997,84.800003,85.400002,80.944351,467057
2018-12-21,86.190002,87.300003,85.000000,86.190002,81.693130,408750
2018-12-24,83.800003,85.000000,83.300003,83.800003,79.427826,296942
2018-12-25,80.599998,83.550003,79.000000,80.599998,76.394783,378925
2018-12-26,80.709999,82.800003,80.610001,80.709999,76.499046,256322
2018-12-27,81.000000,83.199997,80.599998,81.000000,76.773911,291798
2018-12-28,80.400002,81.000000,79.900002,80.400002,76.205215,276075
2019-01-02,81.500000,83.000000,80.239998,81.500000,77.247826,340825
2019-01-03,81.489998,82.000000,80.000000,81.489998,77.238342,318314
2019-01-04,80.779999,81.250000,79.900002,80.779999,76.565392,289767
2019-01-07,81.750000,82.300003,81.199997,81.750000,77.484779,180586
2019-01-08,81.580002,82.000000,80.900002,81.580002,77.323654,180943
2019-01-09,81.849998,81.900002,80.849998,81.849998,77.579567,350294
2019-01-10,85.260002,85.559998,81.699997,85.260002,80.811653,707774
2019-01-11,84.760002,86.760002,83.400002,84.760002,80.337738,590408
2019-01-14,81.690002,85.489998,81.000000,81.690002,77.427917,487677
2019-01-15,81.750000,81.980003,80.250000,81.750000,77.484779,464178
2019-01-16,82.900002,83.000000,81.199997,82.900002,78.574783,780911
2019-01-17,80.000000,83.400002,79.000000,81.400002,77.153046,5312511
2019-01-18,82.000000,83.199997,76.500000,77.099998,73.077393,3941784
2019-01-21,77.500000,77.900002,75.500000,75.699997,71.750435,1497997
2019-01-22,76.099998,78.500000,76.000000,77.300003,73.266960,1805084
2019-01-23,76.699997,76.900002,74.000000,75.500000,71.560867,1885694
2019-01-24,74.800003,75.300003,74.300003,74.900002,70.992172,773591
2019-01-25,75.000000,76.500000,74.400002,75.800003,71.845222,759306
2019-01-28,76.000000,76.599998,74.500000,75.900002,71.940002,896654
2019-01-29,75.300003,75.699997,74.599998,74.900002,70.992172,474275
2019-01-30,75.500000,75.500000,74.699997,74.900002,70.992172,482279
2019-02-11,75.599998,75.699997,73.900002,73.900002,70.044350,547827
2019-02-12,73.300003,73.300003,68.000000,70.000000,66.347824,1497726
2019-02-13,69.900002,71.800003,69.000000,71.699997,67.959129,709454
2019-02-14,71.000000,71.500000,70.699997,70.800003,67.106087,444953
2019-02-15,70.699997,71.099998,69.099998,70.000000,66.347824,475256
2019-02-18,70.199997,70.199997,69.300003,69.500000,65.873917,330703
2019-02-19,69.900002,76.400002,69.900002,76.400002,72.413918,2002601
2019-02-20,76.699997,77.300003,74.199997,76.900002,72.887825,2419760
2019-02-21,76.000000,79.000000,75.400002,78.000000,73.930435,1616204
2019-02-22,77.300003,77.500000,76.500000,76.800003,72.793045,662092
2019-02-25,77.000000,77.800003,75.599998,76.199997,72.224342,544959
2019-02-26,76.199997,76.300003,74.699997,74.699997,70.802605,498264
2019-02-27,74.800003,75.199997,73.400002,73.599998,69.760002,396623
2019-03-04,73.599998,74.300003,73.400002,73.500000,69.665215,198635
2019-03-05,73.500000,73.500000,72.300003,72.300003,68.527832,296639
2019-03-06,72.599998,73.800003,72.400002,72.400002,68.622612,225062
2019-03-07,72.800003,72.800003,71.300003,71.300003,67.580002,239866
2019-03-08,70.900002,71.699997,70.500000,71.099998,67.390434,200375
2019-03-11,71.099998,72.000000,70.699997,71.500000,67.769562,148868
2019-03-12,71.800003,73.000000,71.699997,72.099998,68.338257,202480
2019-03-13,72.099998,72.099998,71.099998,71.400002,67.674782,165441
2019-03-14,71.900002,74.500000,71.599998,73.900002,70.044350,496586
2019-03-15,73.599998,73.599998,72.300003,72.500000,68.717392,300710
2019-03-18,72.500000,72.599998,71.599998,71.800003,68.053917,189291
2019-03-19,72.000000,72.400002,71.599998,71.800003,68.053917,138269
2019-03-20,72.400002,72.400002,71.400002,71.500000,67.769562,206287
2019-03-21,71.199997,71.800003,71.199997,71.699997,67.959129,161684
2019-03-22,72.000000,72.199997,71.000000,71.000000,67.295654,217640
2019-03-25,70.800003,70.800003,68.699997,68.800003,65.210434,437082
2019-03-26,69.500000,72.199997,69.500000,71.599998,67.864349,465481
2019-03-27,71.599998,71.800003,70.099998,70.099998,66.442604,235289
2019-03-28,70.599998,70.599998,69.599998,69.800003,66.158264,80034
2019-03-29,71.000000,71.000000,70.000000,70.500000,66.821739,194509
2019-04-01,70.900002,71.300003,69.800003,69.800003,66.158264,176307
2019-04-02,71.099998,74.000000,70.800003,71.800003,68.053917,600989
2019-04-03,71.099998,71.599998,70.500000,71.000000,67.295654,262170
2019-04-08,71.000000,71.400002,70.699997,71.300003,67.580002,313885
2019-04-09,71.300003,71.300003,70.500000,71.000000,67.295654,187535
2019-04-10,70.900002,70.900002,70.400002,70.500000,66.821739,136419
2019-04-11,70.699997,71.300003,70.000000,70.199997,66.537392,188343
2019-04-12,70.400002,70.400002,69.500000,69.599998,65.968697,184247
2019-04-15,69.300003,74.000000,68.900002,74.000000,70.139130,1667325
2019-04-16,74.000000,76.099998,72.699997,76.099998,72.129562,2407675
2019-04-17,76.900002,79.599998,76.599998,77.900002,73.835655,3513468
2019-04-18,77.500000,77.599998,74.699997,75.000000,71.086960,1340395
2019-04-19,75.800003,76.000000,74.199997,75.500000,71.560867,578568
2019-04-22,75.500000,75.500000,74.000000,74.300003,70.423485,318680
2019-04-23,74.199997,74.199997,72.800003,73.000000,69.191307,457436
2019-04-24,74.000000,74.000000,73.300003,73.500000,69.665215,197341
2019-04-25,74.199997,76.300003,74.099998,74.800003,70.897392,538399
2019-04-26,74.500000,74.500000,73.599998,74.199997,70.328690,274525
2019-04-29,73.800003,73.800003,71.699997,71.699997,67.959129,346310
2019-04-30,72.199997,72.199997,71.199997,71.400002,67.674782,162763
2019-05-02,72.800003,72.800003,71.699997,72.000000,68.243477,139550
2019-05-03,72.000000,72.000000,70.699997,71.300003,67.580002,305892
2019-05-06,69.000000,71.000000,68.800003,71.000000,67.295654,423838
2019-05-07,71.000000,71.900002,71.000000,71.599998,67.864349,161284
2019-05-08,70.500000,71.300003,70.300003,71.099998,67.390434,149389
2019-05-09,70.400002,70.400002,69.300003,69.800003,66.158264,438406
2019-05-10,69.199997,71.000000,69.199997,70.000000,66.347824,264120
2019-05-13,70.000000,70.699997,70.000000,70.199997,66.537392,338603
2019-05-14,69.300003,72.000000,68.500000,71.500000,67.769562,310291
2019-05-15,73.500000,73.500000,70.199997,70.500000,66.821739,557736
2019-05-16,70.500000,72.500000,69.000000,72.500000,68.717392,495944
2019-05-17,72.500000,73.000000,71.400002,72.400002,68.622612,586670
2019-05-20,72.400002,73.400002,70.800003,72.199997,68.433044,250145
2019-05-21,72.000000,72.000000,70.800003,71.000000,67.295654,105204
2019-05-22,71.000000,71.500000,70.599998,71.199997,67.485214,89500
2019-05-23,70.699997,70.699997,69.400002,69.800003,66.158264,132081
2019-05-24,69.800003,70.000000,69.300003,69.800003,66.158264,104263
2019-05-27,70.099998,70.099998,68.000000,68.199997,64.641739,260300
2019-05-28,68.199997,68.199997,66.699997,68.099998,64.546959,162535
2019-05-29,67.199997,68.000000,67.000000,67.300003,63.788700,51537
2019-05-30,68.599998,68.599998,67.300003,67.400002,63.883480,96050
2019-05-31,67.599998,68.599998,67.500000,68.199997,64.641739,62110
2019-06-03,68.199997,68.199997,66.699997,66.800003,63.314785,132009
2019-06-04,67.400002,68.000000,66.699997,68.000000,64.452171,75022
2019-06-05,68.699997,68.699997,67.599998,68.099998,64.546959,50006
2019-06-06,67.500000,67.500000,67.000000,67.300003,63.788700,33200
2019-06-10,67.300003,67.300003,66.500000,67.000000,63.504349,142520
2019-06-11,67.699997,67.800003,67.099998,67.300003,63.788700,97318
2019-06-12,67.300003,67.300003,66.699997,66.900002,63.409565,63608
2019-06-13,66.900002,66.900002,65.800003,66.599998,63.125217,178845
2019-06-14,66.400002,66.400002,65.000000,65.500000,62.082607,250956
2019-06-17,65.099998,65.099998,60.000000,60.099998,56.964348,759420
2019-06-18,60.500000,60.599998,56.400002,56.799999,53.836521,961266
2019-06-19,57.200001,58.200001,57.000000,57.500000,54.500000,300044
2019-06-20,57.799999,57.799999,56.700001,57.200001,54.215652,195456
2019-06-21,57.200001,57.799999,57.000000,57.000000,54.026089,210369
2019-06-24,57.099998,57.299999,56.700001,57.200001,54.215652,103214
2019-06-25,57.700001,58.099998,57.000000,57.000000,54.026089,184043
2019-06-26,57.000000,57.200001,56.900002,57.000000,54.026089,84718
2019-06-27,57.700001,57.900002,57.400002,57.500000,54.500000,113898
2019-06-28,58.000000,58.200001,57.700001,57.900002,54.879131,112669
2019-07-01,58.500000,59.200001,58.099998,59.099998,56.016521,246508
2019-07-02,59.000000,59.000000,58.599998,58.799999,55.732174,91580
2019-07-03,58.700001,59.200001,58.400002,59.099998,56.016521,229342
2019-07-04,59.099998,59.200001,58.599998,59.000000,55.921738,151098
2019-07-05,58.599998,59.299999,58.599998,59.099998,56.016521,181187
2019-07-08,59.099998,59.099998,58.500000,59.000000,55.921738,214372
2019-07-09,58.599998,58.599998,58.000000,58.299999,55.258259,224600
2019-07-10,58.299999,58.299999,57.400002,57.500000,54.500000,349028
2019-07-11,55.299999,55.700001,54.799999,55.700001,55.700001,276975
2019-07-12,55.500000,55.500000,55.000000,55.200001,55.200001,131744
2019-07-15,55.200001,55.299999,52.000000,53.000000,53.000000,392135
2019-07-16,52.500000,52.700001,52.000000,52.500000,52.500000,169430
2019-07-17,52.599998,53.000000,52.200001,52.299999,52.299999,149834
2019-07-18,52.400002,52.400002,51.000000,51.200001,51.200001,386758
2019-07-19,51.200001,51.400002,49.599998,51.099998,51.099998,457220
2019-07-22,56.200001,56.200001,56.200001,56.200001,56.200001,428269
2019-07-23,61.799999,61.799999,61.799999,61.799999,61.799999,2459086
2019-07-24,61.799999,64.699997,61.000000,61.599998,61.599998,2445468
2019-07-25,61.700001,64.400002,60.700001,63.000000,63.000000,1716884
2019-07-26,63.200001,65.199997,63.000000,63.000000,63.000000,1433673
2019-07-29,63.099998,63.599998,61.000000,61.299999,61.299999,803320
2019-07-30,61.900002,61.900002,58.599998,59.099998,59.099998,573296
2019-07-31,59.099998,60.400002,58.000000,59.900002,59.900002,480841
2019-08-01,58.900002,60.299999,58.000000,58.700001,58.700001,495161
2019-08-02,59.000000,60.599998,58.299999,59.299999,59.299999,744237
2019-08-05,59.799999,60.000000,56.000000,56.599998,56.599998,456800
2019-08-06,54.799999,56.400002,54.099998,56.299999,56.299999,373169
2019-08-07,56.500000,57.299999,54.000000,54.799999,54.799999,366611
2019-08-08,55.000000,55.799999,54.400002,54.900002,54.900002,336030
2019-08-12,54.099998,56.400002,53.900002,56.000000,56.000000,410664
2019-08-13,57.299999,60.099998,57.299999,58.599998,58.599998,1464542
2019-08-14,58.900002,59.599998,58.000000,58.500000,58.500000,454806
2019-08-15,56.599998,57.799999,56.299999,56.599998,56.599998,313425
2019-08-16,56.799999,57.799999,56.000000,57.500000,57.500000,186209
2019-08-19,58.400002,60.000000,58.099998,58.599998,58.599998,627215
2019-08-20,58.200001,59.200001,58.200001,58.400002,58.400002,197573
2019-08-21,58.799999,58.799999,57.599998,58.099998,58.099998,225204
2019-08-22,58.799999,60.500000,58.400002,60.500000,60.500000,379341
2019-08-23,61.099998,61.299999,59.400002,59.400002,59.400002,377629
2019-08-26,58.500000,58.500000,57.799999,58.000000,58.000000,170522
2019-08-27,58.500000,59.099998,58.299999,58.299999,58.299999,132298
2019-08-28,60.900002,62.599998,59.700001,60.099998,60.099998,1083968
2019-08-29,61.000000,61.000000,59.799999,59.900002,59.900002,253441
2019-08-30,60.799999,60.799999,59.400002,59.400002,59.400002,274270
2019-09-02,59.700001,60.400002,59.099998,60.200001,60.200001,221045
2019-09-03,60.500000,60.900002,59.000000,59.000000,59.000000,282356
2019-09-04,59.200001,59.700001,58.700001,59.099998,59.099998,207248
2019-09-05,59.599998,59.900002,58.700001,58.700001,58.700001,217075
2019-09-06,59.000000,59.500000,58.400002,58.400002,58.400002,177200
2019-09-10,58.099998,58.500000,57.799999,58.500000,58.500000,83667
2019-09-11,59.000000,59.000000,57.599998,57.700001,57.700001,192611
2019-09-12,58.000000,58.099998,56.099998,56.500000,56.500000,328468
2019-09-16,56.400002,56.400002,55.200001,55.700001,55.700001,205734
2019-09-17,56.299999,56.299999,55.400002,55.700001,55.700001,85773
2019-09-18,55.700001,56.700001,55.500000,56.299999,56.299999,174300
2019-09-19,56.500000,56.500000,55.599998,56.000000,56.000000,73024
2019-09-20,56.500000,56.500000,55.900002,56.000000,56.000000,75172
2019-09-23,56.500000,57.799999,56.299999,57.500000,57.500000,253340
2019-09-24,57.599998,57.599998,56.500000,56.599998,56.599998,148172
2019-09-25,56.500000,56.500000,55.500000,55.599998,55.599998,145100
2019-09-26,56.299999,56.799999,55.400002,55.400002,55.400002,106250
2019-09-27,55.500000,56.200001,54.200001,54.299999,54.299999,177100
2019-10-01,54.299999,54.900002,54.000000,54.099998,54.099998,109123
2019-10-02,54.200001,54.299999,53.500000,54.000000,54.000000,101444
2019-10-03,54.000000,54.400002,54.000000,54.299999,54.299999,69300
2019-10-04,54.599998,54.599998,54.099998,54.200001,54.200001,60631
2019-10-07,54.200001,54.400002,54.000000,54.099998,54.099998,36282
2019-10-08,52.700001,54.299999,52.700001,53.000000,53.000000,113253
2019-10-09,52.599998,52.700001,51.799999,52.000000,52.000000,189340
2019-10-14,52.500000,52.799999,51.799999,52.099998,52.099998,87204
2019-10-15,52.000000,52.500000,51.500000,52.500000,52.500000,105025
2019-10-16,52.900002,52.900002,51.799999,52.299999,52.299999,103050
2019-10-17,52.000000,52.000000,51.599998,51.900002,51.900002,106898
2019-10-18,52.700001,57.000000,52.700001,57.000000,57.000000,1704863
2019-10-21,57.299999,57.799999,54.900002,55.200001,55.200001,1668810
2019-10-22,55.500000,55.799999,54.599998,54.799999,54.799999,256281
2019-10-23,54.799999,57.299999,54.799999,56.000000,56.000000,861041
2019-10-24,56.099998,56.500000,55.299999,55.599998,55.599998,257218
2019-10-25,56.099998,56.099998,55.400002,55.400002,55.400002,156254
2019-10-28,56.400002,56.400002,55.299999,55.299999,55.299999,94165
2019-10-29,56.299999,56.299999,54.500000,54.599998,54.599998,155815
2019-10-30,54.900002,55.000000,54.000000,55.000000,55.000000,130789
2019-10-31,55.500000,55.500000,54.400002,54.400002,54.400002,97314
2019-11-01,54.400002,54.599998,53.900002,54.000000,54.000000,176304
2019-11-04,54.900002,56.400002,54.099998,55.799999,55.799999,440715
2019-11-05,56.099998,56.099998,55.400002,55.500000,55.500000,135044
2019-11-06,55.099998,55.599998,55.000000,55.000000,55.000000,132892
2019-11-07,55.000000,55.000000,54.099998,54.200001,54.200001,155100
2019-11-08,53.599998,54.200001,53.500000,53.599998,53.599998,119473
2019-11-11,53.599998,53.599998,52.099998,52.299999,52.299999,281376
2019-11-12,57.000000,57.000000,54.500000,54.500000,54.500000,825470
2019-11-13,54.200001,54.500000,52.799999,53.599998,53.599998,290205
2019-11-14,54.200001,55.099998,52.799999,54.299999,54.299999,344003
2019-11-15,54.500000,54.799999,53.799999,53.799999,53.799999,155349
2019-11-18,53.799999,53.799999,53.299999,53.799999,53.799999,125012
2019-11-19,54.000000,54.000000,53.299999,53.400002,53.400002,66169
2019-11-20,53.299999,53.400002,52.700001,52.900002,52.900002,153634
2019-11-21,52.599998,52.900002,52.000000,52.799999,52.799999,130259
2019-11-22,53.099998,53.099998,52.400002,52.599998,52.599998,94632
2019-11-25,53.099998,53.599998,52.700001,53.000000,53.000000,116119
2019-11-26,53.299999,53.700001,52.900002,52.900002,52.900002,104040
2019-11-27,53.299999,53.500000,52.700001,53.099998,53.099998,141634
2019-11-28,52.900002,53.000000,52.700001,52.799999,52.799999,75976
2019-11-29,53.099998,54.900002,53.099998,53.400002,53.400002,357732
2019-12-02,53.700001,53.900002,53.000000,53.000000,53.000000,196000
2019-12-03,53.000000,53.799999,53.000000,53.700001,53.700001,103150
2019-12-04,54.099998,56.400002,53.700001,55.200001,55.200001,996445
2019-12-05,55.200001,56.000000,54.700001,54.700001,54.700001,274367
2019-12-06,55.900002,60.099998,55.400002,57.200001,57.200001,5150427
2019-12-09,57.500000,58.500000,55.599998,56.099998,56.099998,1497533
2019-12-10,56.099998,58.000000,55.200001,57.299999,57.299999,1009959
2019-12-11,57.599998,58.299999,56.700001,57.700001,57.700001,704996
2019-12-12,57.900002,58.000000,56.700001,56.799999,56.799999,365652
2019-12-13,57.099998,57.099998,55.500000,55.599998,55.599998,324277
2019-12-16,55.599998,56.500000,55.599998,55.900002,55.900002,92
2019-12-17,56.000000,57.000000,55.299999,56.299999,56.299999,364450
2019-12-18,56.000000,57.099998,55.299999,55.299999,55.299999,575285
2019-12-19,55.799999,59.599998,55.599998,58.000000,58.000000,1772137
2019-12-20,58.000000,58.099998,55.799999,56.000000,56.000000,1387081
2019-12-23,56.500000,56.700001,54.700001,55.000000,55.000000,1144310
2019-12-24,55.000000,55.400002,54.700001,54.799999,54.799999,177404
2019-12-25,55.000000,55.400002,54.900002,55.000000,55.000000,122019
2019-12-26,55.599998,57.700001,55.599998,56.500000,56.500000,1303068
2019-12-27,56.400002,57.000000,56.200001,56.200001,56.200001,290810
2019-12-30,56.400002,58.200001,56.200001,57.000000,57.000000,551427
2019-12-31,57.299999,58.400002,56.900002,57.000000,57.000000,467123
2020-01-02,58.000000,58.099998,56.900002,57.000000,57.000000,265892
2020-01-03,57.500000,57.500000,55.200001,55.400002,55.400002,357100
2020-01-06,55.299999,55.900002,54.700001,55.000000,55.000000,242589
2020-01-07,55.299999,55.299999,52.799999,53.500000,53.500000,849290
2020-01-08,53.000000,53.799999,53.000000,53.200001,53.200001,129620
2020-01-09,53.400002,53.900002,53.200001,53.500000,53.500000,121075
2020-01-10,53.200001,53.900002,52.900002,53.200001,53.200001,230172
2020-01-13,53.500000,54.299999,53.200001,53.700001,53.700001,116024
2020-01-14,53.700001,54.400002,53.400002,53.700001,53.700001,109459
2020-01-15,54.099998,54.099998,53.200001,53.500000,53.500000,100443
2020-01-16,53.299999,53.700001,53.200001,53.299999,53.299999,104236
2020-01-17,53.799999,54.700001,53.500000,53.900002,53.900002,177021
2020-01-20,54.299999,54.299999,53.299999,53.500000,53.500000,155037
2020-01-30,49.000000,50.700001,48.150002,48.150002,48.150002,664353
2020-01-31,48.150002,49.049999,46.900002,47.150002,47.150002,296799
2020-02-03,43.549999,43.799999,42.450001,42.799999,42.799999,684051
2020-02-04,55.599998,55.700001,43.799999,43.799999,43.799999,306869
2020-02-05,44.500000,44.799999,43.950001,44.549999,44.549999,171480
2020-02-06,45.599998,45.599998,43.950001,44.799999,44.799999,295513
2020-02-07,44.599998,44.750000,43.400002,43.400002,43.400002,164410
2020-02-10,42.299999,42.750000,41.849998,42.400002,42.400002,180719
2020-02-11,42.799999,44.150002,42.799999,43.799999,43.799999,246028
2020-02-12,43.950001,45.549999,43.950001,45.099998,45.099998,195397
2020-02-13,45.299999,45.450001,44.000000,44.150002,44.150002,135990
2020-02-14,44.200001,44.750000,44.200001,44.400002,44.400002,47741
2020-02-17,43.500000,44.500000,43.500000,43.650002,43.650002,94800
2020-02-18,43.650002,43.950001,43.500000,43.950001,43.950001,55252
2020-02-19,44.099998,45.500000,44.099998,45.000000,45.000000,160920
2020-02-20,44.849998,45.000000,44.200001,44.500000,44.500000,99074
2020-02-21,44.200001,44.349998,44.000000,44.349998,44.349998,64040
2020-02-24,44.349998,44.349998,43.150002,43.400002,43.400002,152545
2020-02-25,42.500000,43.099998,42.000000,42.700001,42.700001,109236
2020-02-26,42.650002,43.349998,42.500000,42.849998,42.849998,74171
2020-02-27,43.000000,43.000000,41.750000,41.849998,41.849998,278112
2020-03-02,40.299999,41.450001,40.000000,41.000000,41.000000,189598
2020-03-03,41.549999,42.099998,41.200001,41.250000,41.250000,101661
2020-03-04,40.500000,41.450001,40.450001,41.250000,41.250000,134132
2020-03-05,42.000000,43.650002,42.000000,42.549999,42.549999,446433
2020-03-06,42.549999,42.849998,42.250000,42.700001,42.700001,137362
2020-03-09,41.799999,42.099998,40.250000,40.250000,40.250000,265990
2020-03-10,38.099998,39.750000,38.099998,39.750000,39.750000,296320
2020-03-11,39.750000,40.200001,38.299999,38.299999,38.299999,123216
2020-03-12,37.900002,37.900002,34.599998,34.849998,34.849998,451450
2020-03-13,31.400000,31.950001,31.400000,31.600000,31.600000,611963
2020-03-16,31.600000,31.600000,29.000000,29.350000,29.350000,302152
2020-03-17,26.900000,28.900000,26.600000,27.150000,27.150000,315182
2020-03-18,27.700001,28.049999,26.650000,26.750000,26.750000,222220
2020-03-19,25.600000,25.900000,24.100000,24.400000,24.400000,414019
2020-03-20,25.000000,26.799999,25.000000,26.799999,26.799999,168431
2020-03-23,25.850000,26.900000,25.000000,26.700001,26.700001,113106
2020-03-24,27.000000,28.750000,27.000000,28.000000,28.000000,119993
2020-03-25,29.049999,29.400000,28.500000,28.700001,28.700001,227453
2020-03-26,28.950001,29.100000,28.200001,29.000000,29.000000,95076
2020-03-27,30.000000,30.000000,28.700001,28.700001,28.700001,104100
2020-03-30,28.100000,29.350000,28.000000,29.200001,29.200001,67030
2020-03-31,29.700001,30.000000,29.000000,29.500000,29.500000,116004
2020-04-01,29.500000,29.650000,29.150000,29.600000,29.600000,62134